 X,Y, TEMPERATURE, SOOT VISIBILITY, CARBON MONOXIDE VOLUME FRACTION
 m,m, C, m, mol/mol
 0.00000E+00, 0.00000E+00, 0.13608E+03, 0.25552E+00, 0.64732E-02
 0.10000E+01, 0.00000E+00, 0.13759E+03, 0.25790E+00, 0.64373E-02
 0.20000E+01, 0.00000E+00, 0.14049E+03, 0.26047E+00, 0.64186E-02
 0.30000E+01, 0.00000E+00, 0.13902E+03, 0.26376E+00, 0.63160E-02
 0.40000E+01, 0.00000E+00, 0.13693E+03, 0.26792E+00, 0.61864E-02
 0.50000E+01, 0.00000E+00, 0.13531E+03, 0.26612E+00, 0.62036E-02
 0.60000E+01, 0.00000E+00, 0.13175E+03, 0.26815E+00, 0.61031E-02
 0.70000E+01, 0.00000E+00, 0.12794E+03, 0.27008E+00, 0.60024E-02
 0.80000E+01, 0.00000E+00, 0.22000E+02, 0.30000E+02, 0.00000E+00
 0.90000E+01, 0.00000E+00, 0.17009E+03, 0.90972E-01, 0.19693E-01
 0.10000E+02, 0.00000E+00, 0.17190E+03, 0.91882E-01, 0.19577E-01
 0.11000E+02, 0.00000E+00, 0.23294E+03, 0.12075E+00, 0.16940E-01
 0.12000E+02, 0.00000E+00, 0.21928E+03, 0.11407E+00, 0.17448E-01
 0.13000E+02, 0.00000E+00, 0.22015E+03, 0.10484E+00, 0.19019E-01
 0.14000E+02, 0.00000E+00, 0.21976E+03, 0.99981E-01, 0.19927E-01
 0.15000E+02, 0.00000E+00, 0.20931E+03, 0.96879E-01, 0.20129E-01
 0.16000E+02, 0.00000E+00, 0.19246E+03, 0.90971E-01, 0.20687E-01
 0.17000E+02, 0.00000E+00, 0.17227E+03, 0.93173E-01, 0.19322E-01
 0.18000E+02, 0.00000E+00, 0.19251E+03, 0.99169E-01, 0.18979E-01
 0.19000E+02, 0.00000E+00, 0.18319E+03, 0.97275E-01, 0.18961E-01
 0.20000E+02, 0.00000E+00, 0.18536E+03, 0.92070E-01, 0.20129E-01
 0.21000E+02, 0.00000E+00, 0.19369E+03, 0.93056E-01, 0.20277E-01
 0.22000E+02, 0.00000E+00, 0.19497E+03, 0.93685E-01, 0.20196E-01
 0.23000E+02, 0.00000E+00, 0.29039E+03, 0.15033E+00, 0.15151E-01
 0.24000E+02, 0.00000E+00, 0.27411E+03, 0.17943E+00, 0.12328E-01
 0.25000E+02, 0.00000E+00, 0.29379E+03, 0.18836E+00, 0.12166E-01
 0.26000E+02, 0.00000E+00, 0.30361E+03, 0.18187E+00, 0.12817E-01
 0.27000E+02, 0.00000E+00, 0.31590E+03, 0.17429E+00, 0.13661E-01
 0.28000E+02, 0.00000E+00, 0.31846E+03, 0.16710E+00, 0.14310E-01
 0.29000E+02, 0.00000E+00, 0.30468E+03, 0.16022E+00, 0.14577E-01
 0.30000E+02, 0.00000E+00, 0.29152E+03, 0.15613E+00, 0.14618E-01
 0.31000E+02, 0.00000E+00, 0.28748E+03, 0.15662E+00, 0.14468E-01
 0.32000E+02, 0.00000E+00, 0.26925E+03, 0.16285E+00, 0.13462E-01
 0.33000E+02, 0.00000E+00, 0.24603E+03, 0.17396E+00, 0.12063E-01
 0.34000E+02, 0.00000E+00, 0.30884E+03, 0.10141E+00, 0.23197E-01
 0.35000E+02, 0.00000E+00, 0.31376E+03, 0.96503E-01, 0.24582E-01
 0.36000E+02, 0.00000E+00, 0.31730E+03, 0.98379E-01, 0.24258E-01
 0.37000E+02, 0.00000E+00, 0.31706E+03, 0.98307E-01, 0.24266E-01
 0.38000E+02, 0.00000E+00, 0.31169E+03, 0.92801E-01, 0.25472E-01
 0.39000E+02, 0.00000E+00, 0.28235E+03, 0.83343E-01, 0.26939E-01
 0.40000E+02, 0.00000E+00, 0.35566E+03, 0.13777E+00, 0.18448E-01
 0.41000E+02, 0.00000E+00, 0.34660E+03, 0.14250E+00, 0.17579E-01
 0.42000E+02, 0.00000E+00, 0.32761E+03, 0.14266E+00, 0.17021E-01
 0.43000E+02, 0.00000E+00, 0.33813E+03, 0.14127E+00, 0.17489E-01
 0.44000E+02, 0.00000E+00, 0.37256E+03, 0.14537E+00, 0.17953E-01
 0.45000E+02, 0.00000E+00, 0.35200E+03, 0.14349E+00, 0.17610E-01
 0.46000E+02, 0.00000E+00, 0.35022E+03, 0.14201E+00, 0.17742E-01
 0.47000E+02, 0.00000E+00, 0.31632E+03, 0.15985E+00, 0.14905E-01
 0.48000E+02, 0.00000E+00, 0.31215E+03, 0.15771E+00, 0.15000E-01
 0.49000E+02, 0.00000E+00, 0.30163E+03, 0.14850E+00, 0.15644E-01
 0.50000E+02, 0.00000E+00, 0.29209E+03, 0.14257E+00, 0.16025E-01
 0.51000E+02, 0.00000E+00, 0.26112E+03, 0.14185E+00, 0.15223E-01
 0.52000E+02, 0.00000E+00, 0.55669E+03, 0.30000E+02, 0.34665E-09
 0.53000E+02, 0.00000E+00, 0.59860E+03, 0.30000E+02, 0.25175E-09
 0.54000E+02, 0.00000E+00, 0.60772E+03, 0.30000E+02, 0.33579E-09
 0.55000E+02, 0.00000E+00, 0.55648E+03, 0.30000E+02, 0.29356E-09
 0.56000E+02, 0.00000E+00, 0.56656E+03, 0.30000E+02, 0.37902E-09
 0.57000E+02, 0.00000E+00, 0.52027E+03, 0.30000E+02, 0.45926E-09
 0.58000E+02, 0.00000E+00, 0.26535E+03, 0.10731E+00, 0.20283E-01
 0.59000E+02, 0.00000E+00, 0.26479E+03, 0.10777E+00, 0.20174E-01
 0.60000E+02, 0.00000E+00, 0.25846E+03, 0.10761E+00, 0.19968E-01
 0.61000E+02, 0.00000E+00, 0.26377E+03, 0.11210E+00, 0.19358E-01
 0.62000E+02, 0.00000E+00, 0.24908E+03, 0.11609E+00, 0.18182E-01
 0.63000E+02, 0.00000E+00, 0.22000E+02, 0.30000E+02, 0.00000E+00
 0.64000E+02, 0.00000E+00, 0.20835E+03, 0.49599E+00, 0.39237E-02
 0.65000E+02, 0.00000E+00, 0.20970E+03, 0.50271E+00, 0.38821E-02
 0.00000E+00, 0.10000E+01, 0.15583E+03, 0.25283E+00, 0.68577E-02
 0.10000E+01, 0.10000E+01, 0.15560E+03, 0.25723E+00, 0.67369E-02
 0.20000E+01, 0.10000E+01, 0.14841E+03, 0.26201E+00, 0.65032E-02
 0.30000E+01, 0.10000E+01, 0.14030E+03, 0.26926E+00, 0.62061E-02
 0.40000E+01, 0.10000E+01, 0.14140E+03, 0.26738E+00, 0.62665E-02
 0.50000E+01, 0.10000E+01, 0.13773E+03, 0.26681E+00, 0.62244E-02
 0.60000E+01, 0.10000E+01, 0.13385E+03, 0.27029E+00, 0.60861E-02
 0.70000E+01, 0.10000E+01, 0.12676E+03, 0.27381E+00, 0.59032E-02
 0.80000E+01, 0.10000E+01, 0.22000E+02, 0.30000E+02, 0.00000E+00
 0.90000E+01, 0.10000E+01, 0.16694E+03, 0.89626E-01, 0.19847E-01
 0.10000E+02, 0.10000E+01, 0.18090E+03, 0.96421E-01, 0.19033E-01
 0.11000E+02, 0.10000E+01, 0.23614E+03, 0.11595E+00, 0.17752E-01
 0.12000E+02, 0.10000E+01, 0.24108E+03, 0.10782E+00, 0.19276E-01
 0.13000E+02, 0.10000E+01, 0.23838E+03, 0.10273E+00, 0.20125E-01
 0.14000E+02, 0.10000E+01, 0.22122E+03, 0.92292E-01, 0.21650E-01
 0.15000E+02, 0.10000E+01, 0.21655E+03, 0.93296E-01, 0.21215E-01
 0.16000E+02, 0.10000E+01, 0.21374E+03, 0.97464E-01, 0.20191E-01
 0.17000E+02, 0.10000E+01, 0.18341E+03, 0.95615E-01, 0.19300E-01
 0.18000E+02, 0.10000E+01, 0.20364E+03, 0.10206E+00, 0.18882E-01
 0.19000E+02, 0.10000E+01, 0.19935E+03, 0.10167E+00, 0.18783E-01
 0.20000E+02, 0.10000E+01, 0.21138E+03, 0.98571E-01, 0.19868E-01
 0.21000E+02, 0.10000E+01, 0.21927E+03, 0.99481E-01, 0.20007E-01
 0.22000E+02, 0.10000E+01, 0.21297E+03, 0.98211E-01, 0.20006E-01
 0.23000E+02, 0.10000E+01, 0.25785E+03, 0.19507E+00, 0.11002E-01
 0.24000E+02, 0.10000E+01, 0.26132E+03, 0.18535E+00, 0.11655E-01
 0.25000E+02, 0.10000E+01, 0.25437E+03, 0.19973E+00, 0.10675E-01
 0.26000E+02, 0.10000E+01, 0.24730E+03, 0.20857E+00, 0.10086E-01
 0.27000E+02, 0.10000E+01, 0.25288E+03, 0.20218E+00, 0.10516E-01
 0.28000E+02, 0.10000E+01, 0.26790E+03, 0.19032E+00, 0.11490E-01
 0.29000E+02, 0.10000E+01, 0.28489E+03, 0.17122E+00, 0.13173E-01
 0.30000E+02, 0.10000E+01, 0.26921E+03, 0.17937E+00, 0.12221E-01
 0.31000E+02, 0.10000E+01, 0.27637E+03, 0.17393E+00, 0.12770E-01
 0.32000E+02, 0.10000E+01, 0.24682E+03, 0.18017E+00, 0.11664E-01
 0.33000E+02, 0.10000E+01, 0.23845E+03, 0.17741E+00, 0.11655E-01
 0.34000E+02, 0.10000E+01, 0.31351E+03, 0.93820E-01, 0.25274E-01
 0.35000E+02, 0.10000E+01, 0.31020E+03, 0.90509E-01, 0.26051E-01
 0.36000E+02, 0.10000E+01, 0.31572E+03, 0.89213E-01, 0.26679E-01
 0.37000E+02, 0.10000E+01, 0.32073E+03, 0.89144E-01, 0.26927E-01
 0.38000E+02, 0.10000E+01, 0.31657E+03, 0.89385E-01, 0.26666E-01
 0.39000E+02, 0.10000E+01, 0.31320E+03, 0.90897E-01, 0.26073E-01
 0.40000E+02, 0.10000E+01, 0.25439E+03, 0.20122E+00, 0.10597E-01
 0.41000E+02, 0.10000E+01, 0.25644E+03, 0.20061E+00, 0.10670E-01
 0.42000E+02, 0.10000E+01, 0.26535E+03, 0.17803E+00, 0.12225E-01
 0.43000E+02, 0.10000E+01, 0.28768E+03, 0.17618E+00, 0.12866E-01
 0.44000E+02, 0.10000E+01, 0.33521E+03, 0.15440E+00, 0.15925E-01
 0.45000E+02, 0.10000E+01, 0.32913E+03, 0.15273E+00, 0.15939E-01
 0.46000E+02, 0.10000E+01, 0.32841E+03, 0.15549E+00, 0.15637E-01
 0.47000E+02, 0.10000E+01, 0.31624E+03, 0.15944E+00, 0.14941E-01
 0.48000E+02, 0.10000E+01, 0.30709E+03, 0.15177E+00, 0.15452E-01
 0.49000E+02, 0.10000E+01, 0.28151E+03, 0.15178E+00, 0.14770E-01
 0.50000E+02, 0.10000E+01, 0.27560E+03, 0.15133E+00, 0.14656E-01
 0.51000E+02, 0.10000E+01, 0.26126E+03, 0.14328E+00, 0.15076E-01
 0.52000E+02, 0.10000E+01, 0.63374E+03, 0.30000E+02, 0.28684E-09
 0.53000E+02, 0.10000E+01, 0.64351E+03, 0.30000E+02, 0.25242E-09
 0.54000E+02, 0.10000E+01, 0.74359E+03, 0.30000E+02, 0.93867E-10
 0.55000E+02, 0.10000E+01, 0.73872E+03, 0.30000E+02, 0.14116E-09
 0.56000E+02, 0.10000E+01, 0.67504E+03, 0.30000E+02, 0.27431E-09
 0.57000E+02, 0.10000E+01, 0.55917E+03, 0.30000E+02, 0.43660E-09
 0.58000E+02, 0.10000E+01, 0.27410E+03, 0.10986E+00, 0.20134E-01
 0.59000E+02, 0.10000E+01, 0.27618E+03, 0.10767E+00, 0.20622E-01
 0.60000E+02, 0.10000E+01, 0.28275E+03, 0.11811E+00, 0.19023E-01
 0.61000E+02, 0.10000E+01, 0.27684E+03, 0.12319E+00, 0.18045E-01
 0.62000E+02, 0.10000E+01, 0.26388E+03, 0.11994E+00, 0.18098E-01
 0.63000E+02, 0.10000E+01, 0.22000E+02, 0.30000E+02, 0.00000E+00
 0.64000E+02, 0.10000E+01, 0.23429E+03, 0.54866E+00, 0.37381E-02
 0.65000E+02, 0.10000E+01, 0.20850E+03, 0.49862E+00, 0.39043E-02
 0.00000E+00, 0.20000E+01, 0.16378E+03, 0.25301E+00, 0.69799E-02
 0.10000E+01, 0.20000E+01, 0.16535E+03, 0.25747E+00, 0.68836E-02
 0.20000E+01, 0.20000E+01, 0.17008E+03, 0.25920E+00, 0.69117E-02
 0.30000E+01, 0.20000E+01, 0.17185E+03, 0.25408E+00, 0.70789E-02
 0.40000E+01, 0.20000E+01, 0.16255E+03, 0.25944E+00, 0.67877E-02
 0.50000E+01, 0.20000E+01, 0.14915E+03, 0.27216E+00, 0.62714E-02
 0.60000E+01, 0.20000E+01, 0.12936E+03, 0.27921E+00, 0.58266E-02
 0.70000E+01, 0.20000E+01, 0.11783E+03, 0.27678E+00, 0.57094E-02
 0.80000E+01, 0.20000E+01, 0.22000E+02, 0.30000E+02, 0.00000E+00
 0.90000E+01, 0.20000E+01, 0.21143E+03, 0.10779E+00, 0.18170E-01
 0.10000E+02, 0.20000E+01, 0.25147E+03, 0.12847E+00, 0.16505E-01
 0.11000E+02, 0.20000E+01, 0.23421E+03, 0.11057E+00, 0.18547E-01
 0.12000E+02, 0.20000E+01, 0.24246E+03, 0.11076E+00, 0.18815E-01
 0.13000E+02, 0.20000E+01, 0.23485E+03, 0.95349E-01, 0.21534E-01
 0.14000E+02, 0.20000E+01, 0.21863E+03, 0.88040E-01, 0.22577E-01
 0.15000E+02, 0.20000E+01, 0.21480E+03, 0.89911E-01, 0.21935E-01
 0.16000E+02, 0.20000E+01, 0.21598E+03, 0.95808E-01, 0.20635E-01
 0.17000E+02, 0.20000E+01, 0.19893E+03, 0.10071E+00, 0.18945E-01
 0.18000E+02, 0.20000E+01, 0.20959E+03, 0.10399E+00, 0.18763E-01
 0.19000E+02, 0.20000E+01, 0.20907E+03, 0.10456E+00, 0.18640E-01
 0.20000E+02, 0.20000E+01, 0.22351E+03, 0.10261E+00, 0.19564E-01
 0.21000E+02, 0.20000E+01, 0.22423E+03, 0.10083E+00, 0.19938E-01
 0.22000E+02, 0.20000E+01, 0.22065E+03, 0.10037E+00, 0.19885E-01
 0.23000E+02, 0.20000E+01, 0.23262E+03, 0.25440E+00, 0.80355E-02
 0.24000E+02, 0.20000E+01, 0.23121E+03, 0.23194E+00, 0.87892E-02
 0.25000E+02, 0.20000E+01, 0.23231E+03, 0.22946E+00, 0.89034E-02
 0.26000E+02, 0.20000E+01, 0.23468E+03, 0.21427E+00, 0.95795E-02
 0.27000E+02, 0.20000E+01, 0.24910E+03, 0.20522E+00, 0.10286E-01
 0.28000E+02, 0.20000E+01, 0.25898E+03, 0.19552E+00, 0.11000E-01
 0.29000E+02, 0.20000E+01, 0.25443E+03, 0.19487E+00, 0.10943E-01
 0.30000E+02, 0.20000E+01, 0.24515E+03, 0.19752E+00, 0.10606E-01
 0.31000E+02, 0.20000E+01, 0.25122E+03, 0.18727E+00, 0.11318E-01
 0.32000E+02, 0.20000E+01, 0.24134E+03, 0.18416E+00, 0.11292E-01
 0.33000E+02, 0.20000E+01, 0.24828E+03, 0.18438E+00, 0.11431E-01
 0.34000E+02, 0.20000E+01, 0.31391E+03, 0.10133E+00, 0.23416E-01
 0.35000E+02, 0.20000E+01, 0.32141E+03, 0.94833E-01, 0.25341E-01
 0.36000E+02, 0.20000E+01, 0.31167E+03, 0.88819E-01, 0.26613E-01
 0.37000E+02, 0.20000E+01, 0.31707E+03, 0.88966E-01, 0.26814E-01
 0.38000E+02, 0.20000E+01, 0.31664E+03, 0.93140E-01, 0.25594E-01
 0.39000E+02, 0.20000E+01, 0.32335E+03, 0.95947E-01, 0.25128E-01
 0.40000E+02, 0.20000E+01, 0.24861E+03, 0.22095E+00, 0.95444E-02
 0.41000E+02, 0.20000E+01, 0.23841E+03, 0.21929E+00, 0.94286E-02
 0.42000E+02, 0.20000E+01, 0.23268E+03, 0.21626E+00, 0.94537E-02
 0.43000E+02, 0.20000E+01, 0.24183E+03, 0.21367E+00, 0.97413E-02
 0.44000E+02, 0.20000E+01, 0.25600E+03, 0.19195E+00, 0.11142E-01
 0.45000E+02, 0.20000E+01, 0.26322E+03, 0.18330E+00, 0.11827E-01
 0.46000E+02, 0.20000E+01, 0.27372E+03, 0.17279E+00, 0.12792E-01
 0.47000E+02, 0.20000E+01, 0.27941E+03, 0.16490E+00, 0.13544E-01
 0.48000E+02, 0.20000E+01, 0.27572E+03, 0.16201E+00, 0.13693E-01
 0.49000E+02, 0.20000E+01, 0.27468E+03, 0.16136E+00, 0.13722E-01
 0.50000E+02, 0.20000E+01, 0.26703E+03, 0.15321E+00, 0.14250E-01
 0.51000E+02, 0.20000E+01, 0.26130E+03, 0.14806E+00, 0.14590E-01
 0.52000E+02, 0.20000E+01, 0.66433E+03, 0.30000E+02, 0.24937E-09
 0.53000E+02, 0.20000E+01, 0.76715E+03, 0.30000E+02, 0.48000E-10
 0.54000E+02, 0.20000E+01, 0.79900E+03, 0.30000E+02, 0.25437E-10
 0.55000E+02, 0.20000E+01, 0.76826E+03, 0.30000E+02, 0.14792E-09
 0.56000E+02, 0.20000E+01, 0.65859E+03, 0.30000E+02, 0.36902E-09
 0.57000E+02, 0.20000E+01, 0.59491E+03, 0.30000E+02, 0.44078E-09
 0.58000E+02, 0.20000E+01, 0.27618E+03, 0.11126E+00, 0.19957E-01
 0.59000E+02, 0.20000E+01, 0.27475E+03, 0.11010E+00, 0.20114E-01
 0.60000E+02, 0.20000E+01, 0.28045E+03, 0.12264E+00, 0.18244E-01
 0.61000E+02, 0.20000E+01, 0.28370E+03, 0.12590E+00, 0.17877E-01
 0.62000E+02, 0.20000E+01, 0.27953E+03, 0.13393E+00, 0.16679E-01
 0.63000E+02, 0.20000E+01, 0.22000E+02, 0.30000E+02, 0.00000E+00
 0.64000E+02, 0.20000E+01, 0.33553E+03, 0.82580E+00, 0.29792E-02
 0.65000E+02, 0.20000E+01, 0.23303E+03, 0.64275E+00, 0.31831E-02
 0.00000E+00, 0.30000E+01, 0.16470E+03, 0.25587E+00, 0.69164E-02
 0.10000E+01, 0.30000E+01, 0.16278E+03, 0.26862E+00, 0.65593E-02
 0.20000E+01, 0.30000E+01, 0.17775E+03, 0.25565E+00, 0.71287E-02
 0.30000E+01, 0.30000E+01, 0.17053E+03, 0.26306E+00, 0.68171E-02
 0.40000E+01, 0.30000E+01, 0.16142E+03, 0.26551E+00, 0.66155E-02
 0.50000E+01, 0.30000E+01, 0.14930E+03, 0.27728E+00, 0.61581E-02
 0.60000E+01, 0.30000E+01, 0.13985E+03, 0.27907E+00, 0.59817E-02
 0.70000E+01, 0.30000E+01, 0.11810E+03, 0.28077E+00, 0.56322E-02
 0.80000E+01, 0.30000E+01, 0.22000E+02, 0.30000E+02, 0.00000E+00
 0.90000E+01, 0.30000E+01, 0.29630E+03, 0.14768E+00, 0.15585E-01
 0.10000E+02, 0.30000E+01, 0.28492E+03, 0.14482E+00, 0.15575E-01
 0.11000E+02, 0.30000E+01, 0.23751E+03, 0.11202E+00, 0.18425E-01
 0.12000E+02, 0.30000E+01, 0.23710E+03, 0.10314E+00, 0.19995E-01
 0.13000E+02, 0.30000E+01, 0.23004E+03, 0.92405E-01, 0.22010E-01
 0.14000E+02, 0.30000E+01, 0.21856E+03, 0.87301E-01, 0.22765E-01
 0.15000E+02, 0.30000E+01, 0.21160E+03, 0.84847E-01, 0.23092E-01
 0.16000E+02, 0.30000E+01, 0.21335E+03, 0.90407E-01, 0.21750E-01
 0.17000E+02, 0.30000E+01, 0.22647E+03, 0.11205E+00, 0.18023E-01
 0.18000E+02, 0.30000E+01, 0.22427E+03, 0.11027E+00, 0.18232E-01
 0.19000E+02, 0.30000E+01, 0.22299E+03, 0.11038E+00, 0.18168E-01
 0.20000E+02, 0.30000E+01, 0.23329E+03, 0.10617E+00, 0.19280E-01
 0.21000E+02, 0.30000E+01, 0.22566E+03, 0.10129E+00, 0.19904E-01
 0.22000E+02, 0.30000E+01, 0.23800E+03, 0.10717E+00, 0.19279E-01
 0.23000E+02, 0.30000E+01, 0.24510E+03, 0.25210E+00, 0.83091E-02
 0.24000E+02, 0.30000E+01, 0.23768E+03, 0.25085E+00, 0.82307E-02
 0.25000E+02, 0.30000E+01, 0.22535E+03, 0.25073E+00, 0.80359E-02
 0.26000E+02, 0.30000E+01, 0.22776E+03, 0.23292E+00, 0.86923E-02
 0.27000E+02, 0.30000E+01, 0.24635E+03, 0.20852E+00, 0.10070E-01
 0.28000E+02, 0.30000E+01, 0.24573E+03, 0.21095E+00, 0.99420E-02
 0.29000E+02, 0.30000E+01, 0.23776E+03, 0.21234E+00, 0.97251E-02
 0.30000E+02, 0.30000E+01, 0.24589E+03, 0.20806E+00, 0.10083E-01
 0.31000E+02, 0.30000E+01, 0.24036E+03, 0.19978E+00, 0.10389E-01
 0.32000E+02, 0.30000E+01, 0.24027E+03, 0.19039E+00, 0.10900E-01
 0.33000E+02, 0.30000E+01, 0.25461E+03, 0.18459E+00, 0.11556E-01
 0.34000E+02, 0.30000E+01, 0.30877E+03, 0.10146E+00, 0.23182E-01
 0.35000E+02, 0.30000E+01, 0.31701E+03, 0.10027E+00, 0.23789E-01
 0.36000E+02, 0.30000E+01, 0.30296E+03, 0.94155E-01, 0.24731E-01
 0.37000E+02, 0.30000E+01, 0.30741E+03, 0.96000E-01, 0.24443E-01
 0.38000E+02, 0.30000E+01, 0.32004E+03, 0.10016E+00, 0.23938E-01
 0.39000E+02, 0.30000E+01, 0.32818E+03, 0.98080E-01, 0.24780E-01
 0.40000E+02, 0.30000E+01, 0.25763E+03, 0.22529E+00, 0.95226E-02
 0.41000E+02, 0.30000E+01, 0.24659E+03, 0.21179E+00, 0.99187E-02
 0.42000E+02, 0.30000E+01, 0.22594E+03, 0.22663E+00, 0.89012E-02
 0.43000E+02, 0.30000E+01, 0.21440E+03, 0.21019E+00, 0.93750E-02
 0.44000E+02, 0.30000E+01, 0.24072E+03, 0.21546E+00, 0.96399E-02
 0.45000E+02, 0.30000E+01, 0.24361E+03, 0.20940E+00, 0.99747E-02
 0.46000E+02, 0.30000E+01, 0.25598E+03, 0.19552E+00, 0.10938E-01
 0.47000E+02, 0.30000E+01, 0.26230E+03, 0.18211E+00, 0.11884E-01
 0.48000E+02, 0.30000E+01, 0.26566E+03, 0.17510E+00, 0.12438E-01
 0.49000E+02, 0.30000E+01, 0.27105E+03, 0.16620E+00, 0.13234E-01
 0.50000E+02, 0.30000E+01, 0.25861E+03, 0.15434E+00, 0.13925E-01
 0.51000E+02, 0.30000E+01, 0.25486E+03, 0.15123E+00, 0.14112E-01
 0.52000E+02, 0.30000E+01, 0.70056E+03, 0.30000E+02, 0.17288E-09
 0.53000E+02, 0.30000E+01, 0.78525E+03, 0.30000E+02, 0.18994E-09
 0.54000E+02, 0.30000E+01, 0.77961E+03, 0.30000E+02, 0.11971E-07
 0.55000E+02, 0.30000E+01, 0.72344E+03, 0.30000E+02, 0.32509E-07
 0.56000E+02, 0.30000E+01, 0.63240E+03, 0.30000E+02, 0.81300E-09
 0.57000E+02, 0.30000E+01, 0.59827E+03, 0.30000E+02, 0.44560E-09
 0.58000E+02, 0.30000E+01, 0.27577E+03, 0.11115E+00, 0.19961E-01
 0.59000E+02, 0.30000E+01, 0.27651E+03, 0.11947E+00, 0.18596E-01
 0.60000E+02, 0.30000E+01, 0.27979E+03, 0.12533E+00, 0.17832E-01
 0.61000E+02, 0.30000E+01, 0.28260E+03, 0.12596E+00, 0.17834E-01
 0.62000E+02, 0.30000E+01, 0.28179E+03, 0.14128E+00, 0.15877E-01
 0.63000E+02, 0.30000E+01, 0.22000E+02, 0.30000E+02, 0.00000E+00
 0.64000E+02, 0.30000E+01, 0.34692E+03, 0.85912E+00, 0.29172E-02
 0.65000E+02, 0.30000E+01, 0.26794E+03, 0.69588E+00, 0.31428E-02
 0.00000E+00, 0.40000E+01, 0.16378E+03, 0.26226E+00, 0.67336E-02
 0.10000E+01, 0.40000E+01, 0.17473E+03, 0.26177E+00, 0.69154E-02
 0.20000E+01, 0.40000E+01, 0.18139E+03, 0.25628E+00, 0.71686E-02
 0.30000E+01, 0.40000E+01, 0.16577E+03, 0.27171E+00, 0.65293E-02
 0.40000E+01, 0.40000E+01, 0.16195E+03, 0.27006E+00, 0.65118E-02
 0.50000E+01, 0.40000E+01, 0.15846E+03, 0.27477E+00, 0.63489E-02
 0.60000E+01, 0.40000E+01, 0.14449E+03, 0.27965E+00, 0.60362E-02
 0.70000E+01, 0.40000E+01, 0.14038E+03, 0.27881E+00, 0.59948E-02
 0.80000E+01, 0.40000E+01, 0.22000E+02, 0.30000E+02, 0.00000E+00
 0.90000E+01, 0.40000E+01, 0.31751E+03, 0.15090E+00, 0.15821E-01
 0.10000E+02, 0.40000E+01, 0.30512E+03, 0.15075E+00, 0.15504E-01
 0.11000E+02, 0.40000E+01, 0.24678E+03, 0.11836E+00, 0.17755E-01
 0.12000E+02, 0.40000E+01, 0.23970E+03, 0.10257E+00, 0.20209E-01
 0.13000E+02, 0.40000E+01, 0.22270E+03, 0.88882E-01, 0.22548E-01
 0.14000E+02, 0.40000E+01, 0.21190E+03, 0.85590E-01, 0.22906E-01
 0.15000E+02, 0.40000E+01, 0.21408E+03, 0.83536E-01, 0.23574E-01
 0.16000E+02, 0.40000E+01, 0.20745E+03, 0.83445E-01, 0.23279E-01
 0.17000E+02, 0.40000E+01, 0.27780E+03, 0.13804E+00, 0.16132E-01
 0.18000E+02, 0.40000E+01, 0.23696E+03, 0.11527E+00, 0.17886E-01
 0.19000E+02, 0.40000E+01, 0.22905E+03, 0.11201E+00, 0.18122E-01
 0.20000E+02, 0.40000E+01, 0.23564E+03, 0.10754E+00, 0.19122E-01
 0.21000E+02, 0.40000E+01, 0.24326E+03, 0.10950E+00, 0.19061E-01
 0.22000E+02, 0.40000E+01, 0.25535E+03, 0.11521E+00, 0.18541E-01
 0.23000E+02, 0.40000E+01, 0.22804E+03, 0.25526E+00, 0.79360E-02
 0.24000E+02, 0.40000E+01, 0.26656E+03, 0.24929E+00, 0.87503E-02
 0.25000E+02, 0.40000E+01, 0.23212E+03, 0.24211E+00, 0.84353E-02
 0.26000E+02, 0.40000E+01, 0.23311E+03, 0.23219E+00, 0.88125E-02
 0.27000E+02, 0.40000E+01, 0.24268E+03, 0.21513E+00, 0.96914E-02
 0.28000E+02, 0.40000E+01, 0.23504E+03, 0.21618E+00, 0.95014E-02
 0.29000E+02, 0.40000E+01, 0.22900E+03, 0.20790E+00, 0.97626E-02
 0.30000E+02, 0.40000E+01, 0.22362E+03, 0.19756E+00, 0.10163E-01
 0.31000E+02, 0.40000E+01, 0.22416E+03, 0.19273E+00, 0.10429E-01
 0.32000E+02, 0.40000E+01, 0.23523E+03, 0.18996E+00, 0.10817E-01
 0.33000E+02, 0.40000E+01, 0.24962E+03, 0.18835E+00, 0.11218E-01
 0.34000E+02, 0.40000E+01, 0.32509E+03, 0.11079E+00, 0.21825E-01
 0.35000E+02, 0.40000E+01, 0.31891E+03, 0.10305E+00, 0.23221E-01
 0.36000E+02, 0.40000E+01, 0.30676E+03, 0.97189E-01, 0.24117E-01
 0.37000E+02, 0.40000E+01, 0.31189E+03, 0.10323E+00, 0.22907E-01
 0.38000E+02, 0.40000E+01, 0.32210E+03, 0.10164E+00, 0.23670E-01
 0.39000E+02, 0.40000E+01, 0.33551E+03, 0.98781E-01, 0.24905E-01
 0.40000E+02, 0.40000E+01, 0.27459E+03, 0.23172E+00, 0.95542E-02
 0.41000E+02, 0.40000E+01, 0.27818E+03, 0.20623E+00, 0.10806E-01
 0.42000E+02, 0.40000E+01, 0.23214E+03, 0.19730E+00, 0.10351E-01
 0.43000E+02, 0.40000E+01, 0.23140E+03, 0.19990E+00, 0.10202E-01
 0.44000E+02, 0.40000E+01, 0.23006E+03, 0.19587E+00, 0.10384E-01
 0.45000E+02, 0.40000E+01, 0.23754E+03, 0.19344E+00, 0.10671E-01
 0.46000E+02, 0.40000E+01, 0.24928E+03, 0.19437E+00, 0.10864E-01
 0.47000E+02, 0.40000E+01, 0.25688E+03, 0.18827E+00, 0.11379E-01
 0.48000E+02, 0.40000E+01, 0.25988E+03, 0.18181E+00, 0.11850E-01
 0.49000E+02, 0.40000E+01, 0.25964E+03, 0.16959E+00, 0.12698E-01
 0.50000E+02, 0.40000E+01, 0.25018E+03, 0.15501E+00, 0.13645E-01
 0.51000E+02, 0.40000E+01, 0.24287E+03, 0.15319E+00, 0.13615E-01
 0.52000E+02, 0.40000E+01, 0.71994E+03, 0.30000E+02, 0.26968E-09
 0.53000E+02, 0.40000E+01, 0.78262E+03, 0.30000E+02, 0.18765E-07
 0.54000E+02, 0.40000E+01, 0.75699E+03, 0.30000E+02, 0.35262E-06
 0.55000E+02, 0.40000E+01, 0.69986E+03, 0.30000E+02, 0.14591E-06
 0.56000E+02, 0.40000E+01, 0.65111E+03, 0.30000E+02, 0.32320E-08
 0.57000E+02, 0.40000E+01, 0.59713E+03, 0.30000E+02, 0.43644E-09
 0.58000E+02, 0.40000E+01, 0.27781E+03, 0.11706E+00, 0.19024E-01
 0.59000E+02, 0.40000E+01, 0.27627E+03, 0.11983E+00, 0.18533E-01
 0.60000E+02, 0.40000E+01, 0.28372E+03, 0.12637E+00, 0.17810E-01
 0.61000E+02, 0.40000E+01, 0.28652E+03, 0.12870E+00, 0.17576E-01
 0.62000E+02, 0.40000E+01, 0.28053E+03, 0.13721E+00, 0.16311E-01
 0.63000E+02, 0.40000E+01, 0.22000E+02, 0.30000E+02, 0.00000E+00
 0.64000E+02, 0.40000E+01, 0.33879E+03, 0.82174E+00, 0.30099E-02
 0.65000E+02, 0.40000E+01, 0.29957E+03, 0.73545E+00, 0.31475E-02
 0.00000E+00, 0.50000E+01, 0.16900E+03, 0.26474E+00, 0.67504E-02
 0.10000E+01, 0.50000E+01, 0.18323E+03, 0.25752E+00, 0.71630E-02
 0.20000E+01, 0.50000E+01, 0.17818E+03, 0.26430E+00, 0.69020E-02
 0.30000E+01, 0.50000E+01, 0.17343E+03, 0.26721E+00, 0.67550E-02
 0.40000E+01, 0.50000E+01, 0.17755E+03, 0.26412E+00, 0.68970E-02
 0.50000E+01, 0.50000E+01, 0.16866E+03, 0.27336E+00, 0.65325E-02
 0.60000E+01, 0.50000E+01, 0.15546E+03, 0.27796E+00, 0.62324E-02
 0.70000E+01, 0.50000E+01, 0.14483E+03, 0.27761E+00, 0.60856E-02
 0.80000E+01, 0.50000E+01, 0.22000E+02, 0.30000E+02, 0.00000E+00
 0.90000E+01, 0.50000E+01, 0.31673E+03, 0.14863E+00, 0.16041E-01
 0.10000E+02, 0.50000E+01, 0.30029E+03, 0.14177E+00, 0.16349E-01
 0.11000E+02, 0.50000E+01, 0.26164E+03, 0.13581E+00, 0.15916E-01
 0.12000E+02, 0.50000E+01, 0.24109E+03, 0.10334E+00, 0.20112E-01
 0.13000E+02, 0.50000E+01, 0.23175E+03, 0.97317E-01, 0.20970E-01
 0.14000E+02, 0.50000E+01, 0.21476E+03, 0.95494E-01, 0.20651E-01
 0.15000E+02, 0.50000E+01, 0.20653E+03, 0.89519E-01, 0.21658E-01
 0.16000E+02, 0.50000E+01, 0.20286E+03, 0.82735E-01, 0.23254E-01
 0.17000E+02, 0.50000E+01, 0.30934E+03, 0.15732E+00, 0.14965E-01
 0.18000E+02, 0.50000E+01, 0.23878E+03, 0.11595E+00, 0.17844E-01
 0.19000E+02, 0.50000E+01, 0.21420E+03, 0.10551E+00, 0.18669E-01
 0.20000E+02, 0.50000E+01, 0.22621E+03, 0.10443E+00, 0.19327E-01
 0.21000E+02, 0.50000E+01, 0.27689E+03, 0.12666E+00, 0.17553E-01
 0.22000E+02, 0.50000E+01, 0.27816E+03, 0.12687E+00, 0.17563E-01
 0.23000E+02, 0.50000E+01, 0.26336E+03, 0.26542E+00, 0.81698E-02
 0.24000E+02, 0.50000E+01, 0.32328E+03, 0.25094E+00, 0.96065E-02
 0.25000E+02, 0.50000E+01, 0.25346E+03, 0.23775E+00, 0.89525E-02
 0.26000E+02, 0.50000E+01, 0.23720E+03, 0.22642E+00, 0.91103E-02
 0.27000E+02, 0.50000E+01, 0.23082E+03, 0.21717E+00, 0.93794E-02
 0.28000E+02, 0.50000E+01, 0.23344E+03, 0.21458E+00, 0.95418E-02
 0.29000E+02, 0.50000E+01, 0.22300E+03, 0.19884E+00, 0.10085E-01
 0.30000E+02, 0.50000E+01, 0.22263E+03, 0.19399E+00, 0.10330E-01
 0.31000E+02, 0.50000E+01, 0.21937E+03, 0.19233E+00, 0.10350E-01
 0.32000E+02, 0.50000E+01, 0.22810E+03, 0.19192E+00, 0.10556E-01
 0.33000E+02, 0.50000E+01, 0.23501E+03, 0.19150E+00, 0.10726E-01
 0.34000E+02, 0.50000E+01, 0.32845E+03, 0.11513E+00, 0.21119E-01
 0.35000E+02, 0.50000E+01, 0.32075E+03, 0.10340E+00, 0.23215E-01
 0.36000E+02, 0.50000E+01, 0.32431E+03, 0.10085E+00, 0.23944E-01
 0.37000E+02, 0.50000E+01, 0.32504E+03, 0.10246E+00, 0.23598E-01
 0.38000E+02, 0.50000E+01, 0.32342E+03, 0.10297E+00, 0.23416E-01
 0.39000E+02, 0.50000E+01, 0.34770E+03, 0.10029E+00, 0.25021E-01
 0.40000E+02, 0.50000E+01, 0.32122E+03, 0.24924E+00, 0.96388E-02
 0.41000E+02, 0.50000E+01, 0.32730E+03, 0.21622E+00, 0.11224E-01
 0.42000E+02, 0.50000E+01, 0.26114E+03, 0.19500E+00, 0.11075E-01
 0.43000E+02, 0.50000E+01, 0.23965E+03, 0.18552E+00, 0.11172E-01
 0.44000E+02, 0.50000E+01, 0.24401E+03, 0.18489E+00, 0.11306E-01
 0.45000E+02, 0.50000E+01, 0.24782E+03, 0.18399E+00, 0.11444E-01
 0.46000E+02, 0.50000E+01, 0.24735E+03, 0.18144E+00, 0.11595E-01
 0.47000E+02, 0.50000E+01, 0.25009E+03, 0.17886E+00, 0.11824E-01
 0.48000E+02, 0.50000E+01, 0.25188E+03, 0.17657E+00, 0.12019E-01
 0.49000E+02, 0.50000E+01, 0.24736E+03, 0.17116E+00, 0.12291E-01
 0.50000E+02, 0.50000E+01, 0.24074E+03, 0.15830E+00, 0.13121E-01
 0.51000E+02, 0.50000E+01, 0.23055E+03, 0.15456E+00, 0.13172E-01
 0.52000E+02, 0.50000E+01, 0.67740E+03, 0.30000E+02, 0.22888E-07
 0.53000E+02, 0.50000E+01, 0.76096E+03, 0.30000E+02, 0.93077E-05
 0.54000E+02, 0.50000E+01, 0.65242E+03, 0.30000E+02, 0.84121E-05
 0.55000E+02, 0.50000E+01, 0.57740E+03, 0.30000E+02, 0.36302E-06
 0.56000E+02, 0.50000E+01, 0.55993E+03, 0.30000E+02, 0.38112E-08
 0.57000E+02, 0.50000E+01, 0.58865E+03, 0.30000E+02, 0.45518E-09
 0.58000E+02, 0.50000E+01, 0.27114E+03, 0.11384E+00, 0.19325E-01
 0.59000E+02, 0.50000E+01, 0.27897E+03, 0.12424E+00, 0.17962E-01
 0.60000E+02, 0.50000E+01, 0.28450E+03, 0.12271E+00, 0.18368E-01
 0.61000E+02, 0.50000E+01, 0.28775E+03, 0.12486E+00, 0.18157E-01
 0.62000E+02, 0.50000E+01, 0.27931E+03, 0.12769E+00, 0.17487E-01
 0.63000E+02, 0.50000E+01, 0.22000E+02, 0.30000E+02, 0.00000E+00
 0.64000E+02, 0.50000E+01, 0.32982E+03, 0.79953E+00, 0.30481E-02
 0.65000E+02, 0.50000E+01, 0.30029E+03, 0.75212E+00, 0.30816E-02
 0.00000E+00, 0.60000E+01, 0.18656E+03, 0.25439E+00, 0.73039E-02
 0.10000E+01, 0.60000E+01, 0.18427E+03, 0.26028E+00, 0.71032E-02
 0.20000E+01, 0.60000E+01, 0.17853E+03, 0.26644E+00, 0.68520E-02
 0.30000E+01, 0.60000E+01, 0.18387E+03, 0.26456E+00, 0.69821E-02
 0.40000E+01, 0.60000E+01, 0.18305E+03, 0.26559E+00, 0.69427E-02
 0.50000E+01, 0.60000E+01, 0.16711E+03, 0.28212E+00, 0.63074E-02
 0.60000E+01, 0.60000E+01, 0.16028E+03, 0.28113E+00, 0.62314E-02
 0.70000E+01, 0.60000E+01, 0.14645E+03, 0.28042E+00, 0.60479E-02
 0.80000E+01, 0.60000E+01, 0.22000E+02, 0.30000E+02, 0.00000E+00
 0.90000E+01, 0.60000E+01, 0.33686E+03, 0.15929E+00, 0.15478E-01
 0.10000E+02, 0.60000E+01, 0.30067E+03, 0.13855E+00, 0.16740E-01
 0.11000E+02, 0.60000E+01, 0.26689E+03, 0.13875E+00, 0.15731E-01
 0.12000E+02, 0.60000E+01, 0.24527E+03, 0.11736E+00, 0.17855E-01
 0.13000E+02, 0.60000E+01, 0.24640E+03, 0.11826E+00, 0.17758E-01
 0.14000E+02, 0.60000E+01, 0.24226E+03, 0.12866E+00, 0.16191E-01
 0.15000E+02, 0.60000E+01, 0.24601E+03, 0.13065E+00, 0.16061E-01
 0.16000E+02, 0.60000E+01, 0.23021E+03, 0.12446E+00, 0.16347E-01
 0.17000E+02, 0.60000E+01, 0.36857E+03, 0.18658E+00, 0.13901E-01
 0.18000E+02, 0.60000E+01, 0.34567E+03, 0.17618E+00, 0.14196E-01
 0.19000E+02, 0.60000E+01, 0.22539E+02, 0.30000E+02, 0.00000E+00
 0.20000E+02, 0.60000E+01, 0.23507E+02, 0.30000E+02, 0.00000E+00
 0.21000E+02, 0.60000E+01, 0.40234E+03, 0.20355E+00, 0.13413E-01
 0.22000E+02, 0.60000E+01, 0.38741E+03, 0.21196E+00, 0.12596E-01
 0.23000E+02, 0.60000E+01, 0.31872E+03, 0.27564E+00, 0.86788E-02
 0.24000E+02, 0.60000E+01, 0.38540E+03, 0.26510E+00, 0.10041E-01
 0.25000E+02, 0.60000E+01, 0.32828E+03, 0.24917E+00, 0.97558E-02
 0.26000E+02, 0.60000E+01, 0.23463E+03, 0.22120E+00, 0.92784E-02
 0.27000E+02, 0.60000E+01, 0.24105E+03, 0.21480E+00, 0.96753E-02
 0.28000E+02, 0.60000E+01, 0.23952E+03, 0.20165E+00, 0.10276E-01
 0.29000E+02, 0.60000E+01, 0.21713E+03, 0.19649E+00, 0.10085E-01
 0.30000E+02, 0.60000E+01, 0.20909E+03, 0.19416E+00, 0.10039E-01
 0.31000E+02, 0.60000E+01, 0.21188E+03, 0.19316E+00, 0.10149E-01
 0.32000E+02, 0.60000E+01, 0.21673E+03, 0.19239E+00, 0.10292E-01
 0.33000E+02, 0.60000E+01, 0.24398E+03, 0.19027E+00, 0.10985E-01
 0.34000E+02, 0.60000E+01, 0.35118E+03, 0.15213E+00, 0.16587E-01
 0.35000E+02, 0.60000E+01, 0.33482E+03, 0.11800E+00, 0.20825E-01
 0.36000E+02, 0.60000E+01, 0.32768E+03, 0.10714E+00, 0.22666E-01
 0.37000E+02, 0.60000E+01, 0.33145E+03, 0.10876E+00, 0.22469E-01
 0.38000E+02, 0.60000E+01, 0.33521E+03, 0.10915E+00, 0.22528E-01
 0.39000E+02, 0.60000E+01, 0.35579E+03, 0.10715E+00, 0.23725E-01
 0.40000E+02, 0.60000E+01, 0.39120E+03, 0.26045E+00, 0.10310E-01
 0.41000E+02, 0.60000E+01, 0.38788E+03, 0.22893E+00, 0.11671E-01
 0.42000E+02, 0.60000E+01, 0.29971E+03, 0.20329E+00, 0.11389E-01
 0.43000E+02, 0.60000E+01, 0.24811E+03, 0.18320E+00, 0.11500E-01
 0.44000E+02, 0.60000E+01, 0.24552E+03, 0.18179E+00, 0.11532E-01
 0.45000E+02, 0.60000E+01, 0.24619E+03, 0.17824E+00, 0.11777E-01
 0.46000E+02, 0.60000E+01, 0.25366E+03, 0.17768E+00, 0.11984E-01
 0.47000E+02, 0.60000E+01, 0.24823E+03, 0.16690E+00, 0.12626E-01
 0.48000E+02, 0.60000E+01, 0.23754E+03, 0.15943E+00, 0.12947E-01
 0.49000E+02, 0.60000E+01, 0.23561E+03, 0.15801E+00, 0.13014E-01
 0.50000E+02, 0.60000E+01, 0.23617E+03, 0.15732E+00, 0.13086E-01
 0.51000E+02, 0.60000E+01, 0.21952E+03, 0.15263E+00, 0.13046E-01
 0.52000E+02, 0.60000E+01, 0.68689E+03, 0.30000E+02, 0.11908E-05
 0.53000E+02, 0.60000E+01, 0.71545E+03, 0.30000E+02, 0.95293E-04
 0.54000E+02, 0.60000E+01, 0.58755E+03, 0.30000E+02, 0.37189E-04
 0.55000E+02, 0.60000E+01, 0.56318E+03, 0.30000E+02, 0.17505E-06
 0.56000E+02, 0.60000E+01, 0.56494E+03, 0.30000E+02, 0.40177E-08
 0.57000E+02, 0.60000E+01, 0.56759E+03, 0.30000E+02, 0.44755E-09
 0.58000E+02, 0.60000E+01, 0.29374E+03, 0.14124E+00, 0.16222E-01
 0.59000E+02, 0.60000E+01, 0.28384E+03, 0.12182E+00, 0.18480E-01
 0.60000E+02, 0.60000E+01, 0.28426E+03, 0.12568E+00, 0.17927E-01
 0.61000E+02, 0.60000E+01, 0.28816E+03, 0.14414E+00, 0.15740E-01
 0.62000E+02, 0.60000E+01, 0.28462E+03, 0.13654E+00, 0.16511E-01
 0.63000E+02, 0.60000E+01, 0.22000E+02, 0.30000E+02, 0.00000E+00
 0.64000E+02, 0.60000E+01, 0.36359E+03, 0.87872E+00, 0.29288E-02
 0.65000E+02, 0.60000E+01, 0.36555E+03, 0.88357E+00, 0.29217E-02
 0.00000E+00, 0.70000E+01, 0.19026E+03, 0.25429E+00, 0.73657E-02
 0.10000E+01, 0.70000E+01, 0.18608E+03, 0.26009E+00, 0.71365E-02
 0.20000E+01, 0.70000E+01, 0.17297E+03, 0.28182E+00, 0.63982E-02
 0.30000E+01, 0.70000E+01, 0.18267E+03, 0.27743E+00, 0.66408E-02
 0.40000E+01, 0.70000E+01, 0.19119E+03, 0.26346E+00, 0.71236E-02
 0.50000E+01, 0.70000E+01, 0.17801E+03, 0.27566E+00, 0.66152E-02
 0.60000E+01, 0.70000E+01, 0.16352E+03, 0.28277E+00, 0.62416E-02
 0.70000E+01, 0.70000E+01, 0.14576E+03, 0.28641E+00, 0.59116E-02
 0.80000E+01, 0.70000E+01, 0.22000E+02, 0.30000E+02, 0.00000E+00
 0.90000E+01, 0.70000E+01, 0.36496E+03, 0.16821E+00, 0.15332E-01
 0.10000E+02, 0.70000E+01, 0.34041E+03, 0.16476E+00, 0.15052E-01
 0.11000E+02, 0.70000E+01, 0.26074E+03, 0.13573E+00, 0.15898E-01
 0.12000E+02, 0.70000E+01, 0.27283E+03, 0.13651E+00, 0.16166E-01
 0.13000E+02, 0.70000E+01, 0.27551E+03, 0.13862E+00, 0.15997E-01
 0.14000E+02, 0.70000E+01, 0.27147E+03, 0.14254E+00, 0.15443E-01
 0.15000E+02, 0.70000E+01, 0.25053E+03, 0.13336E+00, 0.15872E-01
 0.16000E+02, 0.70000E+01, 0.22970E+03, 0.12439E+00, 0.16340E-01
 0.17000E+02, 0.70000E+01, 0.38464E+03, 0.19195E+00, 0.13851E-01
 0.18000E+02, 0.70000E+01, 0.35204E+03, 0.17905E+00, 0.14113E-01
 0.19000E+02, 0.70000E+01, 0.23684E+02, 0.30000E+02, 0.00000E+00
 0.20000E+02, 0.70000E+01, 0.23647E+02, 0.30000E+02, 0.00000E+00
 0.21000E+02, 0.70000E+01, 0.44565E+03, 0.25094E+00, 0.11578E-01
 0.22000E+02, 0.70000E+01, 0.40665E+03, 0.24747E+00, 0.11103E-01
 0.23000E+02, 0.70000E+01, 0.43057E+03, 0.27813E+00, 0.10227E-01
 0.24000E+02, 0.70000E+01, 0.40669E+03, 0.26122E+00, 0.10519E-01
 0.25000E+02, 0.70000E+01, 0.35917E+03, 0.25212E+00, 0.10137E-01
 0.26000E+02, 0.70000E+01, 0.23701E+03, 0.21331E+00, 0.96664E-02
 0.27000E+02, 0.70000E+01, 0.23872E+03, 0.20067E+00, 0.10310E-01
 0.28000E+02, 0.70000E+01, 0.25414E+03, 0.18963E+00, 0.11239E-01
 0.29000E+02, 0.70000E+01, 0.24094E+03, 0.19458E+00, 0.10679E-01
 0.30000E+02, 0.70000E+01, 0.21607E+03, 0.19407E+00, 0.10189E-01
 0.31000E+02, 0.70000E+01, 0.21522E+03, 0.19332E+00, 0.10210E-01
 0.32000E+02, 0.70000E+01, 0.22296E+03, 0.19337E+00, 0.10370E-01
 0.33000E+02, 0.70000E+01, 0.23152E+03, 0.18920E+00, 0.10781E-01
 0.34000E+02, 0.70000E+01, 0.42557E+03, 0.19912E+00, 0.14183E-01
 0.35000E+02, 0.70000E+01, 0.33894E+03, 0.14048E+00, 0.17611E-01
 0.36000E+02, 0.70000E+01, 0.33967E+03, 0.11861E+00, 0.20882E-01
 0.37000E+02, 0.70000E+01, 0.33244E+03, 0.11364E+00, 0.21539E-01
 0.38000E+02, 0.70000E+01, 0.33157E+03, 0.11392E+00, 0.21455E-01
 0.39000E+02, 0.70000E+01, 0.33092E+03, 0.10721E+00, 0.22774E-01
 0.40000E+02, 0.70000E+01, 0.56775E+03, 0.21839E+00, 0.15563E-01
 0.41000E+02, 0.70000E+01, 0.45420E+03, 0.23819E+00, 0.12342E-01
 0.42000E+02, 0.70000E+01, 0.31523E+03, 0.19339E+00, 0.12297E-01
 0.43000E+02, 0.70000E+01, 0.24862E+03, 0.17774E+00, 0.11865E-01
 0.44000E+02, 0.70000E+01, 0.24443E+03, 0.16863E+00, 0.12406E-01
 0.45000E+02, 0.70000E+01, 0.24424E+03, 0.16774E+00, 0.12467E-01
 0.46000E+02, 0.70000E+01, 0.24503E+03, 0.16523E+00, 0.12676E-01
 0.47000E+02, 0.70000E+01, 0.23779E+03, 0.15917E+00, 0.12974E-01
 0.48000E+02, 0.70000E+01, 0.22293E+03, 0.15323E+00, 0.13085E-01
 0.49000E+02, 0.70000E+01, 0.21359E+03, 0.15395E+00, 0.12778E-01
 0.50000E+02, 0.70000E+01, 0.21413E+03, 0.14862E+00, 0.13252E-01
 0.51000E+02, 0.70000E+01, 0.20905E+03, 0.14739E+00, 0.13223E-01
 0.52000E+02, 0.70000E+01, 0.65250E+03, 0.30000E+02, 0.34292E-04
 0.53000E+02, 0.70000E+01, 0.63618E+03, 0.30000E+02, 0.11788E-03
 0.54000E+02, 0.70000E+01, 0.56879E+03, 0.30000E+02, 0.10970E-04
 0.55000E+02, 0.70000E+01, 0.53921E+03, 0.30000E+02, 0.14041E-06
 0.56000E+02, 0.70000E+01, 0.50533E+03, 0.30000E+02, 0.20853E-06
 0.57000E+02, 0.70000E+01, 0.53159E+03, 0.30000E+02, 0.63314E-09
 0.58000E+02, 0.70000E+01, 0.33793E+03, 0.23642E+00, 0.10447E-01
 0.59000E+02, 0.70000E+01, 0.32046E+03, 0.20097E+00, 0.11938E-01
 0.60000E+02, 0.70000E+01, 0.29092E+03, 0.16024E+00, 0.14228E-01
 0.61000E+02, 0.70000E+01, 0.28492E+03, 0.16938E+00, 0.13317E-01
 0.62000E+02, 0.70000E+01, 0.27918E+03, 0.14911E+00, 0.14972E-01
 0.63000E+02, 0.70000E+01, 0.22000E+02, 0.30000E+02, 0.00000E+00
 0.64000E+02, 0.70000E+01, 0.37153E+03, 0.89406E+00, 0.29145E-02
 0.65000E+02, 0.70000E+01, 0.37316E+03, 0.89433E+00, 0.29209E-02
 0.00000E+00, 0.80000E+01, 0.19231E+03, 0.27063E+00, 0.69515E-02
 0.10000E+01, 0.80000E+01, 0.18046E+03, 0.28195E+00, 0.65026E-02
 0.20000E+01, 0.80000E+01, 0.17362E+03, 0.28884E+00, 0.62518E-02
 0.30000E+01, 0.80000E+01, 0.21749E+03, 0.25076E+00, 0.79081E-02
 0.40000E+01, 0.80000E+01, 0.22298E+03, 0.24759E+00, 0.80991E-02
 0.50000E+01, 0.80000E+01, 0.20625E+03, 0.26326E+00, 0.73601E-02
 0.60000E+01, 0.80000E+01, 0.18217E+03, 0.28043E+00, 0.65626E-02
 0.70000E+01, 0.80000E+01, 0.15359E+03, 0.28374E+00, 0.60789E-02
 0.80000E+01, 0.80000E+01, 0.22000E+02, 0.30000E+02, 0.00000E+00
 0.90000E+01, 0.80000E+01, 0.37001E+03, 0.17022E+00, 0.15272E-01
 0.10000E+02, 0.80000E+01, 0.38161E+03, 0.20689E+00, 0.12792E-01
 0.11000E+02, 0.80000E+01, 0.38153E+03, 0.21366E+00, 0.12385E-01
 0.12000E+02, 0.80000E+01, 0.38328E+03, 0.21539E+00, 0.12318E-01
 0.13000E+02, 0.80000E+01, 0.38891E+03, 0.21010E+00, 0.12737E-01
 0.14000E+02, 0.80000E+01, 0.40632E+03, 0.19971E+00, 0.13752E-01
 0.15000E+02, 0.80000E+01, 0.41688E+03, 0.20583E+00, 0.13550E-01
 0.16000E+02, 0.80000E+01, 0.41477E+03, 0.20957E+00, 0.13268E-01
 0.17000E+02, 0.80000E+01, 0.42661E+03, 0.20802E+00, 0.13596E-01
 0.18000E+02, 0.80000E+01, 0.49202E+03, 0.20710E+00, 0.14934E-01
 0.19000E+02, 0.80000E+01, 0.52110E+03, 0.20452E+00, 0.15696E-01
 0.20000E+02, 0.80000E+01, 0.55501E+03, 0.22793E+00, 0.14686E-01
 0.21000E+02, 0.80000E+01, 0.45965E+03, 0.27039E+00, 0.10954E-01
 0.22000E+02, 0.80000E+01, 0.38948E+03, 0.26898E+00, 0.99569E-02
 0.23000E+02, 0.80000E+01, 0.38143E+03, 0.25822E+00, 0.10246E-01
 0.24000E+02, 0.80000E+01, 0.38197E+03, 0.24730E+00, 0.10707E-01
 0.25000E+02, 0.80000E+01, 0.39360E+03, 0.23496E+00, 0.11470E-01
 0.26000E+02, 0.80000E+01, 0.40736E+03, 0.22546E+00, 0.12199E-01
 0.27000E+02, 0.80000E+01, 0.42633E+03, 0.23119E+00, 0.12229E-01
 0.28000E+02, 0.80000E+01, 0.43892E+03, 0.21701E+00, 0.13262E-01
 0.29000E+02, 0.80000E+01, 0.45655E+03, 0.22232E+00, 0.13266E-01
 0.30000E+02, 0.80000E+01, 0.47913E+03, 0.23992E+00, 0.12673E-01
 0.31000E+02, 0.80000E+01, 0.49519E+03, 0.23130E+00, 0.13426E-01
 0.32000E+02, 0.80000E+01, 0.48682E+03, 0.21048E+00, 0.14593E-01
 0.33000E+02, 0.80000E+01, 0.49454E+03, 0.21567E+00, 0.14387E-01
 0.34000E+02, 0.80000E+01, 0.47610E+03, 0.21266E+00, 0.14240E-01
 0.35000E+02, 0.80000E+01, 0.45525E+03, 0.22398E+00, 0.13144E-01
 0.36000E+02, 0.80000E+01, 0.48769E+03, 0.24870E+00, 0.12365E-01
 0.37000E+02, 0.80000E+01, 0.49818E+03, 0.26004E+00, 0.11989E-01
 0.38000E+02, 0.80000E+01, 0.48600E+03, 0.26688E+00, 0.11497E-01
 0.39000E+02, 0.80000E+01, 0.47928E+03, 0.24937E+00, 0.12195E-01
 0.40000E+02, 0.80000E+01, 0.50411E+03, 0.25212E+00, 0.12461E-01
 0.41000E+02, 0.80000E+01, 0.50686E+03, 0.24994E+00, 0.12613E-01
 0.42000E+02, 0.80000E+01, 0.47560E+03, 0.23272E+00, 0.13004E-01
 0.43000E+02, 0.80000E+01, 0.47043E+03, 0.26322E+00, 0.11418E-01
 0.44000E+02, 0.80000E+01, 0.46146E+03, 0.28018E+00, 0.10597E-01
 0.45000E+02, 0.80000E+01, 0.45884E+03, 0.28156E+00, 0.10508E-01
 0.46000E+02, 0.80000E+01, 0.45192E+03, 0.37075E+00, 0.79045E-02
 0.47000E+02, 0.80000E+01, 0.45232E+03, 0.45269E+00, 0.64773E-02
 0.48000E+02, 0.80000E+01, 0.42388E+03, 0.44180E+00, 0.63768E-02
 0.49000E+02, 0.80000E+01, 0.41811E+03, 0.41695E+00, 0.67010E-02
 0.50000E+02, 0.80000E+01, 0.41917E+03, 0.44472E+00, 0.62921E-02
 0.51000E+02, 0.80000E+01, 0.45352E+03, 0.60552E+00, 0.48505E-02
 0.52000E+02, 0.80000E+01, 0.49166E+03, 0.84109E+00, 0.36753E-02
 0.53000E+02, 0.80000E+01, 0.44876E+03, 0.64158E+00, 0.45479E-02
 0.54000E+02, 0.80000E+01, 0.43867E+03, 0.60599E+00, 0.47477E-02
 0.55000E+02, 0.80000E+01, 0.44599E+03, 0.59078E+00, 0.49200E-02
 0.56000E+02, 0.80000E+01, 0.43839E+03, 0.57368E+00, 0.50131E-02
 0.57000E+02, 0.80000E+01, 0.41902E+03, 0.58259E+00, 0.48020E-02
 0.58000E+02, 0.80000E+01, 0.40606E+03, 0.61388E+00, 0.44720E-02
 0.59000E+02, 0.80000E+01, 0.39462E+03, 0.68491E+00, 0.39407E-02
 0.60000E+02, 0.80000E+01, 0.39410E+03, 0.70559E+00, 0.38222E-02
 0.61000E+02, 0.80000E+01, 0.37571E+03, 0.78752E+00, 0.33301E-02
 0.62000E+02, 0.80000E+01, 0.36593E+03, 0.82614E+00, 0.31267E-02
 0.63000E+02, 0.80000E+01, 0.36953E+03, 0.89686E+00, 0.28963E-02
 0.64000E+02, 0.80000E+01, 0.37335E+03, 0.87735E+00, 0.29784E-02
 0.65000E+02, 0.80000E+01, 0.38355E+03, 0.90041E+00, 0.29478E-02
 0.00000E+00, 0.90000E+01, 0.19023E+03, 0.29054E+00, 0.64463E-02
 0.10000E+01, 0.90000E+01, 0.18340E+03, 0.29336E+00, 0.62901E-02
 0.20000E+01, 0.90000E+01, 0.21028E+03, 0.25900E+00, 0.75443E-02
 0.30000E+01, 0.90000E+01, 0.23882E+03, 0.23866E+00, 0.86702E-02
 0.40000E+01, 0.90000E+01, 0.22909E+03, 0.26298E+00, 0.77191E-02
 0.50000E+01, 0.90000E+01, 0.21159E+03, 0.27375E+00, 0.71570E-02
 0.60000E+01, 0.90000E+01, 0.20193E+03, 0.27919E+00, 0.68777E-02
 0.70000E+01, 0.90000E+01, 0.17587E+03, 0.27741E+00, 0.65422E-02
 0.80000E+01, 0.90000E+01, 0.22000E+02, 0.30000E+02, 0.00000E+00
 0.90000E+01, 0.90000E+01, 0.38603E+03, 0.17814E+00, 0.14956E-01
 0.10000E+02, 0.90000E+01, 0.38968E+03, 0.21740E+00, 0.12323E-01
 0.11000E+02, 0.90000E+01, 0.39052E+03, 0.22632E+00, 0.11853E-01
 0.12000E+02, 0.90000E+01, 0.39309E+03, 0.23165E+00, 0.11624E-01
 0.13000E+02, 0.90000E+01, 0.39465E+03, 0.23455E+00, 0.11508E-01
 0.14000E+02, 0.90000E+01, 0.41248E+03, 0.23600E+00, 0.11742E-01
 0.15000E+02, 0.90000E+01, 0.44112E+03, 0.21333E+00, 0.13533E-01
 0.16000E+02, 0.90000E+01, 0.44206E+03, 0.21408E+00, 0.13503E-01
 0.17000E+02, 0.90000E+01, 0.43027E+03, 0.22459E+00, 0.12659E-01
 0.18000E+02, 0.90000E+01, 0.45851E+03, 0.21990E+00, 0.13448E-01
 0.19000E+02, 0.90000E+01, 0.51309E+03, 0.21853E+00, 0.14542E-01
 0.20000E+02, 0.90000E+01, 0.54406E+03, 0.24200E+00, 0.13649E-01
 0.21000E+02, 0.90000E+01, 0.53828E+03, 0.26506E+00, 0.12373E-01
 0.22000E+02, 0.90000E+01, 0.49395E+03, 0.27156E+00, 0.11417E-01
 0.23000E+02, 0.90000E+01, 0.43599E+03, 0.30572E+00, 0.93752E-02
 0.24000E+02, 0.90000E+01, 0.39600E+03, 0.29941E+00, 0.90329E-02
 0.25000E+02, 0.90000E+01, 0.39548E+03, 0.29820E+00, 0.90629E-02
 0.26000E+02, 0.90000E+01, 0.40770E+03, 0.30005E+00, 0.91714E-02
 0.27000E+02, 0.90000E+01, 0.42932E+03, 0.28159E+00, 0.10083E-01
 0.28000E+02, 0.90000E+01, 0.44546E+03, 0.27883E+00, 0.10417E-01
 0.29000E+02, 0.90000E+01, 0.45740E+03, 0.30580E+00, 0.96558E-02
 0.30000E+02, 0.90000E+01, 0.49112E+03, 0.34214E+00, 0.90287E-02
 0.31000E+02, 0.90000E+01, 0.52616E+03, 0.32029E+00, 0.10087E-01
 0.32000E+02, 0.90000E+01, 0.53804E+03, 0.23773E+00, 0.13792E-01
 0.33000E+02, 0.90000E+01, 0.53224E+03, 0.23722E+00, 0.13722E-01
 0.34000E+02, 0.90000E+01, 0.52731E+03, 0.22899E+00, 0.14129E-01
 0.35000E+02, 0.90000E+01, 0.48726E+03, 0.23146E+00, 0.13278E-01
 0.36000E+02, 0.90000E+01, 0.53186E+03, 0.25332E+00, 0.12844E-01
 0.37000E+02, 0.90000E+01, 0.54299E+03, 0.26685E+00, 0.12361E-01
 0.38000E+02, 0.90000E+01, 0.53661E+03, 0.26694E+00, 0.12261E-01
 0.39000E+02, 0.90000E+01, 0.53044E+03, 0.26987E+00, 0.12035E-01
 0.40000E+02, 0.90000E+01, 0.53011E+03, 0.26709E+00, 0.12156E-01
 0.41000E+02, 0.90000E+01, 0.55046E+03, 0.28350E+00, 0.11742E-01
 0.42000E+02, 0.90000E+01, 0.52729E+03, 0.26150E+00, 0.12372E-01
 0.43000E+02, 0.90000E+01, 0.49901E+03, 0.29315E+00, 0.10646E-01
 0.44000E+02, 0.90000E+01, 0.50610E+03, 0.31093E+00, 0.10130E-01
 0.45000E+02, 0.90000E+01, 0.50102E+03, 0.30681E+00, 0.10199E-01
 0.46000E+02, 0.90000E+01, 0.47861E+03, 0.30919E+00, 0.98272E-02
 0.47000E+02, 0.90000E+01, 0.47903E+03, 0.42744E+00, 0.71125E-02
 0.48000E+02, 0.90000E+01, 0.46434E+03, 0.47039E+00, 0.63369E-02
 0.49000E+02, 0.90000E+01, 0.45884E+03, 0.44209E+00, 0.66923E-02
 0.50000E+02, 0.90000E+01, 0.43906E+03, 0.45210E+00, 0.63672E-02
 0.51000E+02, 0.90000E+01, 0.46828E+03, 0.52854E+00, 0.56698E-02
 0.52000E+02, 0.90000E+01, 0.48966E+03, 0.63940E+00, 0.48219E-02
 0.53000E+02, 0.90000E+01, 0.48639E+03, 0.68760E+00, 0.44647E-02
 0.54000E+02, 0.90000E+01, 0.47529E+03, 0.59401E+00, 0.50926E-02
 0.55000E+02, 0.90000E+01, 0.46289E+03, 0.59767E+00, 0.49776E-02
 0.56000E+02, 0.90000E+01, 0.44636E+03, 0.57933E+00, 0.50198E-02
 0.57000E+02, 0.90000E+01, 0.42211E+03, 0.62752E+00, 0.44781E-02
 0.58000E+02, 0.90000E+01, 0.41145E+03, 0.70879E+00, 0.39039E-02
 0.59000E+02, 0.90000E+01, 0.39980E+03, 0.73067E+00, 0.37225E-02
 0.60000E+02, 0.90000E+01, 0.39627E+03, 0.75932E+00, 0.35633E-02
 0.61000E+02, 0.90000E+01, 0.38205E+03, 0.83144E+00, 0.31851E-02
 0.62000E+02, 0.90000E+01, 0.37944E+03, 0.84475E+00, 0.31224E-02
 0.63000E+02, 0.90000E+01, 0.38105E+03, 0.88426E+00, 0.29903E-02
 0.64000E+02, 0.90000E+01, 0.39582E+03, 0.88957E+00, 0.30395E-02
 0.65000E+02, 0.90000E+01, 0.38300E+03, 0.89790E+00, 0.29536E-02
 0.00000E+00, 0.10000E+02, 0.19264E+03, 0.29235E+00, 0.64396E-02
 0.10000E+01, 0.10000E+02, 0.20469E+03, 0.27277E+00, 0.70804E-02
 0.20000E+01, 0.10000E+02, 0.23415E+03, 0.24666E+00, 0.83127E-02
 0.30000E+01, 0.10000E+02, 0.23691E+03, 0.26568E+00, 0.77595E-02
 0.40000E+01, 0.10000E+02, 0.26457E+03, 0.25791E+00, 0.84267E-02
 0.50000E+01, 0.10000E+02, 0.27719E+03, 0.24659E+00, 0.90207E-02
 0.60000E+01, 0.10000E+02, 0.28684E+03, 0.23971E+00, 0.94423E-02
 0.70000E+01, 0.10000E+02, 0.17890E+03, 0.28684E+00, 0.63697E-02
 0.80000E+01, 0.10000E+02, 0.22000E+02, 0.30000E+02, 0.00000E+00
 0.90000E+01, 0.10000E+02, 0.39819E+03, 0.17609E+00, 0.15409E-01
 0.10000E+02, 0.10000E+02, 0.39860E+03, 0.19113E+00, 0.14206E-01
 0.11000E+02, 0.10000E+02, 0.38293E+03, 0.23098E+00, 0.11481E-01
 0.12000E+02, 0.10000E+02, 0.38908E+03, 0.24935E+00, 0.10734E-01
 0.13000E+02, 0.10000E+02, 0.41372E+03, 0.23201E+00, 0.11966E-01
 0.14000E+02, 0.10000E+02, 0.40691E+03, 0.23852E+00, 0.11524E-01
 0.15000E+02, 0.10000E+02, 0.43028E+03, 0.23693E+00, 0.12000E-01
 0.16000E+02, 0.10000E+02, 0.43598E+03, 0.23432E+00, 0.12232E-01
 0.17000E+02, 0.10000E+02, 0.44644E+03, 0.23498E+00, 0.12378E-01
 0.18000E+02, 0.10000E+02, 0.45647E+03, 0.24424E+00, 0.12074E-01
 0.19000E+02, 0.10000E+02, 0.49921E+03, 0.24025E+00, 0.12994E-01
 0.20000E+02, 0.10000E+02, 0.53591E+03, 0.25975E+00, 0.12589E-01
 0.21000E+02, 0.10000E+02, 0.60738E+03, 0.30340E+00, 0.11730E-01
 0.22000E+02, 0.10000E+02, 0.52469E+03, 0.29807E+00, 0.10819E-01
 0.23000E+02, 0.10000E+02, 0.44550E+03, 0.31020E+00, 0.93639E-02
 0.24000E+02, 0.10000E+02, 0.44189E+03, 0.31605E+00, 0.91444E-02
 0.25000E+02, 0.10000E+02, 0.41146E+03, 0.31627E+00, 0.87490E-02
 0.26000E+02, 0.10000E+02, 0.40843E+03, 0.30790E+00, 0.89472E-02
 0.27000E+02, 0.10000E+02, 0.42005E+03, 0.29560E+00, 0.94784E-02
 0.28000E+02, 0.10000E+02, 0.44282E+03, 0.29753E+00, 0.97263E-02
 0.29000E+02, 0.10000E+02, 0.44859E+03, 0.30753E+00, 0.94856E-02
 0.30000E+02, 0.10000E+02, 0.50681E+03, 0.35986E+00, 0.87601E-02
 0.31000E+02, 0.10000E+02, 0.51941E+03, 0.39805E+00, 0.80478E-02
 0.32000E+02, 0.10000E+02, 0.53880E+03, 0.26776E+00, 0.12256E-01
 0.33000E+02, 0.10000E+02, 0.56211E+03, 0.23981E+00, 0.14078E-01
 0.34000E+02, 0.10000E+02, 0.58689E+03, 0.23283E+00, 0.14930E-01
 0.35000E+02, 0.10000E+02, 0.53457E+03, 0.25355E+00, 0.12876E-01
 0.36000E+02, 0.10000E+02, 0.59666E+03, 0.26281E+00, 0.13377E-01
 0.37000E+02, 0.10000E+02, 0.56824E+03, 0.25431E+00, 0.13372E-01
 0.38000E+02, 0.10000E+02, 0.55395E+03, 0.29306E+00, 0.11407E-01
 0.39000E+02, 0.10000E+02, 0.56474E+03, 0.29381E+00, 0.11526E-01
 0.40000E+02, 0.10000E+02, 0.56395E+03, 0.28492E+00, 0.11875E-01
 0.41000E+02, 0.10000E+02, 0.55421E+03, 0.29939E+00, 0.11169E-01
 0.42000E+02, 0.10000E+02, 0.54542E+03, 0.30539E+00, 0.10834E-01
 0.43000E+02, 0.10000E+02, 0.55190E+03, 0.33019E+00, 0.10099E-01
 0.44000E+02, 0.10000E+02, 0.52964E+03, 0.35709E+00, 0.90865E-02
 0.45000E+02, 0.10000E+02, 0.51634E+03, 0.31630E+00, 0.10089E-01
 0.46000E+02, 0.10000E+02, 0.49869E+03, 0.32552E+00, 0.95835E-02
 0.47000E+02, 0.10000E+02, 0.49559E+03, 0.40385E+00, 0.76938E-02
 0.48000E+02, 0.10000E+02, 0.49141E+03, 0.41404E+00, 0.74636E-02
 0.49000E+02, 0.10000E+02, 0.48919E+03, 0.40240E+00, 0.76572E-02
 0.50000E+02, 0.10000E+02, 0.47435E+03, 0.40662E+00, 0.74303E-02
 0.51000E+02, 0.10000E+02, 0.47833E+03, 0.40984E+00, 0.74111E-02
 0.52000E+02, 0.10000E+02, 0.47973E+03, 0.56054E+00, 0.54287E-02
 0.53000E+02, 0.10000E+02, 0.48413E+03, 0.62245E+00, 0.49173E-02
 0.54000E+02, 0.10000E+02, 0.48663E+03, 0.64990E+00, 0.47252E-02
 0.55000E+02, 0.10000E+02, 0.47811E+03, 0.64653E+00, 0.46966E-02
 0.56000E+02, 0.10000E+02, 0.45545E+03, 0.60247E+00, 0.48880E-02
 0.57000E+02, 0.10000E+02, 0.43928E+03, 0.63303E+00, 0.45487E-02
 0.58000E+02, 0.10000E+02, 0.41567E+03, 0.71825E+00, 0.38762E-02
 0.59000E+02, 0.10000E+02, 0.41229E+03, 0.73757E+00, 0.37562E-02
 0.60000E+02, 0.10000E+02, 0.42430E+03, 0.73139E+00, 0.38542E-02
 0.61000E+02, 0.10000E+02, 0.38567E+03, 0.82012E+00, 0.32469E-02
 0.62000E+02, 0.10000E+02, 0.38473E+03, 0.92755E+00, 0.28667E-02
 0.63000E+02, 0.10000E+02, 0.39569E+03, 0.93024E+00, 0.29061E-02
 0.64000E+02, 0.10000E+02, 0.39940E+03, 0.88973E+00, 0.30552E-02
 0.65000E+02, 0.10000E+02, 0.38777E+03, 0.89589E+00, 0.29818E-02
 0.00000E+00, 0.11000E+02, 0.21610E+03, 0.26636E+00, 0.74241E-02
 0.10000E+01, 0.11000E+02, 0.22952E+03, 0.25401E+00, 0.79984E-02
 0.20000E+01, 0.11000E+02, 0.23282E+03, 0.26874E+00, 0.76098E-02
 0.30000E+01, 0.11000E+02, 0.24799E+03, 0.27081E+00, 0.77781E-02
 0.40000E+01, 0.11000E+02, 0.28020E+03, 0.25421E+00, 0.87980E-02
 0.50000E+01, 0.11000E+02, 0.29581E+03, 0.24575E+00, 0.93578E-02
 0.60000E+01, 0.11000E+02, 0.30986E+03, 0.23422E+00, 0.10061E-01
 0.70000E+01, 0.11000E+02, 0.28572E+03, 0.24081E+00, 0.93802E-02
 0.80000E+01, 0.11000E+02, 0.22000E+02, 0.30000E+02, 0.00000E+00
 0.90000E+01, 0.11000E+02, 0.38596E+03, 0.18660E+00, 0.14277E-01
 0.10000E+02, 0.11000E+02, 0.39914E+03, 0.20376E+00, 0.13335E-01
 0.11000E+02, 0.11000E+02, 0.38041E+03, 0.25242E+00, 0.10465E-01
 0.12000E+02, 0.11000E+02, 0.38457E+03, 0.25102E+00, 0.10590E-01
 0.13000E+02, 0.11000E+02, 0.41503E+03, 0.23615E+00, 0.11778E-01
 0.14000E+02, 0.11000E+02, 0.43102E+03, 0.22129E+00, 0.12862E-01
 0.15000E+02, 0.11000E+02, 0.42014E+03, 0.23547E+00, 0.11900E-01
 0.16000E+02, 0.11000E+02, 0.43045E+03, 0.24588E+00, 0.11566E-01
 0.17000E+02, 0.11000E+02, 0.42189E+03, 0.27220E+00, 0.10320E-01
 0.18000E+02, 0.11000E+02, 0.40802E+03, 0.29947E+00, 0.91936E-02
 0.19000E+02, 0.11000E+02, 0.48247E+03, 0.23884E+00, 0.12787E-01
 0.20000E+02, 0.11000E+02, 0.50366E+03, 0.26985E+00, 0.11635E-01
 0.21000E+02, 0.11000E+02, 0.59704E+03, 0.25848E+00, 0.13607E-01
 0.22000E+02, 0.11000E+02, 0.53354E+03, 0.30623E+00, 0.10647E-01
 0.23000E+02, 0.11000E+02, 0.43826E+03, 0.32824E+00, 0.87600E-02
 0.24000E+02, 0.11000E+02, 0.44377E+03, 0.32469E+00, 0.89244E-02
 0.25000E+02, 0.11000E+02, 0.42093E+03, 0.31985E+00, 0.87708E-02
 0.26000E+02, 0.11000E+02, 0.41720E+03, 0.33560E+00, 0.83144E-02
 0.27000E+02, 0.11000E+02, 0.42051E+03, 0.31767E+00, 0.88258E-02
 0.28000E+02, 0.11000E+02, 0.43367E+03, 0.32697E+00, 0.87373E-02
 0.29000E+02, 0.11000E+02, 0.45977E+03, 0.34644E+00, 0.85509E-02
 0.30000E+02, 0.11000E+02, 0.52883E+03, 0.39727E+00, 0.81593E-02
 0.31000E+02, 0.11000E+02, 0.53794E+03, 0.48827E+00, 0.67141E-02
 0.32000E+02, 0.11000E+02, 0.53278E+03, 0.47245E+00, 0.68948E-02
 0.33000E+02, 0.11000E+02, 0.56798E+03, 0.24516E+00, 0.13867E-01
 0.34000E+02, 0.11000E+02, 0.62224E+03, 0.24020E+00, 0.15066E-01
 0.35000E+02, 0.11000E+02, 0.65026E+03, 0.25339E+00, 0.14729E-01
 0.36000E+02, 0.11000E+02, 0.59863E+03, 0.25817E+00, 0.13648E-01
 0.37000E+02, 0.11000E+02, 0.59464E+03, 0.23378E+00, 0.15003E-01
 0.38000E+02, 0.11000E+02, 0.54873E+03, 0.29735E+00, 0.11172E-01
 0.39000E+02, 0.11000E+02, 0.56962E+03, 0.33591E+00, 0.10140E-01
 0.40000E+02, 0.11000E+02, 0.57387E+03, 0.30506E+00, 0.11223E-01
 0.41000E+02, 0.11000E+02, 0.56991E+03, 0.29230E+00, 0.11658E-01
 0.42000E+02, 0.11000E+02, 0.57222E+03, 0.32932E+00, 0.10375E-01
 0.43000E+02, 0.11000E+02, 0.56775E+03, 0.38370E+00, 0.88579E-02
 0.44000E+02, 0.11000E+02, 0.55190E+03, 0.42401E+00, 0.78648E-02
 0.45000E+02, 0.11000E+02, 0.52036E+03, 0.35512E+00, 0.90314E-02
 0.46000E+02, 0.11000E+02, 0.51576E+03, 0.35729E+00, 0.89245E-02
 0.47000E+02, 0.11000E+02, 0.52361E+03, 0.37751E+00, 0.85306E-02
 0.48000E+02, 0.11000E+02, 0.51410E+03, 0.38734E+00, 0.82149E-02
 0.49000E+02, 0.11000E+02, 0.50618E+03, 0.37740E+00, 0.83463E-02
 0.50000E+02, 0.11000E+02, 0.49447E+03, 0.38514E+00, 0.80558E-02
 0.51000E+02, 0.11000E+02, 0.48943E+03, 0.39783E+00, 0.77475E-02
 0.52000E+02, 0.11000E+02, 0.47999E+03, 0.57374E+00, 0.53057E-02
 0.53000E+02, 0.11000E+02, 0.48292E+03, 0.64564E+00, 0.47331E-02
 0.54000E+02, 0.11000E+02, 0.49722E+03, 0.76875E+00, 0.40503E-02
 0.55000E+02, 0.11000E+02, 0.49076E+03, 0.70782E+00, 0.43621E-02
 0.56000E+02, 0.11000E+02, 0.45979E+03, 0.67940E+00, 0.43603E-02
 0.57000E+02, 0.11000E+02, 0.44528E+03, 0.66675E+00, 0.43551E-02
 0.58000E+02, 0.11000E+02, 0.44154E+03, 0.69053E+00, 0.41832E-02
 0.59000E+02, 0.11000E+02, 0.42408E+03, 0.74541E+00, 0.37806E-02
 0.60000E+02, 0.11000E+02, 0.42811E+03, 0.75791E+00, 0.37397E-02
 0.61000E+02, 0.11000E+02, 0.38428E+03, 0.88226E+00, 0.30118E-02
 0.62000E+02, 0.11000E+02, 0.38928E+03, 0.99709E+00, 0.26852E-02
 0.63000E+02, 0.11000E+02, 0.40153E+03, 0.96230E+00, 0.28337E-02
 0.64000E+02, 0.11000E+02, 0.40343E+03, 0.91643E+00, 0.29840E-02
 0.65000E+02, 0.11000E+02, 0.39443E+03, 0.88608E+00, 0.30452E-02
 0.00000E+00, 0.12000E+02, 0.21845E+03, 0.26605E+00, 0.74684E-02
 0.10000E+01, 0.12000E+02, 0.22609E+03, 0.27755E+00, 0.72702E-02
 0.20000E+01, 0.12000E+02, 0.22315E+03, 0.28568E+00, 0.70218E-02
 0.30000E+01, 0.12000E+02, 0.24691E+03, 0.27959E+00, 0.75180E-02
 0.40000E+01, 0.12000E+02, 0.25265E+03, 0.28547E+00, 0.74445E-02
 0.50000E+01, 0.12000E+02, 0.26870E+03, 0.28002E+00, 0.78211E-02
 0.60000E+01, 0.12000E+02, 0.30617E+03, 0.24473E+00, 0.95676E-02
 0.70000E+01, 0.12000E+02, 0.34748E+03, 0.22678E+00, 0.11061E-01
 0.80000E+01, 0.12000E+02, 0.22000E+02, 0.30000E+02, 0.00000E+00
 0.90000E+01, 0.12000E+02, 0.40166E+03, 0.19320E+00, 0.14117E-01
 0.10000E+02, 0.12000E+02, 0.40578E+03, 0.20746E+00, 0.13227E-01
 0.11000E+02, 0.12000E+02, 0.39025E+03, 0.23451E+00, 0.11434E-01
 0.12000E+02, 0.12000E+02, 0.40891E+03, 0.21788E+00, 0.12652E-01
 0.13000E+02, 0.12000E+02, 0.42198E+03, 0.22371E+00, 0.12559E-01
 0.14000E+02, 0.12000E+02, 0.43967E+03, 0.21577E+00, 0.13353E-01
 0.15000E+02, 0.12000E+02, 0.44240E+03, 0.24507E+00, 0.11801E-01
 0.16000E+02, 0.12000E+02, 0.41312E+03, 0.29143E+00, 0.95178E-02
 0.17000E+02, 0.12000E+02, 0.39073E+03, 0.34727E+00, 0.77268E-02
 0.18000E+02, 0.12000E+02, 0.43721E+03, 0.27001E+00, 0.10634E-01
 0.19000E+02, 0.12000E+02, 0.47971E+03, 0.24889E+00, 0.12226E-01
 0.20000E+02, 0.12000E+02, 0.54306E+03, 0.25994E+00, 0.12691E-01
 0.21000E+02, 0.12000E+02, 0.57705E+03, 0.26061E+00, 0.13186E-01
 0.22000E+02, 0.12000E+02, 0.49998E+03, 0.28112E+00, 0.11116E-01
 0.23000E+02, 0.12000E+02, 0.46550E+03, 0.34452E+00, 0.86656E-02
 0.24000E+02, 0.12000E+02, 0.42830E+03, 0.33568E+00, 0.84458E-02
 0.25000E+02, 0.12000E+02, 0.41855E+03, 0.32713E+00, 0.85462E-02
 0.26000E+02, 0.12000E+02, 0.41553E+03, 0.35564E+00, 0.78269E-02
 0.27000E+02, 0.12000E+02, 0.41788E+03, 0.35994E+00, 0.77599E-02
 0.28000E+02, 0.12000E+02, 0.43069E+03, 0.34078E+00, 0.83478E-02
 0.29000E+02, 0.12000E+02, 0.46273E+03, 0.36986E+00, 0.80417E-02
 0.30000E+02, 0.12000E+02, 0.52326E+03, 0.45615E+00, 0.70568E-02
 0.31000E+02, 0.12000E+02, 0.54716E+03, 0.50036E+00, 0.66264E-02
 0.32000E+02, 0.12000E+02, 0.54173E+03, 0.55509E+00, 0.59335E-02
 0.33000E+02, 0.12000E+02, 0.55565E+03, 0.44109E+00, 0.75945E-02
 0.34000E+02, 0.12000E+02, 0.61437E+03, 0.22962E+00, 0.15623E-01
 0.35000E+02, 0.12000E+02, 0.66543E+03, 0.23441E+00, 0.16183E-01
 0.36000E+02, 0.12000E+02, 0.66939E+03, 0.22438E+00, 0.16978E-01
 0.37000E+02, 0.12000E+02, 0.57616E+03, 0.24730E+00, 0.13881E-01
 0.38000E+02, 0.12000E+02, 0.56391E+03, 0.33457E+00, 0.10112E-01
 0.39000E+02, 0.12000E+02, 0.58894E+03, 0.32643E+00, 0.10674E-01
 0.40000E+02, 0.12000E+02, 0.58359E+03, 0.29433E+00, 0.11765E-01
 0.41000E+02, 0.12000E+02, 0.59437E+03, 0.26226E+00, 0.13370E-01
 0.42000E+02, 0.12000E+02, 0.57882E+03, 0.35082E+00, 0.98154E-02
 0.43000E+02, 0.12000E+02, 0.57156E+03, 0.40657E+00, 0.83975E-02
 0.44000E+02, 0.12000E+02, 0.54172E+03, 0.41243E+00, 0.79857E-02
 0.45000E+02, 0.12000E+02, 0.54329E+03, 0.42833E+00, 0.77042E-02
 0.46000E+02, 0.12000E+02, 0.53179E+03, 0.38348E+00, 0.84839E-02
 0.47000E+02, 0.12000E+02, 0.53555E+03, 0.36643E+00, 0.89203E-02
 0.48000E+02, 0.12000E+02, 0.52957E+03, 0.37589E+00, 0.86314E-02
 0.49000E+02, 0.12000E+02, 0.51171E+03, 0.37242E+00, 0.85179E-02
 0.50000E+02, 0.12000E+02, 0.50182E+03, 0.37621E+00, 0.83260E-02
 0.51000E+02, 0.12000E+02, 0.49841E+03, 0.38657E+00, 0.80671E-02
 0.52000E+02, 0.12000E+02, 0.49109E+03, 0.52187E+00, 0.59190E-02
 0.53000E+02, 0.12000E+02, 0.48383E+03, 0.64278E+00, 0.47599E-02
 0.54000E+02, 0.12000E+02, 0.49027E+03, 0.72781E+00, 0.42396E-02
 0.55000E+02, 0.12000E+02, 0.48595E+03, 0.71087E+00, 0.43161E-02
 0.56000E+02, 0.12000E+02, 0.46740E+03, 0.69356E+00, 0.43156E-02
 0.57000E+02, 0.12000E+02, 0.45930E+03, 0.65854E+00, 0.44954E-02
 0.58000E+02, 0.12000E+02, 0.44937E+03, 0.63858E+00, 0.45731E-02
 0.59000E+02, 0.12000E+02, 0.44998E+03, 0.70010E+00, 0.41748E-02
 0.60000E+02, 0.12000E+02, 0.44448E+03, 0.71940E+00, 0.40319E-02
 0.61000E+02, 0.12000E+02, 0.40590E+03, 0.82458E+00, 0.33285E-02
 0.62000E+02, 0.12000E+02, 0.39366E+03, 0.94252E+00, 0.28595E-02
 0.63000E+02, 0.12000E+02, 0.40816E+03, 0.97102E+00, 0.28359E-02
 0.64000E+02, 0.12000E+02, 0.40864E+03, 0.94835E+00, 0.29058E-02
 0.65000E+02, 0.12000E+02, 0.41207E+03, 0.91254E+00, 0.30350E-02
 0.00000E+00, 0.13000E+02, 0.22645E+03, 0.26391E+00, 0.76515E-02
 0.10000E+01, 0.13000E+02, 0.22773E+03, 0.27869E+00, 0.72642E-02
 0.20000E+01, 0.13000E+02, 0.23465E+03, 0.28038E+00, 0.73203E-02
 0.30000E+01, 0.13000E+02, 0.24452E+03, 0.28512E+00, 0.73384E-02
 0.40000E+01, 0.13000E+02, 0.26572E+03, 0.28744E+00, 0.75772E-02
 0.50000E+01, 0.13000E+02, 0.29450E+03, 0.28509E+00, 0.80477E-02
 0.60000E+01, 0.13000E+02, 0.33198E+03, 0.24404E+00, 0.10022E-01
 0.70000E+01, 0.13000E+02, 0.43326E+03, 0.21065E+00, 0.13554E-01
 0.80000E+01, 0.13000E+02, 0.22000E+02, 0.30000E+02, 0.00000E+00
 0.90000E+01, 0.13000E+02, 0.42640E+03, 0.20788E+00, 0.13601E-01
 0.10000E+02, 0.13000E+02, 0.41568E+03, 0.20522E+00, 0.13567E-01
 0.11000E+02, 0.13000E+02, 0.41863E+03, 0.20111E+00, 0.13903E-01
 0.12000E+02, 0.13000E+02, 0.42069E+03, 0.19896E+00, 0.14095E-01
 0.13000E+02, 0.13000E+02, 0.42813E+03, 0.19391E+00, 0.14618E-01
 0.14000E+02, 0.13000E+02, 0.43072E+03, 0.22883E+00, 0.12433E-01
 0.15000E+02, 0.13000E+02, 0.42292E+03, 0.25343E+00, 0.11101E-01
 0.16000E+02, 0.13000E+02, 0.40740E+03, 0.30061E+00, 0.91503E-02
 0.17000E+02, 0.13000E+02, 0.38893E+03, 0.38109E+00, 0.70220E-02
 0.18000E+02, 0.13000E+02, 0.44293E+03, 0.24948E+00, 0.11601E-01
 0.19000E+02, 0.13000E+02, 0.45777E+03, 0.24348E+00, 0.12133E-01
 0.20000E+02, 0.13000E+02, 0.50382E+03, 0.27238E+00, 0.11529E-01
 0.21000E+02, 0.13000E+02, 0.55731E+03, 0.25898E+00, 0.12961E-01
 0.22000E+02, 0.13000E+02, 0.40592E+03, 0.31619E+00, 0.86805E-02
 0.23000E+02, 0.13000E+02, 0.40692E+03, 0.33807E+00, 0.81307E-02
 0.24000E+02, 0.13000E+02, 0.41897E+03, 0.34329E+00, 0.81488E-02
 0.25000E+02, 0.13000E+02, 0.41169E+03, 0.35396E+00, 0.78200E-02
 0.26000E+02, 0.13000E+02, 0.41267E+03, 0.37462E+00, 0.73993E-02
 0.27000E+02, 0.13000E+02, 0.43570E+03, 0.31660E+00, 0.90494E-02
 0.28000E+02, 0.13000E+02, 0.45593E+03, 0.28557E+00, 0.10319E-01
 0.29000E+02, 0.13000E+02, 0.47550E+03, 0.29214E+00, 0.10358E-01
 0.30000E+02, 0.13000E+02, 0.50942E+03, 0.43526E+00, 0.72670E-02
 0.31000E+02, 0.13000E+02, 0.52479E+03, 0.48345E+00, 0.66711E-02
 0.32000E+02, 0.13000E+02, 0.56170E+03, 0.34781E+00, 0.97015E-02
 0.33000E+02, 0.13000E+02, 0.59318E+03, 0.24955E+00, 0.14032E-01
 0.34000E+02, 0.13000E+02, 0.62714E+03, 0.21718E+00, 0.16755E-01
 0.35000E+02, 0.13000E+02, 0.65970E+03, 0.21670E+00, 0.17399E-01
 0.36000E+02, 0.13000E+02, 0.66081E+03, 0.22125E+00, 0.17062E-01
 0.37000E+02, 0.13000E+02, 0.55830E+03, 0.29598E+00, 0.11354E-01
 0.38000E+02, 0.13000E+02, 0.58718E+03, 0.35246E+00, 0.98659E-02
 0.39000E+02, 0.13000E+02, 0.65132E+03, 0.27331E+00, 0.13671E-01
 0.40000E+02, 0.13000E+02, 0.61186E+03, 0.30474E+00, 0.11738E-01
 0.41000E+02, 0.13000E+02, 0.62501E+03, 0.26466E+00, 0.13717E-01
 0.42000E+02, 0.13000E+02, 0.60877E+03, 0.28960E+00, 0.12308E-01
 0.43000E+02, 0.13000E+02, 0.57625E+03, 0.33123E+00, 0.10365E-01
 0.44000E+02, 0.13000E+02, 0.53557E+03, 0.35745E+00, 0.91446E-02
 0.45000E+02, 0.13000E+02, 0.54256E+03, 0.42046E+00, 0.78414E-02
 0.46000E+02, 0.13000E+02, 0.54290E+03, 0.42578E+00, 0.77466E-02
 0.47000E+02, 0.13000E+02, 0.53318E+03, 0.38417E+00, 0.84833E-02
 0.48000E+02, 0.13000E+02, 0.52285E+03, 0.38434E+00, 0.83710E-02
 0.49000E+02, 0.13000E+02, 0.52342E+03, 0.37175E+00, 0.86608E-02
 0.50000E+02, 0.13000E+02, 0.50638E+03, 0.37761E+00, 0.83439E-02
 0.51000E+02, 0.13000E+02, 0.49375E+03, 0.41694E+00, 0.74344E-02
 0.52000E+02, 0.13000E+02, 0.49725E+03, 0.45004E+00, 0.69190E-02
 0.53000E+02, 0.13000E+02, 0.49369E+03, 0.55312E+00, 0.56035E-02
 0.54000E+02, 0.13000E+02, 0.48779E+03, 0.70075E+00, 0.43890E-02
 0.55000E+02, 0.13000E+02, 0.47476E+03, 0.69370E+00, 0.43577E-02
 0.56000E+02, 0.13000E+02, 0.46912E+03, 0.68603E+00, 0.43732E-02
 0.57000E+02, 0.13000E+02, 0.46639E+03, 0.68002E+00, 0.43956E-02
 0.58000E+02, 0.13000E+02, 0.46380E+03, 0.64236E+00, 0.46370E-02
 0.59000E+02, 0.13000E+02, 0.45516E+03, 0.69299E+00, 0.42478E-02
 0.60000E+02, 0.13000E+02, 0.42614E+03, 0.77553E+00, 0.36445E-02
 0.61000E+02, 0.13000E+02, 0.39745E+03, 0.84846E+00, 0.31946E-02
 0.62000E+02, 0.13000E+02, 0.40314E+03, 0.96466E+00, 0.28336E-02
 0.63000E+02, 0.13000E+02, 0.41103E+03, 0.99488E+00, 0.27796E-02
 0.64000E+02, 0.13000E+02, 0.41207E+03, 0.94726E+00, 0.29237E-02
 0.65000E+02, 0.13000E+02, 0.41458E+03, 0.93219E+00, 0.29819E-02
 0.00000E+00, 0.14000E+02, 0.25201E+03, 0.23322E+00, 0.91013E-02
 0.10000E+01, 0.14000E+02, 0.25115E+03, 0.24518E+00, 0.86432E-02
 0.20000E+01, 0.14000E+02, 0.26664E+03, 0.26080E+00, 0.83657E-02
 0.30000E+01, 0.14000E+02, 0.28293E+03, 0.27459E+00, 0.81852E-02
 0.40000E+01, 0.14000E+02, 0.30449E+03, 0.27762E+00, 0.84097E-02
 0.50000E+01, 0.14000E+02, 0.35783E+03, 0.26433E+00, 0.96483E-02
 0.60000E+01, 0.14000E+02, 0.39694E+03, 0.25314E+00, 0.10699E-01
 0.70000E+01, 0.14000E+02, 0.54595E+03, 0.21589E+00, 0.15335E-01
 0.80000E+01, 0.14000E+02, 0.22000E+02, 0.30000E+02, 0.00000E+00
 0.90000E+01, 0.14000E+02, 0.55192E+03, 0.23830E+00, 0.13994E-01
 0.10000E+02, 0.14000E+02, 0.43338E+03, 0.23102E+00, 0.12361E-01
 0.11000E+02, 0.14000E+02, 0.41639E+03, 0.22489E+00, 0.12393E-01
 0.12000E+02, 0.14000E+02, 0.41829E+03, 0.20592E+00, 0.13572E-01
 0.13000E+02, 0.14000E+02, 0.42190E+03, 0.19804E+00, 0.14185E-01
 0.14000E+02, 0.14000E+02, 0.42121E+03, 0.20610E+00, 0.13617E-01
 0.15000E+02, 0.14000E+02, 0.40669E+03, 0.20889E+00, 0.13154E-01
 0.16000E+02, 0.14000E+02, 0.40387E+03, 0.22031E+00, 0.12421E-01
 0.17000E+02, 0.14000E+02, 0.41984E+03, 0.34723E+00, 0.80667E-02
 0.18000E+02, 0.14000E+02, 0.40143E+03, 0.40671E+00, 0.67039E-02
 0.19000E+02, 0.14000E+02, 0.39967E+03, 0.26244E+00, 0.10362E-01
 0.20000E+02, 0.14000E+02, 0.40902E+03, 0.33420E+00, 0.82500E-02
 0.21000E+02, 0.14000E+02, 0.48412E+03, 0.31673E+00, 0.96635E-02
 0.22000E+02, 0.14000E+02, 0.39461E+03, 0.36533E+00, 0.73877E-02
 0.23000E+02, 0.14000E+02, 0.40549E+03, 0.38066E+00, 0.72058E-02
 0.24000E+02, 0.14000E+02, 0.41036E+03, 0.36001E+00, 0.76737E-02
 0.25000E+02, 0.14000E+02, 0.40267E+03, 0.38880E+00, 0.70255E-02
 0.26000E+02, 0.14000E+02, 0.41011E+03, 0.40286E+00, 0.68549E-02
 0.27000E+02, 0.14000E+02, 0.43846E+03, 0.34235E+00, 0.84013E-02
 0.28000E+02, 0.14000E+02, 0.44987E+03, 0.30341E+00, 0.96315E-02
 0.29000E+02, 0.14000E+02, 0.46945E+03, 0.28354E+00, 0.10586E-01
 0.30000E+02, 0.14000E+02, 0.49588E+03, 0.31192E+00, 0.99651E-02
 0.31000E+02, 0.14000E+02, 0.52306E+03, 0.34672E+00, 0.92816E-02
 0.32000E+02, 0.14000E+02, 0.53434E+03, 0.40298E+00, 0.80990E-02
 0.33000E+02, 0.14000E+02, 0.58035E+03, 0.27048E+00, 0.12754E-01
 0.34000E+02, 0.14000E+02, 0.59236E+03, 0.26723E+00, 0.13091E-01
 0.35000E+02, 0.14000E+02, 0.62271E+03, 0.22918E+00, 0.15800E-01
 0.36000E+02, 0.14000E+02, 0.58329E+03, 0.27431E+00, 0.12619E-01
 0.37000E+02, 0.14000E+02, 0.56029E+03, 0.34163E+00, 0.98603E-02
 0.38000E+02, 0.14000E+02, 0.64207E+03, 0.33295E+00, 0.11110E-01
 0.39000E+02, 0.14000E+02, 0.72001E+03, 0.27674E+00, 0.14506E-01
 0.40000E+02, 0.14000E+02, 0.66908E+03, 0.27656E+00, 0.13770E-01
 0.41000E+02, 0.14000E+02, 0.63751E+03, 0.31453E+00, 0.11702E-01
 0.42000E+02, 0.14000E+02, 0.63668E+03, 0.26861E+00, 0.13690E-01
 0.43000E+02, 0.14000E+02, 0.56471E+03, 0.35440E+00, 0.95554E-02
 0.44000E+02, 0.14000E+02, 0.55229E+03, 0.31685E+00, 0.10530E-01
 0.45000E+02, 0.14000E+02, 0.54758E+03, 0.31924E+00, 0.10391E-01
 0.46000E+02, 0.14000E+02, 0.54512E+03, 0.31755E+00, 0.10415E-01
 0.47000E+02, 0.14000E+02, 0.52614E+03, 0.34049E+00, 0.94879E-02
 0.48000E+02, 0.14000E+02, 0.50046E+03, 0.43453E+00, 0.71958E-02
 0.49000E+02, 0.14000E+02, 0.50944E+03, 0.38839E+00, 0.81442E-02
 0.50000E+02, 0.14000E+02, 0.49603E+03, 0.42168E+00, 0.73726E-02
 0.51000E+02, 0.14000E+02, 0.50565E+03, 0.38583E+00, 0.81584E-02
 0.52000E+02, 0.14000E+02, 0.50097E+03, 0.39180E+00, 0.79858E-02
 0.53000E+02, 0.14000E+02, 0.50031E+03, 0.48943E+00, 0.63874E-02
 0.54000E+02, 0.14000E+02, 0.50023E+03, 0.61509E+00, 0.50820E-02
 0.55000E+02, 0.14000E+02, 0.48116E+03, 0.73483E+00, 0.41490E-02
 0.56000E+02, 0.14000E+02, 0.48322E+03, 0.71643E+00, 0.42672E-02
 0.57000E+02, 0.14000E+02, 0.47873E+03, 0.70754E+00, 0.42951E-02
 0.58000E+02, 0.14000E+02, 0.46981E+03, 0.67091E+00, 0.44759E-02
 0.59000E+02, 0.14000E+02, 0.46206E+03, 0.70348E+00, 0.42241E-02
 0.60000E+02, 0.14000E+02, 0.41899E+03, 0.80119E+00, 0.34917E-02
 0.61000E+02, 0.14000E+02, 0.40052E+03, 0.85123E+00, 0.31987E-02
 0.62000E+02, 0.14000E+02, 0.40376E+03, 0.96448E+00, 0.28367E-02
 0.63000E+02, 0.14000E+02, 0.41043E+03, 0.94494E+00, 0.29239E-02
 0.64000E+02, 0.14000E+02, 0.41193E+03, 0.99133E+00, 0.27932E-02
 0.65000E+02, 0.14000E+02, 0.41537E+03, 0.91647E+00, 0.30365E-02
 0.00000E+00, 0.15000E+02, 0.25273E+03, 0.21268E+00, 0.99938E-02
 0.10000E+01, 0.15000E+02, 0.25375E+03, 0.23333E+00, 0.91272E-02
 0.20000E+01, 0.15000E+02, 0.28094E+03, 0.23300E+00, 0.96117E-02
 0.30000E+01, 0.15000E+02, 0.32381E+03, 0.22667E+00, 0.10645E-01
 0.40000E+01, 0.15000E+02, 0.34732E+03, 0.24654E+00, 0.10172E-01
 0.50000E+01, 0.15000E+02, 0.34142E+03, 0.27523E+00, 0.90250E-02
 0.60000E+01, 0.15000E+02, 0.39314E+03, 0.27663E+00, 0.97350E-02
 0.70000E+01, 0.15000E+02, 0.42990E+03, 0.26934E+00, 0.10550E-01
 0.80000E+01, 0.15000E+02, 0.22000E+02, 0.30000E+02, 0.00000E+00
 0.90000E+01, 0.15000E+02, 0.71075E+03, 0.20765E+00, 0.19151E-01
 0.10000E+02, 0.15000E+02, 0.49504E+03, 0.24356E+00, 0.12748E-01
 0.11000E+02, 0.15000E+02, 0.40517E+03, 0.25770E+00, 0.10639E-01
 0.12000E+02, 0.15000E+02, 0.39474E+03, 0.24281E+00, 0.11118E-01
 0.13000E+02, 0.15000E+02, 0.39991E+03, 0.22318E+00, 0.12189E-01
 0.14000E+02, 0.15000E+02, 0.40034E+03, 0.21206E+00, 0.12837E-01
 0.15000E+02, 0.15000E+02, 0.40363E+03, 0.25775E+00, 0.10613E-01
 0.16000E+02, 0.15000E+02, 0.41278E+03, 0.29409E+00, 0.94271E-02
 0.17000E+02, 0.15000E+02, 0.40611E+03, 0.44121E+00, 0.62225E-02
 0.18000E+02, 0.15000E+02, 0.40108E+03, 0.54493E+00, 0.50009E-02
 0.19000E+02, 0.15000E+02, 0.39521E+03, 0.32500E+00, 0.83121E-02
 0.20000E+02, 0.15000E+02, 0.38428E+03, 0.36394E+00, 0.73012E-02
 0.21000E+02, 0.15000E+02, 0.42030E+03, 0.38564E+00, 0.72680E-02
 0.22000E+02, 0.15000E+02, 0.41452E+03, 0.42079E+00, 0.66053E-02
 0.23000E+02, 0.15000E+02, 0.40041E+03, 0.40078E+00, 0.67928E-02
 0.24000E+02, 0.15000E+02, 0.39686E+03, 0.38637E+00, 0.70090E-02
 0.25000E+02, 0.15000E+02, 0.39954E+03, 0.40792E+00, 0.66652E-02
 0.26000E+02, 0.15000E+02, 0.40855E+03, 0.42432E+00, 0.64935E-02
 0.27000E+02, 0.15000E+02, 0.41667E+03, 0.44311E+00, 0.62922E-02
 0.28000E+02, 0.15000E+02, 0.44057E+03, 0.42879E+00, 0.67276E-02
 0.29000E+02, 0.15000E+02, 0.45348E+03, 0.38694E+00, 0.75901E-02
 0.30000E+02, 0.15000E+02, 0.46893E+03, 0.30550E+00, 0.98180E-02
 0.31000E+02, 0.15000E+02, 0.49779E+03, 0.30240E+00, 0.10304E-01
 0.32000E+02, 0.15000E+02, 0.51402E+03, 0.34519E+00, 0.92170E-02
 0.33000E+02, 0.15000E+02, 0.52051E+03, 0.44750E+00, 0.71684E-02
 0.34000E+02, 0.15000E+02, 0.52659E+03, 0.46265E+00, 0.69867E-02
 0.35000E+02, 0.15000E+02, 0.55535E+03, 0.33086E+00, 0.10121E-01
 0.36000E+02, 0.15000E+02, 0.55816E+03, 0.34159E+00, 0.98364E-02
 0.37000E+02, 0.15000E+02, 0.59227E+03, 0.45894E+00, 0.76217E-02
 0.38000E+02, 0.15000E+02, 0.70324E+03, 0.35352E+00, 0.11163E-01
 0.39000E+02, 0.15000E+02, 0.76193E+03, 0.29275E+00, 0.14291E-01
 0.40000E+02, 0.15000E+02, 0.73502E+03, 0.23208E+00, 0.17558E-01
 0.41000E+02, 0.15000E+02, 0.65151E+03, 0.31633E+00, 0.11815E-01
 0.42000E+02, 0.15000E+02, 0.65639E+03, 0.31146E+00, 0.12063E-01
 0.43000E+02, 0.15000E+02, 0.56882E+03, 0.38094E+00, 0.89334E-02
 0.44000E+02, 0.15000E+02, 0.58150E+03, 0.25992E+00, 0.13290E-01
 0.45000E+02, 0.15000E+02, 0.57653E+03, 0.28517E+00, 0.12043E-01
 0.46000E+02, 0.15000E+02, 0.58496E+03, 0.27504E+00, 0.12610E-01
 0.47000E+02, 0.15000E+02, 0.54866E+03, 0.29496E+00, 0.11261E-01
 0.48000E+02, 0.15000E+02, 0.49859E+03, 0.46318E+00, 0.67344E-02
 0.49000E+02, 0.15000E+02, 0.49669E+03, 0.41506E+00, 0.74966E-02
 0.50000E+02, 0.15000E+02, 0.48743E+03, 0.51246E+00, 0.59988E-02
 0.51000E+02, 0.15000E+02, 0.49578E+03, 0.45039E+00, 0.69004E-02
 0.52000E+02, 0.15000E+02, 0.49467E+03, 0.52096E+00, 0.59572E-02
 0.53000E+02, 0.15000E+02, 0.50383E+03, 0.53237E+00, 0.58990E-02
 0.54000E+02, 0.15000E+02, 0.50705E+03, 0.61732E+00, 0.51082E-02
 0.55000E+02, 0.15000E+02, 0.49596E+03, 0.70984E+00, 0.43794E-02
 0.56000E+02, 0.15000E+02, 0.49097E+03, 0.77888E+00, 0.39652E-02
 0.57000E+02, 0.15000E+02, 0.48349E+03, 0.75098E+00, 0.40723E-02
 0.58000E+02, 0.15000E+02, 0.47360E+03, 0.70349E+00, 0.42904E-02
 0.59000E+02, 0.15000E+02, 0.47337E+03, 0.72384E+00, 0.41685E-02
 0.60000E+02, 0.15000E+02, 0.46143E+03, 0.76512E+00, 0.38805E-02
 0.61000E+02, 0.15000E+02, 0.42054E+03, 0.79881E+00, 0.35100E-02
 0.62000E+02, 0.15000E+02, 0.40581E+03, 0.92341E+00, 0.29719E-02
 0.63000E+02, 0.15000E+02, 0.40893E+03, 0.92023E+00, 0.29958E-02
 0.64000E+02, 0.15000E+02, 0.41646E+03, 0.95083E+00, 0.29314E-02
 0.65000E+02, 0.15000E+02, 0.42338E+03, 0.92947E+00, 0.30289E-02
 0.00000E+00, 0.16000E+02, 0.26626E+03, 0.11916E+00, 0.18296E-01
 0.10000E+01, 0.16000E+02, 0.29240E+03, 0.11760E+00, 0.19437E-01
 0.20000E+01, 0.16000E+02, 0.32558E+03, 0.11878E+00, 0.20373E-01
 0.30000E+01, 0.16000E+02, 0.34225E+03, 0.12354E+00, 0.20133E-01
 0.40000E+01, 0.16000E+02, 0.36480E+03, 0.12325E+00, 0.20922E-01
 0.50000E+01, 0.16000E+02, 0.41109E+03, 0.12685E+00, 0.21802E-01
 0.60000E+01, 0.16000E+02, 0.44639E+03, 0.13302E+00, 0.21863E-01
 0.70000E+01, 0.16000E+02, 0.66823E+03, 0.12249E+00, 0.31062E-01
 0.80000E+01, 0.16000E+02, 0.22000E+02, 0.30000E+02, 0.00000E+00
 0.90000E+01, 0.16000E+02, 0.67320E+03, 0.18316E+00, 0.20884E-01
 0.10000E+02, 0.16000E+02, 0.55830E+03, 0.22600E+00, 0.14870E-01
 0.11000E+02, 0.16000E+02, 0.43478E+03, 0.23480E+00, 0.12186E-01
 0.12000E+02, 0.16000E+02, 0.37360E+03, 0.25901E+00, 0.10092E-01
 0.13000E+02, 0.16000E+02, 0.38612E+03, 0.26478E+00, 0.10064E-01
 0.14000E+02, 0.16000E+02, 0.39128E+03, 0.28637E+00, 0.93779E-02
 0.15000E+02, 0.16000E+02, 0.39067E+03, 0.38672E+00, 0.69379E-02
 0.16000E+02, 0.16000E+02, 0.38342E+03, 0.44127E+00, 0.60140E-02
 0.17000E+02, 0.16000E+02, 0.39277E+03, 0.52526E+00, 0.51242E-02
 0.18000E+02, 0.16000E+02, 0.40168E+03, 0.44063E+00, 0.61901E-02
 0.19000E+02, 0.16000E+02, 0.38833E+03, 0.36382E+00, 0.73487E-02
 0.20000E+02, 0.16000E+02, 0.37406E+03, 0.40133E+00, 0.65181E-02
 0.21000E+02, 0.16000E+02, 0.40424E+03, 0.47215E+00, 0.57988E-02
 0.22000E+02, 0.16000E+02, 0.41453E+03, 0.46274E+00, 0.60067E-02
 0.23000E+02, 0.16000E+02, 0.39812E+03, 0.50272E+00, 0.53970E-02
 0.24000E+02, 0.16000E+02, 0.40102E+03, 0.41261E+00, 0.66041E-02
 0.25000E+02, 0.16000E+02, 0.40066E+03, 0.43346E+00, 0.62830E-02
 0.26000E+02, 0.16000E+02, 0.40887E+03, 0.42337E+00, 0.65111E-02
 0.27000E+02, 0.16000E+02, 0.41503E+03, 0.45709E+00, 0.60853E-02
 0.28000E+02, 0.16000E+02, 0.43254E+03, 0.41378E+00, 0.68932E-02
 0.29000E+02, 0.16000E+02, 0.44784E+03, 0.43399E+00, 0.67146E-02
 0.30000E+02, 0.16000E+02, 0.46010E+03, 0.38812E+00, 0.76359E-02
 0.31000E+02, 0.16000E+02, 0.48225E+03, 0.39832E+00, 0.76652E-02
 0.32000E+02, 0.16000E+02, 0.48817E+03, 0.51899E+00, 0.59291E-02
 0.33000E+02, 0.16000E+02, 0.50394E+03, 0.45929E+00, 0.68386E-02
 0.34000E+02, 0.16000E+02, 0.52258E+03, 0.43976E+00, 0.73136E-02
 0.35000E+02, 0.16000E+02, 0.54479E+03, 0.39820E+00, 0.83024E-02
 0.36000E+02, 0.16000E+02, 0.55890E+03, 0.47114E+00, 0.71380E-02
 0.37000E+02, 0.16000E+02, 0.61101E+03, 0.58862E+00, 0.60712E-02
 0.38000E+02, 0.16000E+02, 0.71135E+03, 0.48397E+00, 0.82220E-02
 0.39000E+02, 0.16000E+02, 0.79047E+03, 0.36430E+00, 0.11801E-01
 0.40000E+02, 0.16000E+02, 0.76568E+03, 0.20396E+00, 0.20586E-01
 0.41000E+02, 0.16000E+02, 0.69301E+03, 0.26240E+00, 0.14882E-01
 0.42000E+02, 0.16000E+02, 0.59658E+03, 0.43731E+00, 0.80384E-02
 0.43000E+02, 0.16000E+02, 0.56855E+03, 0.31123E+00, 0.10931E-01
 0.44000E+02, 0.16000E+02, 0.58282E+03, 0.30221E+00, 0.11448E-01
 0.45000E+02, 0.16000E+02, 0.62133E+03, 0.25520E+00, 0.14167E-01
 0.46000E+02, 0.16000E+02, 0.58005E+03, 0.32366E+00, 0.10655E-01
 0.47000E+02, 0.16000E+02, 0.57887E+03, 0.31125E+00, 0.11064E-01
 0.48000E+02, 0.16000E+02, 0.52062E+03, 0.36085E+00, 0.88910E-02
 0.49000E+02, 0.16000E+02, 0.48454E+03, 0.48689E+00, 0.62899E-02
 0.50000E+02, 0.16000E+02, 0.48459E+03, 0.51293E+00, 0.59710E-02
 0.51000E+02, 0.16000E+02, 0.49251E+03, 0.52224E+00, 0.59258E-02
 0.52000E+02, 0.16000E+02, 0.49833E+03, 0.52858E+00, 0.58991E-02
 0.53000E+02, 0.16000E+02, 0.50721E+03, 0.51471E+00, 0.61278E-02
 0.54000E+02, 0.16000E+02, 0.50592E+03, 0.66879E+00, 0.47083E-02
 0.55000E+02, 0.16000E+02, 0.50708E+03, 0.65554E+00, 0.48106E-02
 0.56000E+02, 0.16000E+02, 0.49872E+03, 0.81490E+00, 0.38284E-02
 0.57000E+02, 0.16000E+02, 0.48784E+03, 0.80371E+00, 0.38270E-02
 0.58000E+02, 0.16000E+02, 0.48363E+03, 0.83069E+00, 0.36822E-02
 0.59000E+02, 0.16000E+02, 0.48142E+03, 0.75418E+00, 0.40439E-02
 0.60000E+02, 0.16000E+02, 0.47213E+03, 0.76415E+00, 0.39420E-02
 0.61000E+02, 0.16000E+02, 0.46304E+03, 0.81780E+00, 0.36385E-02
 0.62000E+02, 0.16000E+02, 0.41337E+03, 0.83491E+00, 0.33235E-02
 0.63000E+02, 0.16000E+02, 0.41977E+03, 0.83197E+00, 0.33663E-02
 0.64000E+02, 0.16000E+02, 0.41982E+03, 0.90892E+00, 0.30815E-02
 0.65000E+02, 0.16000E+02, 0.42400E+03, 0.93590E+00, 0.30107E-02
 0.00000E+00, 0.17000E+02, 0.26013E+03, 0.11965E+00, 0.18014E-01
 0.10000E+01, 0.17000E+02, 0.29872E+03, 0.12154E+00, 0.19018E-01
 0.20000E+01, 0.17000E+02, 0.31580E+03, 0.12237E+00, 0.19453E-01
 0.30000E+01, 0.17000E+02, 0.32956E+03, 0.12965E+00, 0.18790E-01
 0.40000E+01, 0.17000E+02, 0.34331E+03, 0.13142E+00, 0.18959E-01
 0.50000E+01, 0.17000E+02, 0.38432E+03, 0.13225E+00, 0.20094E-01
 0.60000E+01, 0.17000E+02, 0.44762E+03, 0.13244E+00, 0.21997E-01
 0.70000E+01, 0.17000E+02, 0.47239E+03, 0.13012E+00, 0.23159E-01
 0.80000E+01, 0.17000E+02, 0.22000E+02, 0.30000E+02, 0.00000E+00
 0.90000E+01, 0.17000E+02, 0.59606E+03, 0.20507E+00, 0.17131E-01
 0.10000E+02, 0.17000E+02, 0.53319E+03, 0.22044E+00, 0.14784E-01
 0.11000E+02, 0.17000E+02, 0.48878E+03, 0.21290E+00, 0.14465E-01
 0.12000E+02, 0.17000E+02, 0.35363E+03, 0.23685E+00, 0.10696E-01
 0.13000E+02, 0.17000E+02, 0.38487E+03, 0.30740E+00, 0.86520E-02
 0.14000E+02, 0.17000E+02, 0.38556E+03, 0.33528E+00, 0.79410E-02
 0.15000E+02, 0.17000E+02, 0.37301E+03, 0.36819E+00, 0.70932E-02
 0.16000E+02, 0.17000E+02, 0.36665E+03, 0.41110E+00, 0.62903E-02
 0.17000E+02, 0.17000E+02, 0.39300E+03, 0.45008E+00, 0.59822E-02
 0.18000E+02, 0.17000E+02, 0.40266E+03, 0.39496E+00, 0.69160E-02
 0.19000E+02, 0.17000E+02, 0.38369E+03, 0.38609E+00, 0.68763E-02
 0.20000E+02, 0.17000E+02, 0.37045E+03, 0.35289E+00, 0.73715E-02
 0.21000E+02, 0.17000E+02, 0.37995E+03, 0.39420E+00, 0.66964E-02
 0.22000E+02, 0.17000E+02, 0.38610E+03, 0.41280E+00, 0.64550E-02
 0.23000E+02, 0.17000E+02, 0.39116E+03, 0.43576E+00, 0.61617E-02
 0.24000E+02, 0.17000E+02, 0.39462E+03, 0.45258E+00, 0.59636E-02
 0.25000E+02, 0.17000E+02, 0.40405E+03, 0.38922E+00, 0.70323E-02
 0.26000E+02, 0.17000E+02, 0.41035E+03, 0.38374E+00, 0.71992E-02
 0.27000E+02, 0.17000E+02, 0.41468E+03, 0.41901E+00, 0.66350E-02
 0.28000E+02, 0.17000E+02, 0.42781E+03, 0.39030E+00, 0.72590E-02
 0.29000E+02, 0.17000E+02, 0.43772E+03, 0.37947E+00, 0.75715E-02
 0.30000E+02, 0.17000E+02, 0.44910E+03, 0.33701E+00, 0.86621E-02
 0.31000E+02, 0.17000E+02, 0.46307E+03, 0.39206E+00, 0.75899E-02
 0.32000E+02, 0.17000E+02, 0.47939E+03, 0.43015E+00, 0.70711E-02
 0.33000E+02, 0.17000E+02, 0.51224E+03, 0.52407E+00, 0.60573E-02
 0.34000E+02, 0.17000E+02, 0.50810E+03, 0.65814E+00, 0.47979E-02
 0.35000E+02, 0.17000E+02, 0.54042E+03, 0.50397E+00, 0.65248E-02
 0.36000E+02, 0.17000E+02, 0.62605E+03, 0.38417E+00, 0.94605E-02
 0.37000E+02, 0.17000E+02, 0.73946E+03, 0.47720E+00, 0.85767E-02
 0.38000E+02, 0.17000E+02, 0.79567E+03, 0.26413E+00, 0.16356E-01
 0.39000E+02, 0.17000E+02, 0.74624E+03, 0.21169E+00, 0.19463E-01
 0.40000E+02, 0.17000E+02, 0.76625E+03, 0.22335E+00, 0.18810E-01
 0.41000E+02, 0.17000E+02, 0.69247E+03, 0.27827E+00, 0.14025E-01
 0.42000E+02, 0.17000E+02, 0.56360E+03, 0.45328E+00, 0.74612E-02
 0.43000E+02, 0.17000E+02, 0.57998E+03, 0.32596E+00, 0.10579E-01
 0.44000E+02, 0.17000E+02, 0.57781E+03, 0.41880E+00, 0.82126E-02
 0.45000E+02, 0.17000E+02, 0.56853E+03, 0.35271E+00, 0.96451E-02
 0.46000E+02, 0.17000E+02, 0.61061E+03, 0.27873E+00, 0.12815E-01
 0.47000E+02, 0.17000E+02, 0.56893E+03, 0.38655E+00, 0.88051E-02
 0.48000E+02, 0.17000E+02, 0.51648E+03, 0.37550E+00, 0.84994E-02
 0.49000E+02, 0.17000E+02, 0.48199E+03, 0.47529E+00, 0.64217E-02
 0.50000E+02, 0.17000E+02, 0.48219E+03, 0.47805E+00, 0.63863E-02
 0.51000E+02, 0.17000E+02, 0.48929E+03, 0.49227E+00, 0.62601E-02
 0.52000E+02, 0.17000E+02, 0.49735E+03, 0.48768E+00, 0.63858E-02
 0.53000E+02, 0.17000E+02, 0.50603E+03, 0.54133E+00, 0.58177E-02
 0.54000E+02, 0.17000E+02, 0.50454E+03, 0.73222E+00, 0.42929E-02
 0.55000E+02, 0.17000E+02, 0.51141E+03, 0.70984E+00, 0.44673E-02
 0.56000E+02, 0.17000E+02, 0.50800E+03, 0.78597E+00, 0.40170E-02
 0.57000E+02, 0.17000E+02, 0.50551E+03, 0.84557E+00, 0.37220E-02
 0.58000E+02, 0.17000E+02, 0.49905E+03, 0.90401E+00, 0.34525E-02
 0.59000E+02, 0.17000E+02, 0.49116E+03, 0.81732E+00, 0.37797E-02
 0.60000E+02, 0.17000E+02, 0.48271E+03, 0.80613E+00, 0.37898E-02
 0.61000E+02, 0.17000E+02, 0.46832E+03, 0.84645E+00, 0.35405E-02
 0.62000E+02, 0.17000E+02, 0.45348E+03, 0.85018E+00, 0.34545E-02
 0.63000E+02, 0.17000E+02, 0.44750E+03, 0.85286E+00, 0.34153E-02
 0.64000E+02, 0.17000E+02, 0.43699E+03, 0.85825E+00, 0.33444E-02
 0.65000E+02, 0.17000E+02, 0.42984E+03, 0.91461E+00, 0.31066E-02
 0.00000E+00, 0.18000E+02, 0.25293E+03, 0.11826E+00, 0.17980E-01
 0.10000E+01, 0.18000E+02, 0.27579E+03, 0.12345E+00, 0.17972E-01
 0.20000E+01, 0.18000E+02, 0.31648E+03, 0.12402E+00, 0.19216E-01
 0.30000E+01, 0.18000E+02, 0.32942E+03, 0.12921E+00, 0.18849E-01
 0.40000E+01, 0.18000E+02, 0.34019E+03, 0.13344E+00, 0.18578E-01
 0.50000E+01, 0.18000E+02, 0.36699E+03, 0.13402E+00, 0.19305E-01
 0.60000E+01, 0.18000E+02, 0.38303E+03, 0.13368E+00, 0.19840E-01
 0.70000E+01, 0.18000E+02, 0.34491E+03, 0.13020E+00, 0.19187E-01
 0.80000E+01, 0.18000E+02, 0.22000E+02, 0.30000E+02, 0.00000E+00
 0.90000E+01, 0.18000E+02, 0.52425E+03, 0.20154E+00, 0.15992E-01
 0.10000E+02, 0.18000E+02, 0.53492E+03, 0.19836E+00, 0.16465E-01
 0.11000E+02, 0.18000E+02, 0.47727E+03, 0.20645E+00, 0.14692E-01
 0.12000E+02, 0.18000E+02, 0.35808E+03, 0.25323E+00, 0.10075E-01
 0.13000E+02, 0.18000E+02, 0.37841E+03, 0.33562E+00, 0.78465E-02
 0.14000E+02, 0.18000E+02, 0.37691E+03, 0.36287E+00, 0.72406E-02
 0.15000E+02, 0.18000E+02, 0.36490E+03, 0.38891E+00, 0.66312E-02
 0.16000E+02, 0.18000E+02, 0.37509E+03, 0.39475E+00, 0.66372E-02
 0.17000E+02, 0.18000E+02, 0.39820E+03, 0.41678E+00, 0.65106E-02
 0.18000E+02, 0.18000E+02, 0.37567E+03, 0.33106E+00, 0.79214E-02
 0.19000E+02, 0.18000E+02, 0.36441E+03, 0.30035E+00, 0.85795E-02
 0.20000E+02, 0.18000E+02, 0.36805E+03, 0.29697E+00, 0.87269E-02
 0.21000E+02, 0.18000E+02, 0.36879E+03, 0.29884E+00, 0.86824E-02
 0.22000E+02, 0.18000E+02, 0.37507E+03, 0.33664E+00, 0.77828E-02
 0.23000E+02, 0.18000E+02, 0.37937E+03, 0.39082E+00, 0.67484E-02
 0.24000E+02, 0.18000E+02, 0.38758E+03, 0.41493E+00, 0.64361E-02
 0.25000E+02, 0.18000E+02, 0.39621E+03, 0.34053E+00, 0.79449E-02
 0.26000E+02, 0.18000E+02, 0.40734E+03, 0.30560E+00, 0.90001E-02
 0.27000E+02, 0.18000E+02, 0.41888E+03, 0.31149E+00, 0.89798E-02
 0.28000E+02, 0.18000E+02, 0.42847E+03, 0.32452E+00, 0.87385E-02
 0.29000E+02, 0.18000E+02, 0.43756E+03, 0.33386E+00, 0.86042E-02
 0.30000E+02, 0.18000E+02, 0.43897E+03, 0.35121E+00, 0.81953E-02
 0.31000E+02, 0.18000E+02, 0.45220E+03, 0.38368E+00, 0.76411E-02
 0.32000E+02, 0.18000E+02, 0.48740E+03, 0.37858E+00, 0.81198E-02
 0.33000E+02, 0.18000E+02, 0.49872E+03, 0.50745E+00, 0.61479E-02
 0.34000E+02, 0.18000E+02, 0.54835E+03, 0.45336E+00, 0.73238E-02
 0.35000E+02, 0.18000E+02, 0.55707E+03, 0.61186E+00, 0.54843E-02
 0.36000E+02, 0.18000E+02, 0.67220E+03, 0.28051E+00, 0.13622E-01
 0.37000E+02, 0.18000E+02, 0.86725E+03, 0.19335E+00, 0.23839E-01
 0.38000E+02, 0.18000E+02, 0.73535E+03, 0.38071E+00, 0.10707E-01
 0.39000E+02, 0.18000E+02, 0.62870E+03, 0.48537E+00, 0.75099E-02
 0.40000E+02, 0.18000E+02, 0.61426E+03, 0.43136E+00, 0.83149E-02
 0.41000E+02, 0.18000E+02, 0.56268E+03, 0.52973E+00, 0.63773E-02
 0.42000E+02, 0.18000E+02, 0.54761E+03, 0.53798E+00, 0.61664E-02
 0.43000E+02, 0.18000E+02, 0.53964E+03, 0.63114E+00, 0.52051E-02
 0.44000E+02, 0.18000E+02, 0.58602E+03, 0.41804E+00, 0.83069E-02
 0.45000E+02, 0.18000E+02, 0.65511E+03, 0.24314E+00, 0.15431E-01
 0.46000E+02, 0.18000E+02, 0.65490E+03, 0.22359E+00, 0.16776E-01
 0.47000E+02, 0.18000E+02, 0.51199E+03, 0.48019E+00, 0.66087E-02
 0.48000E+02, 0.18000E+02, 0.49049E+03, 0.49958E+00, 0.61782E-02
 0.49000E+02, 0.18000E+02, 0.47736E+03, 0.53711E+00, 0.56477E-02
 0.50000E+02, 0.18000E+02, 0.48127E+03, 0.53075E+00, 0.57451E-02
 0.51000E+02, 0.18000E+02, 0.48972E+03, 0.49467E+00, 0.62333E-02
 0.52000E+02, 0.18000E+02, 0.49889E+03, 0.57160E+00, 0.54592E-02
 0.53000E+02, 0.18000E+02, 0.50123E+03, 0.62574E+00, 0.50020E-02
 0.54000E+02, 0.18000E+02, 0.50652E+03, 0.77261E+00, 0.40788E-02
 0.55000E+02, 0.18000E+02, 0.51199E+03, 0.83397E+00, 0.38052E-02
 0.56000E+02, 0.18000E+02, 0.51774E+03, 0.84830E+00, 0.37683E-02
 0.57000E+02, 0.18000E+02, 0.51858E+03, 0.98367E+00, 0.32532E-02
 0.58000E+02, 0.18000E+02, 0.51303E+03, 0.10908E+01, 0.29130E-02
 0.59000E+02, 0.18000E+02, 0.49359E+03, 0.89019E+00, 0.34813E-02
 0.60000E+02, 0.18000E+02, 0.48857E+03, 0.86214E+00, 0.35711E-02
 0.61000E+02, 0.18000E+02, 0.46413E+03, 0.89471E+00, 0.33306E-02
 0.62000E+02, 0.18000E+02, 0.45027E+03, 0.88239E+00, 0.33137E-02
 0.63000E+02, 0.18000E+02, 0.44613E+03, 0.89008E+00, 0.32662E-02
 0.64000E+02, 0.18000E+02, 0.43713E+03, 0.95425E+00, 0.30085E-02
 0.65000E+02, 0.18000E+02, 0.43076E+03, 0.96644E+00, 0.29439E-02
 0.00000E+00, 0.19000E+02, 0.26289E+03, 0.11989E+00, 0.18071E-01
 0.10000E+01, 0.19000E+02, 0.28276E+03, 0.12215E+00, 0.18395E-01
 0.20000E+01, 0.19000E+02, 0.31101E+03, 0.12183E+00, 0.19380E-01
 0.30000E+01, 0.19000E+02, 0.32852E+03, 0.12615E+00, 0.19277E-01
 0.40000E+01, 0.19000E+02, 0.33420E+03, 0.12914E+00, 0.19008E-01
 0.50000E+01, 0.19000E+02, 0.33673E+03, 0.13064E+00, 0.18868E-01
 0.60000E+01, 0.19000E+02, 0.33038E+03, 0.13158E+00, 0.18539E-01
 0.70000E+01, 0.19000E+02, 0.30400E+03, 0.12656E+00, 0.18432E-01
 0.80000E+01, 0.19000E+02, 0.22000E+02, 0.30000E+02, 0.00000E+00
 0.90000E+01, 0.19000E+02, 0.49436E+03, 0.20248E+00, 0.15320E-01
 0.10000E+02, 0.19000E+02, 0.50183E+03, 0.20149E+00, 0.15545E-01
 0.11000E+02, 0.19000E+02, 0.39136E+03, 0.25138E+00, 0.10684E-01
 0.12000E+02, 0.19000E+02, 0.36325E+03, 0.24359E+00, 0.10560E-01
 0.13000E+02, 0.19000E+02, 0.38570E+03, 0.28191E+00, 0.94460E-02
 0.14000E+02, 0.19000E+02, 0.36746E+03, 0.37844E+00, 0.68418E-02
 0.15000E+02, 0.19000E+02, 0.35860E+03, 0.41942E+00, 0.60880E-02
 0.16000E+02, 0.19000E+02, 0.37758E+03, 0.35967E+00, 0.73127E-02
 0.17000E+02, 0.19000E+02, 0.36435E+03, 0.31643E+00, 0.81429E-02
 0.18000E+02, 0.19000E+02, 0.32735E+03, 0.26145E+00, 0.92832E-02
 0.19000E+02, 0.19000E+02, 0.32186E+03, 0.24815E+00, 0.96916E-02
 0.20000E+02, 0.19000E+02, 0.33122E+03, 0.26921E+00, 0.90738E-02
 0.21000E+02, 0.19000E+02, 0.33053E+03, 0.27117E+00, 0.89981E-02
 0.22000E+02, 0.19000E+02, 0.32900E+03, 0.26099E+00, 0.93252E-02
 0.23000E+02, 0.19000E+02, 0.33197E+03, 0.26678E+00, 0.91677E-02
 0.24000E+02, 0.19000E+02, 0.33506E+03, 0.27427E+00, 0.89628E-02
 0.25000E+02, 0.19000E+02, 0.33582E+03, 0.26297E+00, 0.93599E-02
 0.26000E+02, 0.19000E+02, 0.33196E+03, 0.24613E+00, 0.99367E-02
 0.27000E+02, 0.19000E+02, 0.33622E+03, 0.22423E+00, 0.10984E-01
 0.28000E+02, 0.19000E+02, 0.33244E+03, 0.21554E+00, 0.11356E-01
 0.29000E+02, 0.19000E+02, 0.32168E+03, 0.20074E+00, 0.11977E-01
 0.30000E+02, 0.19000E+02, 0.26055E+03, 0.15821E+00, 0.13634E-01
 0.31000E+02, 0.19000E+02, 0.27121E+03, 0.16115E+00, 0.13653E-01
 0.32000E+02, 0.19000E+02, 0.27365E+03, 0.16140E+00, 0.13693E-01
 0.33000E+02, 0.19000E+02, 0.27739E+03, 0.16217E+00, 0.13721E-01
 0.34000E+02, 0.19000E+02, 0.30750E+03, 0.16775E+00, 0.13991E-01
 0.35000E+02, 0.19000E+02, 0.36075E+03, 0.17472E+00, 0.14664E-01
 0.36000E+02, 0.19000E+02, 0.39635E+03, 0.17448E+00, 0.15509E-01
 0.37000E+02, 0.19000E+02, 0.43048E+03, 0.18032E+00, 0.15772E-01
 0.38000E+02, 0.19000E+02, 0.48224E+03, 0.19005E+00, 0.16065E-01
 0.39000E+02, 0.19000E+02, 0.56566E+03, 0.19549E+00, 0.17343E-01
 0.40000E+02, 0.19000E+02, 0.78572E+03, 0.16289E+00, 0.26274E-01
 0.41000E+02, 0.19000E+02, 0.77254E+03, 0.15231E+00, 0.27749E-01
 0.42000E+02, 0.19000E+02, 0.77042E+03, 0.16389E+00, 0.25736E-01
 0.43000E+02, 0.19000E+02, 0.77461E+03, 0.16103E+00, 0.26298E-01
 0.44000E+02, 0.19000E+02, 0.73429E+03, 0.14555E+00, 0.27976E-01
 0.45000E+02, 0.19000E+02, 0.74573E+03, 0.13746E+00, 0.29959E-01
 0.46000E+02, 0.19000E+02, 0.80680E+03, 0.15680E+00, 0.27837E-01
 0.47000E+02, 0.19000E+02, 0.68990E+03, 0.13876E+00, 0.28053E-01
 0.48000E+02, 0.19000E+02, 0.29392E+03, 0.12918E+00, 0.17742E-01
 0.49000E+02, 0.19000E+02, 0.30575E+03, 0.11787E+00, 0.19850E-01
 0.50000E+02, 0.19000E+02, 0.31987E+03, 0.11399E+00, 0.21027E-01
 0.51000E+02, 0.19000E+02, 0.32294E+03, 0.11998E+00, 0.20081E-01
 0.52000E+02, 0.19000E+02, 0.32855E+03, 0.12548E+00, 0.19382E-01
 0.53000E+02, 0.19000E+02, 0.33176E+03, 0.12387E+00, 0.19737E-01
 0.54000E+02, 0.19000E+02, 0.33819E+03, 0.11661E+00, 0.21190E-01
 0.55000E+02, 0.19000E+02, 0.34460E+03, 0.11550E+00, 0.21617E-01
 0.56000E+02, 0.19000E+02, 0.34912E+03, 0.11628E+00, 0.21630E-01
 0.57000E+02, 0.19000E+02, 0.36887E+03, 0.14821E+00, 0.17509E-01
 0.58000E+02, 0.19000E+02, 0.45164E+03, 0.41325E+00, 0.70889E-02
 0.59000E+02, 0.19000E+02, 0.22000E+02, 0.30000E+02, 0.00000E+00
 0.60000E+02, 0.19000E+02, 0.43213E+03, 0.56637E+00, 0.50331E-02
 0.61000E+02, 0.19000E+02, 0.42137E+03, 0.49430E+00, 0.56790E-02
 0.62000E+02, 0.19000E+02, 0.45038E+03, 0.70331E+00, 0.41580E-02
 0.63000E+02, 0.19000E+02, 0.43417E+03, 0.92092E+00, 0.31044E-02
 0.64000E+02, 0.19000E+02, 0.43445E+03, 0.96248E+00, 0.29715E-02
 0.65000E+02, 0.19000E+02, 0.43236E+03, 0.98386E+00, 0.28983E-02
 0.00000E+00, 0.20000E+02, 0.22565E+03, 0.16064E+00, 0.12550E-01
 0.10000E+01, 0.20000E+02, 0.25278E+03, 0.17073E+00, 0.12451E-01
 0.20000E+01, 0.20000E+02, 0.25848E+03, 0.17322E+00, 0.12405E-01
 0.30000E+01, 0.20000E+02, 0.29134E+03, 0.17525E+00, 0.13019E-01
 0.40000E+01, 0.20000E+02, 0.28913E+03, 0.17745E+00, 0.12807E-01
 0.50000E+01, 0.20000E+02, 0.32567E+03, 0.18195E+00, 0.13302E-01
 0.60000E+01, 0.20000E+02, 0.42771E+03, 0.18168E+00, 0.15592E-01
 0.70000E+01, 0.20000E+02, 0.64991E+03, 0.16897E+00, 0.22081E-01
 0.80000E+01, 0.20000E+02, 0.22000E+02, 0.30000E+02, 0.00000E+00
 0.90000E+01, 0.20000E+02, 0.57938E+03, 0.20184E+00, 0.17072E-01
 0.10000E+02, 0.20000E+02, 0.45564E+03, 0.22593E+00, 0.13038E-01
 0.11000E+02, 0.20000E+02, 0.36076E+03, 0.25945E+00, 0.98752E-02
 0.12000E+02, 0.20000E+02, 0.37743E+03, 0.22118E+00, 0.11888E-01
 0.13000E+02, 0.20000E+02, 0.38971E+03, 0.23276E+00, 0.11511E-01
 0.14000E+02, 0.20000E+02, 0.36515E+03, 0.37231E+00, 0.69293E-02
 0.15000E+02, 0.20000E+02, 0.36269E+03, 0.41464E+00, 0.61981E-02
 0.16000E+02, 0.20000E+02, 0.37168E+03, 0.35208E+00, 0.74025E-02
 0.17000E+02, 0.20000E+02, 0.34956E+03, 0.30589E+00, 0.82281E-02
 0.18000E+02, 0.20000E+02, 0.32245E+03, 0.24906E+00, 0.96654E-02
 0.19000E+02, 0.20000E+02, 0.32379E+03, 0.23740E+00, 0.10163E-01
 0.20000E+02, 0.20000E+02, 0.34512E+03, 0.26994E+00, 0.92574E-02
 0.21000E+02, 0.20000E+02, 0.34818E+03, 0.30794E+00, 0.81553E-02
 0.22000E+02, 0.20000E+02, 0.34895E+03, 0.32567E+00, 0.77209E-02
 0.23000E+02, 0.20000E+02, 0.34670E+03, 0.30226E+00, 0.82885E-02
 0.24000E+02, 0.20000E+02, 0.34184E+03, 0.27188E+00, 0.91425E-02
 0.25000E+02, 0.20000E+02, 0.35064E+03, 0.25467E+00, 0.99000E-02
 0.26000E+02, 0.20000E+02, 0.35228E+03, 0.23428E+00, 0.10790E-01
 0.27000E+02, 0.20000E+02, 0.35145E+03, 0.24712E+00, 0.10216E-01
 0.28000E+02, 0.20000E+02, 0.35747E+03, 0.26314E+00, 0.96863E-02
 0.29000E+02, 0.20000E+02, 0.31440E+03, 0.19545E+00, 0.12150E-01
 0.30000E+02, 0.20000E+02, 0.28161E+03, 0.16046E+00, 0.13974E-01
 0.31000E+02, 0.20000E+02, 0.27782E+03, 0.16330E+00, 0.13637E-01
 0.32000E+02, 0.20000E+02, 0.27912E+03, 0.16076E+00, 0.13885E-01
 0.33000E+02, 0.20000E+02, 0.28509E+03, 0.15707E+00, 0.14365E-01
 0.34000E+02, 0.20000E+02, 0.29950E+03, 0.16242E+00, 0.14251E-01
 0.35000E+02, 0.20000E+02, 0.33467E+03, 0.16760E+00, 0.14658E-01
 0.36000E+02, 0.20000E+02, 0.37594E+03, 0.16862E+00, 0.15559E-01
 0.37000E+02, 0.20000E+02, 0.42881E+03, 0.16771E+00, 0.16917E-01
 0.38000E+02, 0.20000E+02, 0.43753E+03, 0.17618E+00, 0.16304E-01
 0.39000E+02, 0.20000E+02, 0.42860E+03, 0.18772E+00, 0.15109E-01
 0.40000E+02, 0.20000E+02, 0.48788E+03, 0.21197E+00, 0.14512E-01
 0.41000E+02, 0.20000E+02, 0.62244E+03, 0.23493E+00, 0.15408E-01
 0.42000E+02, 0.20000E+02, 0.72662E+03, 0.23208E+00, 0.17412E-01
 0.43000E+02, 0.20000E+02, 0.85125E+03, 0.20524E+00, 0.22143E-01
 0.44000E+02, 0.20000E+02, 0.80943E+03, 0.17387E+00, 0.25166E-01
 0.45000E+02, 0.20000E+02, 0.82122E+03, 0.14289E+00, 0.30955E-01
 0.46000E+02, 0.20000E+02, 0.80671E+03, 0.14327E+00, 0.30465E-01
 0.47000E+02, 0.20000E+02, 0.75835E+03, 0.14357E+00, 0.29038E-01
 0.48000E+02, 0.20000E+02, 0.32023E+03, 0.12181E+00, 0.19688E-01
 0.49000E+02, 0.20000E+02, 0.33102E+03, 0.12396E+00, 0.19699E-01
 0.50000E+02, 0.20000E+02, 0.34592E+03, 0.10710E+00, 0.23363E-01
 0.51000E+02, 0.20000E+02, 0.34015E+03, 0.10343E+00, 0.23967E-01
 0.52000E+02, 0.20000E+02, 0.33741E+03, 0.10254E+00, 0.24066E-01
 0.53000E+02, 0.20000E+02, 0.34238E+03, 0.10772E+00, 0.23095E-01
 0.54000E+02, 0.20000E+02, 0.35710E+03, 0.11367E+00, 0.22410E-01
 0.55000E+02, 0.20000E+02, 0.36001E+03, 0.10619E+00, 0.24099E-01
 0.56000E+02, 0.20000E+02, 0.35787E+03, 0.13085E+00, 0.19492E-01
 0.57000E+02, 0.20000E+02, 0.36370E+03, 0.16911E+00, 0.15221E-01
 0.58000E+02, 0.20000E+02, 0.37991E+03, 0.22923E+00, 0.11515E-01
 0.59000E+02, 0.20000E+02, 0.22000E+02, 0.30000E+02, 0.00000E+00
 0.60000E+02, 0.20000E+02, 0.34417E+03, 0.35240E+00, 0.70802E-02
 0.61000E+02, 0.20000E+02, 0.38076E+03, 0.37557E+00, 0.70372E-02
 0.62000E+02, 0.20000E+02, 0.41425E+03, 0.54109E+00, 0.51347E-02
 0.63000E+02, 0.20000E+02, 0.42003E+03, 0.75560E+00, 0.37080E-02
 0.64000E+02, 0.20000E+02, 0.41878E+03, 0.74418E+00, 0.37580E-02
 0.65000E+02, 0.20000E+02, 0.42593E+03, 0.88822E+00, 0.31812E-02
 0.00000E+00, 0.21000E+02, 0.23312E+03, 0.16179E+00, 0.12647E-01
 0.10000E+01, 0.21000E+02, 0.25703E+03, 0.17622E+00, 0.12160E-01
 0.20000E+01, 0.21000E+02, 0.25948E+03, 0.18041E+00, 0.11933E-01
 0.30000E+01, 0.21000E+02, 0.28710E+03, 0.17967E+00, 0.12603E-01
 0.40000E+01, 0.21000E+02, 0.32950E+03, 0.17735E+00, 0.13734E-01
 0.50000E+01, 0.21000E+02, 0.35083E+03, 0.18268E+00, 0.13806E-01
 0.60000E+01, 0.21000E+02, 0.39184E+03, 0.18621E+00, 0.14434E-01
 0.70000E+01, 0.21000E+02, 0.46623E+03, 0.19394E+00, 0.15409E-01
 0.80000E+01, 0.21000E+02, 0.22000E+02, 0.30000E+02, 0.00000E+00
 0.90000E+01, 0.21000E+02, 0.50137E+03, 0.24143E+00, 0.12966E-01
 0.10000E+02, 0.21000E+02, 0.41890E+03, 0.24396E+00, 0.11465E-01
 0.11000E+02, 0.21000E+02, 0.37265E+03, 0.22858E+00, 0.11419E-01
 0.12000E+02, 0.21000E+02, 0.36912E+03, 0.22006E+00, 0.11797E-01
 0.13000E+02, 0.21000E+02, 0.38248E+03, 0.24110E+00, 0.10991E-01
 0.14000E+02, 0.21000E+02, 0.36125E+03, 0.38402E+00, 0.66770E-02
 0.15000E+02, 0.21000E+02, 0.36193E+03, 0.37015E+00, 0.69347E-02
 0.16000E+02, 0.21000E+02, 0.33924E+03, 0.26915E+00, 0.91962E-02
 0.17000E+02, 0.21000E+02, 0.33105E+03, 0.25413E+00, 0.96094E-02
 0.18000E+02, 0.21000E+02, 0.32316E+03, 0.24914E+00, 0.96739E-02
 0.19000E+02, 0.21000E+02, 0.33072E+03, 0.24264E+00, 0.10059E-01
 0.20000E+02, 0.21000E+02, 0.34160E+03, 0.27299E+00, 0.91019E-02
 0.21000E+02, 0.21000E+02, 0.34322E+03, 0.31251E+00, 0.79716E-02
 0.22000E+02, 0.21000E+02, 0.34761E+03, 0.33639E+00, 0.74586E-02
 0.23000E+02, 0.21000E+02, 0.34369E+03, 0.33564E+00, 0.74280E-02
 0.24000E+02, 0.21000E+02, 0.33779E+03, 0.26578E+00, 0.92909E-02
 0.25000E+02, 0.21000E+02, 0.34339E+03, 0.31187E+00, 0.79903E-02
 0.26000E+02, 0.21000E+02, 0.33708E+03, 0.32449E+00, 0.76010E-02
 0.27000E+02, 0.21000E+02, 0.34393E+03, 0.34438E+00, 0.72423E-02
 0.28000E+02, 0.21000E+02, 0.34386E+03, 0.23542E+00, 0.10593E-01
 0.29000E+02, 0.21000E+02, 0.31892E+03, 0.20400E+00, 0.11731E-01
 0.30000E+02, 0.21000E+02, 0.29746E+03, 0.15332E+00, 0.15042E-01
 0.31000E+02, 0.21000E+02, 0.27678E+03, 0.15958E+00, 0.13928E-01
 0.32000E+02, 0.21000E+02, 0.27617E+03, 0.15966E+00, 0.13907E-01
 0.33000E+02, 0.21000E+02, 0.27693E+03, 0.15746E+00, 0.14120E-01
 0.34000E+02, 0.21000E+02, 0.30237E+03, 0.15082E+00, 0.15424E-01
 0.35000E+02, 0.21000E+02, 0.31823E+03, 0.15575E+00, 0.15347E-01
 0.36000E+02, 0.21000E+02, 0.36669E+03, 0.16381E+00, 0.15787E-01
 0.37000E+02, 0.21000E+02, 0.42065E+03, 0.15753E+00, 0.17802E-01
 0.38000E+02, 0.21000E+02, 0.45614E+03, 0.16124E+00, 0.18281E-01
 0.39000E+02, 0.21000E+02, 0.46952E+03, 0.16713E+00, 0.17961E-01
 0.40000E+02, 0.21000E+02, 0.47993E+03, 0.17580E+00, 0.17314E-01
 0.41000E+02, 0.21000E+02, 0.55850E+03, 0.20404E+00, 0.16474E-01
 0.42000E+02, 0.21000E+02, 0.59811E+03, 0.20438E+00, 0.17230E-01
 0.43000E+02, 0.21000E+02, 0.59949E+03, 0.19282E+00, 0.18292E-01
 0.44000E+02, 0.21000E+02, 0.68812E+03, 0.20077E+00, 0.19352E-01
 0.45000E+02, 0.21000E+02, 0.73919E+03, 0.19218E+00, 0.21291E-01
 0.46000E+02, 0.21000E+02, 0.79231E+03, 0.14227E+00, 0.30270E-01
 0.47000E+02, 0.21000E+02, 0.75694E+03, 0.13484E+00, 0.30878E-01
 0.48000E+02, 0.21000E+02, 0.31833E+03, 0.11385E+00, 0.20997E-01
 0.49000E+02, 0.21000E+02, 0.33866E+03, 0.11616E+00, 0.21287E-01
 0.50000E+02, 0.21000E+02, 0.34613E+03, 0.10852E+00, 0.23065E-01
 0.51000E+02, 0.21000E+02, 0.34658E+03, 0.10226E+00, 0.24494E-01
 0.52000E+02, 0.21000E+02, 0.34831E+03, 0.10596E+00, 0.23706E-01
 0.53000E+02, 0.21000E+02, 0.33990E+03, 0.10033E+00, 0.24696E-01
 0.54000E+02, 0.21000E+02, 0.35455E+03, 0.10583E+00, 0.23972E-01
 0.55000E+02, 0.21000E+02, 0.36294E+03, 0.10298E+00, 0.24966E-01
 0.56000E+02, 0.21000E+02, 0.36017E+03, 0.10249E+00, 0.24977E-01
 0.57000E+02, 0.21000E+02, 0.35074E+03, 0.10834E+00, 0.23276E-01
 0.58000E+02, 0.21000E+02, 0.34410E+03, 0.19423E+00, 0.12845E-01
 0.59000E+02, 0.21000E+02, 0.22000E+02, 0.30000E+02, 0.00000E+00
 0.60000E+02, 0.21000E+02, 0.34445E+03, 0.39448E+00, 0.63279E-02
 0.61000E+02, 0.21000E+02, 0.36677E+03, 0.38941E+00, 0.66420E-02
 0.62000E+02, 0.21000E+02, 0.39776E+03, 0.48081E+00, 0.56399E-02
 0.63000E+02, 0.21000E+02, 0.40293E+03, 0.51192E+00, 0.53379E-02
 0.64000E+02, 0.21000E+02, 0.42543E+03, 0.67180E+00, 0.42029E-02
 0.65000E+02, 0.21000E+02, 0.43160E+03, 0.81417E+00, 0.34987E-02
 0.00000E+00, 0.22000E+02, 0.24996E+03, 0.16437E+00, 0.12863E-01
 0.10000E+01, 0.22000E+02, 0.25754E+03, 0.17565E+00, 0.12212E-01
 0.20000E+01, 0.22000E+02, 0.25123E+03, 0.18227E+00, 0.11628E-01
 0.30000E+01, 0.22000E+02, 0.26603E+03, 0.18311E+00, 0.11901E-01
 0.40000E+01, 0.22000E+02, 0.33039E+03, 0.17620E+00, 0.13844E-01
 0.50000E+01, 0.22000E+02, 0.35586E+03, 0.17779E+00, 0.14300E-01
 0.60000E+01, 0.22000E+02, 0.37030E+03, 0.18412E+00, 0.14125E-01
 0.70000E+01, 0.22000E+02, 0.36359E+03, 0.19313E+00, 0.13326E-01
 0.80000E+01, 0.22000E+02, 0.22000E+02, 0.30000E+02, 0.00000E+00
 0.90000E+01, 0.22000E+02, 0.42475E+03, 0.26358E+00, 0.10702E-01
 0.10000E+02, 0.22000E+02, 0.40961E+03, 0.23018E+00, 0.11989E-01
 0.11000E+02, 0.22000E+02, 0.38348E+03, 0.21508E+00, 0.12340E-01
 0.12000E+02, 0.22000E+02, 0.33057E+03, 0.24661E+00, 0.98945E-02
 0.13000E+02, 0.22000E+02, 0.36966E+03, 0.22986E+00, 0.11303E-01
 0.14000E+02, 0.22000E+02, 0.36074E+03, 0.35580E+00, 0.72009E-02
 0.15000E+02, 0.22000E+02, 0.34756E+03, 0.28425E+00, 0.88261E-02
 0.16000E+02, 0.22000E+02, 0.33226E+03, 0.26207E+00, 0.93372E-02
 0.17000E+02, 0.22000E+02, 0.32056E+03, 0.25690E+00, 0.93410E-02
 0.18000E+02, 0.22000E+02, 0.31612E+03, 0.25892E+00, 0.91988E-02
 0.19000E+02, 0.22000E+02, 0.32495E+03, 0.24426E+00, 0.98967E-02
 0.20000E+02, 0.22000E+02, 0.33290E+03, 0.27040E+00, 0.90591E-02
 0.21000E+02, 0.22000E+02, 0.32893E+03, 0.34156E+00, 0.71248E-02
 0.22000E+02, 0.22000E+02, 0.34439E+03, 0.37256E+00, 0.66995E-02
 0.23000E+02, 0.22000E+02, 0.34508E+03, 0.32338E+00, 0.77271E-02
 0.24000E+02, 0.22000E+02, 0.34138E+03, 0.28729E+00, 0.86457E-02
 0.25000E+02, 0.22000E+02, 0.34653E+03, 0.31884E+00, 0.78554E-02
 0.26000E+02, 0.22000E+02, 0.34407E+03, 0.34497E+00, 0.72316E-02
 0.27000E+02, 0.22000E+02, 0.34022E+03, 0.33281E+00, 0.74491E-02
 0.28000E+02, 0.22000E+02, 0.34487E+03, 0.24259E+00, 0.10297E-01
 0.29000E+02, 0.22000E+02, 0.32492E+03, 0.21391E+00, 0.11301E-01
 0.30000E+02, 0.22000E+02, 0.29959E+03, 0.14540E+00, 0.15921E-01
 0.31000E+02, 0.22000E+02, 0.29005E+03, 0.15261E+00, 0.14916E-01
 0.32000E+02, 0.22000E+02, 0.28866E+03, 0.15138E+00, 0.15000E-01
 0.33000E+02, 0.22000E+02, 0.30125E+03, 0.14754E+00, 0.15735E-01
 0.34000E+02, 0.22000E+02, 0.31695E+03, 0.14958E+00, 0.15946E-01
 0.35000E+02, 0.22000E+02, 0.34591E+03, 0.15388E+00, 0.16260E-01
 0.36000E+02, 0.22000E+02, 0.36362E+03, 0.15535E+00, 0.16567E-01
 0.37000E+02, 0.22000E+02, 0.37364E+03, 0.15000E+00, 0.17428E-01
 0.38000E+02, 0.22000E+02, 0.39305E+03, 0.14749E+00, 0.18257E-01
 0.39000E+02, 0.22000E+02, 0.48471E+03, 0.15847E+00, 0.19329E-01
 0.40000E+02, 0.22000E+02, 0.49159E+03, 0.15746E+00, 0.19630E-01
 0.41000E+02, 0.22000E+02, 0.48580E+03, 0.15643E+00, 0.19610E-01
 0.42000E+02, 0.22000E+02, 0.48566E+03, 0.15644E+00, 0.19604E-01
 0.43000E+02, 0.22000E+02, 0.48153E+03, 0.14422E+00, 0.21151E-01
 0.44000E+02, 0.22000E+02, 0.51028E+03, 0.13906E+00, 0.22771E-01
 0.45000E+02, 0.22000E+02, 0.60319E+03, 0.14934E+00, 0.23718E-01
 0.46000E+02, 0.22000E+02, 0.75197E+03, 0.13703E+00, 0.30238E-01
 0.47000E+02, 0.22000E+02, 0.73696E+03, 0.13195E+00, 0.30942E-01
 0.48000E+02, 0.22000E+02, 0.32272E+03, 0.10506E+00, 0.22924E-01
 0.49000E+02, 0.22000E+02, 0.34690E+03, 0.99813E-01, 0.25108E-01
 0.50000E+02, 0.22000E+02, 0.35018E+03, 0.10304E+00, 0.24450E-01
 0.51000E+02, 0.22000E+02, 0.34788E+03, 0.10379E+00, 0.24185E-01
 0.52000E+02, 0.22000E+02, 0.34702E+03, 0.10369E+00, 0.24174E-01
 0.53000E+02, 0.22000E+02, 0.35076E+03, 0.10130E+00, 0.24894E-01
 0.54000E+02, 0.22000E+02, 0.35277E+03, 0.10140E+00, 0.24949E-01
 0.55000E+02, 0.22000E+02, 0.35589E+03, 0.10013E+00, 0.25391E-01
 0.56000E+02, 0.22000E+02, 0.35917E+03, 0.10021E+00, 0.25504E-01
 0.57000E+02, 0.22000E+02, 0.35618E+03, 0.99107E-01, 0.25666E-01
 0.58000E+02, 0.22000E+02, 0.32852E+03, 0.13505E+00, 0.18007E-01
 0.59000E+02, 0.22000E+02, 0.22000E+02, 0.30000E+02, 0.00000E+00
 0.60000E+02, 0.22000E+02, 0.34175E+03, 0.44193E+00, 0.56238E-02
 0.61000E+02, 0.22000E+02, 0.35254E+03, 0.39359E+00, 0.64253E-02
 0.62000E+02, 0.22000E+02, 0.37820E+03, 0.46044E+00, 0.57177E-02
 0.63000E+02, 0.22000E+02, 0.39288E+03, 0.62119E+00, 0.43336E-02
 0.64000E+02, 0.22000E+02, 0.40878E+03, 0.66721E+00, 0.41310E-02
 0.65000E+02, 0.22000E+02, 0.42400E+03, 0.77210E+00, 0.36495E-02
 0.00000E+00, 0.23000E+02, 0.24995E+03, 0.16763E+00, 0.12613E-01
 0.10000E+01, 0.23000E+02, 0.25854E+03, 0.17316E+00, 0.12410E-01
 0.20000E+01, 0.23000E+02, 0.25204E+03, 0.18224E+00, 0.11648E-01
 0.30000E+01, 0.23000E+02, 0.25756E+03, 0.18322E+00, 0.11708E-01
 0.40000E+01, 0.23000E+02, 0.31310E+03, 0.17719E+00, 0.13373E-01
 0.50000E+01, 0.23000E+02, 0.33960E+03, 0.17441E+00, 0.14200E-01
 0.60000E+01, 0.23000E+02, 0.33575E+03, 0.17728E+00, 0.13882E-01
 0.70000E+01, 0.23000E+02, 0.35297E+03, 0.17691E+00, 0.14305E-01
 0.80000E+01, 0.23000E+02, 0.22000E+02, 0.30000E+02, 0.00000E+00
 0.90000E+01, 0.23000E+02, 0.39062E+03, 0.27058E+00, 0.99149E-02
 0.10000E+02, 0.23000E+02, 0.39565E+03, 0.23957E+00, 0.11283E-01
 0.11000E+02, 0.23000E+02, 0.37862E+03, 0.22408E+00, 0.11756E-01
 0.12000E+02, 0.23000E+02, 0.34502E+03, 0.23819E+00, 0.10489E-01
 0.13000E+02, 0.23000E+02, 0.36516E+03, 0.21805E+00, 0.11832E-01
 0.14000E+02, 0.23000E+02, 0.36430E+03, 0.30626E+00, 0.84125E-02
 0.15000E+02, 0.23000E+02, 0.35165E+03, 0.29456E+00, 0.85732E-02
 0.16000E+02, 0.23000E+02, 0.33322E+03, 0.26125E+00, 0.93812E-02
 0.17000E+02, 0.23000E+02, 0.31999E+03, 0.24751E+00, 0.96861E-02
 0.18000E+02, 0.23000E+02, 0.31399E+03, 0.24791E+00, 0.95727E-02
 0.19000E+02, 0.23000E+02, 0.32358E+03, 0.25260E+00, 0.95482E-02
 0.20000E+02, 0.23000E+02, 0.32704E+03, 0.27062E+00, 0.89642E-02
 0.21000E+02, 0.23000E+02, 0.33050E+03, 0.34135E+00, 0.71476E-02
 0.22000E+02, 0.23000E+02, 0.33767E+03, 0.34638E+00, 0.71276E-02
 0.23000E+02, 0.23000E+02, 0.34158E+03, 0.34142E+00, 0.72775E-02
 0.24000E+02, 0.23000E+02, 0.33999E+03, 0.28687E+00, 0.86388E-02
 0.25000E+02, 0.23000E+02, 0.33675E+03, 0.26759E+00, 0.92123E-02
 0.26000E+02, 0.23000E+02, 0.34408E+03, 0.30879E+00, 0.80790E-02
 0.27000E+02, 0.23000E+02, 0.34581E+03, 0.29686E+00, 0.84274E-02
 0.28000E+02, 0.23000E+02, 0.33816E+03, 0.26379E+00, 0.93667E-02
 0.29000E+02, 0.23000E+02, 0.32793E+03, 0.22617E+00, 0.10742E-01
 0.30000E+02, 0.23000E+02, 0.29565E+03, 0.13986E+00, 0.16438E-01
 0.31000E+02, 0.23000E+02, 0.30570E+03, 0.14074E+00, 0.16624E-01
 0.32000E+02, 0.23000E+02, 0.31329E+03, 0.13977E+00, 0.16959E-01
 0.33000E+02, 0.23000E+02, 0.33016E+03, 0.14565E+00, 0.16742E-01
 0.34000E+02, 0.23000E+02, 0.34155E+03, 0.14338E+00, 0.17328E-01
 0.35000E+02, 0.23000E+02, 0.36669E+03, 0.14908E+00, 0.17347E-01
 0.36000E+02, 0.23000E+02, 0.36956E+03, 0.14081E+00, 0.18449E-01
 0.37000E+02, 0.23000E+02, 0.35684E+03, 0.14609E+00, 0.17430E-01
 0.38000E+02, 0.23000E+02, 0.32773E+03, 0.16018E+00, 0.15162E-01
 0.39000E+02, 0.23000E+02, 0.35337E+03, 0.13473E+00, 0.18796E-01
 0.40000E+02, 0.23000E+02, 0.45742E+03, 0.14159E+00, 0.20854E-01
 0.41000E+02, 0.23000E+02, 0.42715E+03, 0.13283E+00, 0.21308E-01
 0.42000E+02, 0.23000E+02, 0.43086E+03, 0.13708E+00, 0.20759E-01
 0.43000E+02, 0.23000E+02, 0.43911E+03, 0.14322E+00, 0.20101E-01
 0.44000E+02, 0.23000E+02, 0.49594E+03, 0.13712E+00, 0.22669E-01
 0.45000E+02, 0.23000E+02, 0.60328E+03, 0.14324E+00, 0.24731E-01
 0.46000E+02, 0.23000E+02, 0.70603E+03, 0.12399E+00, 0.31920E-01
 0.47000E+02, 0.23000E+02, 0.71767E+03, 0.13399E+00, 0.29889E-01
 0.48000E+02, 0.23000E+02, 0.34196E+03, 0.99830E-01, 0.24904E-01
 0.49000E+02, 0.23000E+02, 0.35103E+03, 0.99475E-01, 0.25361E-01
 0.50000E+02, 0.23000E+02, 0.35009E+03, 0.10535E+00, 0.23910E-01
 0.51000E+02, 0.23000E+02, 0.35529E+03, 0.10279E+00, 0.24710E-01
 0.52000E+02, 0.23000E+02, 0.35701E+03, 0.10097E+00, 0.25226E-01
 0.53000E+02, 0.23000E+02, 0.35570E+03, 0.10170E+00, 0.24993E-01
 0.54000E+02, 0.23000E+02, 0.35599E+03, 0.10107E+00, 0.25160E-01
 0.55000E+02, 0.23000E+02, 0.35840E+03, 0.99776E-01, 0.25584E-01
 0.56000E+02, 0.23000E+02, 0.35715E+03, 0.99936E-01, 0.25492E-01
 0.57000E+02, 0.23000E+02, 0.35430E+03, 0.98274E-01, 0.25806E-01
 0.58000E+02, 0.23000E+02, 0.32879E+03, 0.12829E+00, 0.18965E-01
 0.59000E+02, 0.23000E+02, 0.22000E+02, 0.30000E+02, 0.00000E+00
 0.60000E+02, 0.23000E+02, 0.34857E+03, 0.39099E+00, 0.64270E-02
 0.61000E+02, 0.23000E+02, 0.35800E+03, 0.45695E+00, 0.55827E-02
 0.62000E+02, 0.23000E+02, 0.38295E+03, 0.47403E+00, 0.55942E-02
 0.63000E+02, 0.23000E+02, 0.39380E+03, 0.75381E+00, 0.35761E-02
 0.64000E+02, 0.23000E+02, 0.40140E+03, 0.72900E+00, 0.37400E-02
 0.65000E+02, 0.23000E+02, 0.41705E+03, 0.75889E+00, 0.36760E-02
 0.00000E+00, 0.24000E+02, 0.23851E+03, 0.16749E+00, 0.12347E-01
 0.10000E+01, 0.24000E+02, 0.26169E+03, 0.17048E+00, 0.12680E-01
 0.20000E+01, 0.24000E+02, 0.25863E+03, 0.17902E+00, 0.12006E-01
 0.30000E+01, 0.24000E+02, 0.25652E+03, 0.18262E+00, 0.11723E-01
 0.40000E+01, 0.24000E+02, 0.29468E+03, 0.17777E+00, 0.12910E-01
 0.50000E+01, 0.24000E+02, 0.30306E+03, 0.17764E+00, 0.13110E-01
 0.60000E+01, 0.24000E+02, 0.29835E+03, 0.18155E+00, 0.12723E-01
 0.70000E+01, 0.24000E+02, 0.26917E+03, 0.18081E+00, 0.12123E-01
 0.80000E+01, 0.24000E+02, 0.22000E+02, 0.30000E+02, 0.00000E+00
 0.90000E+01, 0.24000E+02, 0.37083E+03, 0.32425E+00, 0.80273E-02
 0.10000E+02, 0.24000E+02, 0.37131E+03, 0.26473E+00, 0.98393E-02
 0.11000E+02, 0.24000E+02, 0.39925E+03, 0.22607E+00, 0.12022E-01
 0.12000E+02, 0.24000E+02, 0.35856E+03, 0.25368E+00, 0.10065E-01
 0.13000E+02, 0.24000E+02, 0.36861E+03, 0.23811E+00, 0.10894E-01
 0.14000E+02, 0.24000E+02, 0.36411E+03, 0.27289E+00, 0.94388E-02
 0.15000E+02, 0.24000E+02, 0.35096E+03, 0.28125E+00, 0.89692E-02
 0.16000E+02, 0.24000E+02, 0.33302E+03, 0.26894E+00, 0.91099E-02
 0.17000E+02, 0.24000E+02, 0.32958E+03, 0.24252E+00, 0.10045E-01
 0.18000E+02, 0.24000E+02, 0.30874E+03, 0.22447E+00, 0.10478E-01
 0.19000E+02, 0.24000E+02, 0.33149E+03, 0.25474E+00, 0.95935E-02
 0.20000E+02, 0.24000E+02, 0.33835E+03, 0.27262E+00, 0.90661E-02
 0.21000E+02, 0.24000E+02, 0.33883E+03, 0.31528E+00, 0.78455E-02
 0.22000E+02, 0.24000E+02, 0.33880E+03, 0.35039E+00, 0.70591E-02
 0.23000E+02, 0.24000E+02, 0.33934E+03, 0.26451E+00, 0.93591E-02
 0.24000E+02, 0.24000E+02, 0.33883E+03, 0.23922E+00, 0.10340E-01
 0.25000E+02, 0.24000E+02, 0.33769E+03, 0.24488E+00, 0.10082E-01
 0.26000E+02, 0.24000E+02, 0.33851E+03, 0.26849E+00, 0.92080E-02
 0.27000E+02, 0.24000E+02, 0.34084E+03, 0.28498E+00, 0.87080E-02
 0.28000E+02, 0.24000E+02, 0.33993E+03, 0.28039E+00, 0.88374E-02
 0.29000E+02, 0.24000E+02, 0.32871E+03, 0.24327E+00, 0.99996E-02
 0.30000E+02, 0.24000E+02, 0.29457E+03, 0.13519E+00, 0.16974E-01
 0.31000E+02, 0.24000E+02, 0.30857E+03, 0.13741E+00, 0.17111E-01
 0.32000E+02, 0.24000E+02, 0.33078E+03, 0.13346E+00, 0.18290E-01
 0.33000E+02, 0.24000E+02, 0.33881E+03, 0.13527E+00, 0.18285E-01
 0.34000E+02, 0.24000E+02, 0.36360E+03, 0.14287E+00, 0.18013E-01
 0.35000E+02, 0.24000E+02, 0.37409E+03, 0.14556E+00, 0.17972E-01
 0.36000E+02, 0.24000E+02, 0.35824E+03, 0.13499E+00, 0.18905E-01
 0.37000E+02, 0.24000E+02, 0.33696E+03, 0.14552E+00, 0.16946E-01
 0.38000E+02, 0.24000E+02, 0.32963E+03, 0.14463E+00, 0.16846E-01
 0.39000E+02, 0.24000E+02, 0.42230E+03, 0.11794E+00, 0.23833E-01
 0.40000E+02, 0.24000E+02, 0.41510E+03, 0.12973E+00, 0.21442E-01
 0.41000E+02, 0.24000E+02, 0.43956E+03, 0.12762E+00, 0.22573E-01
 0.42000E+02, 0.24000E+02, 0.42147E+03, 0.13753E+00, 0.20413E-01
 0.43000E+02, 0.24000E+02, 0.42617E+03, 0.14045E+00, 0.20125E-01
 0.44000E+02, 0.24000E+02, 0.49385E+03, 0.14166E+00, 0.21884E-01
 0.45000E+02, 0.24000E+02, 0.59513E+03, 0.14282E+00, 0.24573E-01
 0.46000E+02, 0.24000E+02, 0.66222E+03, 0.12784E+00, 0.29573E-01
 0.47000E+02, 0.24000E+02, 0.71647E+03, 0.13144E+00, 0.30432E-01
 0.48000E+02, 0.24000E+02, 0.33205E+03, 0.98685E-01, 0.24787E-01
 0.49000E+02, 0.24000E+02, 0.34599E+03, 0.10402E+00, 0.24056E-01
 0.50000E+02, 0.24000E+02, 0.34120E+03, 0.10973E+00, 0.22630E-01
 0.51000E+02, 0.24000E+02, 0.35111E+03, 0.10073E+00, 0.25050E-01
 0.52000E+02, 0.24000E+02, 0.35878E+03, 0.10117E+00, 0.25247E-01
 0.53000E+02, 0.24000E+02, 0.35963E+03, 0.10081E+00, 0.25369E-01
 0.54000E+02, 0.24000E+02, 0.36205E+03, 0.97776E-01, 0.26258E-01
 0.55000E+02, 0.24000E+02, 0.35496E+03, 0.99676E-01, 0.25470E-01
 0.56000E+02, 0.24000E+02, 0.35314E+03, 0.99734E-01, 0.25381E-01
 0.57000E+02, 0.24000E+02, 0.33579E+03, 0.12321E+00, 0.19976E-01
 0.58000E+02, 0.24000E+02, 0.33430E+03, 0.11098E+00, 0.22122E-01
 0.59000E+02, 0.24000E+02, 0.22000E+02, 0.30000E+02, 0.00000E+00
 0.60000E+02, 0.24000E+02, 0.35416E+03, 0.44068E+00, 0.57536E-02
 0.61000E+02, 0.24000E+02, 0.35901E+03, 0.46352E+00, 0.55124E-02
 0.62000E+02, 0.24000E+02, 0.38777E+03, 0.53108E+00, 0.50300E-02
 0.63000E+02, 0.24000E+02, 0.39175E+03, 0.66967E+00, 0.40130E-02
 0.64000E+02, 0.24000E+02, 0.39707E+03, 0.85962E+00, 0.31513E-02
 0.65000E+02, 0.24000E+02, 0.40760E+03, 0.71074E+00, 0.38713E-02
 0.00000E+00, 0.25000E+02, 0.23273E+03, 0.16396E+00, 0.12470E-01
 0.10000E+01, 0.25000E+02, 0.26940E+03, 0.16340E+00, 0.13420E-01
 0.20000E+01, 0.25000E+02, 0.27050E+03, 0.16787E+00, 0.13089E-01
 0.30000E+01, 0.25000E+02, 0.26539E+03, 0.17882E+00, 0.12172E-01
 0.40000E+01, 0.25000E+02, 0.26461E+03, 0.18094E+00, 0.12012E-01
 0.50000E+01, 0.25000E+02, 0.26790E+03, 0.18048E+00, 0.12117E-01
 0.60000E+01, 0.25000E+02, 0.27190E+03, 0.18220E+00, 0.12091E-01
 0.70000E+01, 0.25000E+02, 0.25354E+03, 0.18259E+00, 0.11659E-01
 0.80000E+01, 0.25000E+02, 0.22000E+02, 0.30000E+02, 0.00000E+00
 0.90000E+01, 0.25000E+02, 0.37033E+03, 0.31882E+00, 0.81576E-02
 0.10000E+02, 0.25000E+02, 0.38617E+03, 0.25495E+00, 0.10452E-01
 0.11000E+02, 0.25000E+02, 0.41000E+03, 0.23375E+00, 0.11812E-01
 0.12000E+02, 0.25000E+02, 0.36785E+03, 0.25780E+00, 0.10050E-01
 0.13000E+02, 0.25000E+02, 0.36177E+03, 0.27106E+00, 0.94673E-02
 0.14000E+02, 0.25000E+02, 0.36006E+03, 0.27332E+00, 0.93640E-02
 0.15000E+02, 0.25000E+02, 0.34658E+03, 0.26467E+00, 0.94639E-02
 0.16000E+02, 0.25000E+02, 0.33360E+03, 0.26071E+00, 0.94065E-02
 0.17000E+02, 0.25000E+02, 0.32927E+03, 0.22443E+00, 0.10849E-01
 0.18000E+02, 0.25000E+02, 0.29373E+03, 0.20793E+00, 0.11019E-01
 0.19000E+02, 0.25000E+02, 0.33049E+03, 0.27173E+00, 0.89786E-02
 0.20000E+02, 0.25000E+02, 0.33982E+03, 0.27714E+00, 0.89394E-02
 0.21000E+02, 0.25000E+02, 0.33865E+03, 0.28811E+00, 0.85828E-02
 0.22000E+02, 0.25000E+02, 0.33869E+03, 0.27309E+00, 0.90556E-02
 0.23000E+02, 0.25000E+02, 0.34391E+03, 0.22509E+00, 0.11080E-01
 0.24000E+02, 0.25000E+02, 0.34297E+03, 0.22866E+00, 0.10891E-01
 0.25000E+02, 0.25000E+02, 0.33893E+03, 0.23737E+00, 0.10422E-01
 0.26000E+02, 0.25000E+02, 0.34005E+03, 0.24968E+00, 0.99266E-02
 0.27000E+02, 0.25000E+02, 0.33092E+03, 0.23200E+00, 0.10524E-01
 0.28000E+02, 0.25000E+02, 0.33971E+03, 0.26475E+00, 0.93563E-02
 0.29000E+02, 0.25000E+02, 0.32267E+03, 0.24236E+00, 0.99365E-02
 0.30000E+02, 0.25000E+02, 0.31112E+03, 0.13538E+00, 0.17443E-01
 0.31000E+02, 0.25000E+02, 0.32738E+03, 0.13630E+00, 0.17808E-01
 0.32000E+02, 0.25000E+02, 0.34854E+03, 0.12784E+00, 0.19656E-01
 0.33000E+02, 0.25000E+02, 0.35415E+03, 0.13295E+00, 0.19070E-01
 0.34000E+02, 0.25000E+02, 0.35760E+03, 0.14162E+00, 0.18002E-01
 0.35000E+02, 0.25000E+02, 0.36946E+03, 0.14185E+00, 0.18310E-01
 0.36000E+02, 0.25000E+02, 0.34123E+03, 0.13108E+00, 0.18945E-01
 0.37000E+02, 0.25000E+02, 0.34262E+03, 0.13556E+00, 0.18360E-01
 0.38000E+02, 0.25000E+02, 0.39817E+03, 0.12114E+00, 0.22398E-01
 0.39000E+02, 0.25000E+02, 0.44788E+03, 0.12426E+00, 0.23453E-01
 0.40000E+02, 0.25000E+02, 0.46223E+03, 0.12597E+00, 0.23595E-01
 0.41000E+02, 0.25000E+02, 0.47572E+03, 0.12579E+00, 0.24062E-01
 0.42000E+02, 0.25000E+02, 0.48715E+03, 0.13392E+00, 0.22947E-01
 0.43000E+02, 0.25000E+02, 0.49829E+03, 0.13915E+00, 0.22407E-01
 0.44000E+02, 0.25000E+02, 0.54096E+03, 0.14540E+00, 0.22631E-01
 0.45000E+02, 0.25000E+02, 0.60094E+03, 0.12144E+00, 0.29091E-01
 0.46000E+02, 0.25000E+02, 0.63589E+03, 0.12289E+00, 0.29899E-01
 0.47000E+02, 0.25000E+02, 0.62285E+03, 0.11388E+00, 0.31801E-01
 0.48000E+02, 0.25000E+02, 0.31223E+03, 0.98898E-01, 0.23924E-01
 0.49000E+02, 0.25000E+02, 0.33615E+03, 0.11219E+00, 0.21951E-01
 0.50000E+02, 0.25000E+02, 0.34311E+03, 0.10909E+00, 0.22832E-01
 0.51000E+02, 0.25000E+02, 0.34227E+03, 0.99700E-01, 0.24949E-01
 0.52000E+02, 0.25000E+02, 0.35273E+03, 0.10026E+00, 0.25232E-01
 0.53000E+02, 0.25000E+02, 0.35814E+03, 0.10144E+00, 0.25153E-01
 0.54000E+02, 0.25000E+02, 0.35252E+03, 0.10934E+00, 0.23128E-01
 0.55000E+02, 0.25000E+02, 0.33772E+03, 0.11708E+00, 0.21087E-01
 0.56000E+02, 0.25000E+02, 0.33732E+03, 0.11653E+00, 0.21174E-01
 0.57000E+02, 0.25000E+02, 0.33311E+03, 0.12333E+00, 0.19868E-01
 0.58000E+02, 0.25000E+02, 0.32658E+03, 0.12698E+00, 0.19090E-01
 0.59000E+02, 0.25000E+02, 0.22000E+02, 0.30000E+02, 0.00000E+00
 0.60000E+02, 0.25000E+02, 0.36027E+03, 0.48075E+00, 0.53253E-02
 0.61000E+02, 0.25000E+02, 0.35264E+03, 0.46283E+00, 0.54649E-02
 0.62000E+02, 0.25000E+02, 0.36664E+03, 0.51178E+00, 0.50527E-02
 0.63000E+02, 0.25000E+02, 0.38201E+03, 0.56512E+00, 0.46859E-02
 0.64000E+02, 0.25000E+02, 0.39357E+03, 0.76581E+00, 0.35189E-02
 0.65000E+02, 0.25000E+02, 0.39854E+03, 0.82528E+00, 0.32896E-02
 0.00000E+00, 0.26000E+02, 0.32402E+03, 0.32115E+00, 0.75156E-02
 0.10000E+01, 0.26000E+02, 0.33079E+03, 0.31838E+00, 0.76671E-02
 0.20000E+01, 0.26000E+02, 0.31873E+03, 0.31428E+00, 0.76119E-02
 0.30000E+01, 0.26000E+02, 0.34671E+03, 0.30565E+00, 0.81969E-02
 0.40000E+01, 0.26000E+02, 0.34384E+03, 0.30120E+00, 0.82795E-02
 0.50000E+01, 0.26000E+02, 0.34135E+03, 0.29522E+00, 0.84132E-02
 0.60000E+01, 0.26000E+02, 0.33236E+03, 0.29563E+00, 0.82784E-02
 0.70000E+01, 0.26000E+02, 0.22000E+02, 0.30000E+02, 0.00000E+00
 0.80000E+01, 0.26000E+02, 0.36368E+03, 0.35920E+00, 0.71658E-02
 0.90000E+01, 0.26000E+02, 0.37908E+03, 0.28520E+00, 0.92432E-02
 0.10000E+02, 0.26000E+02, 0.39204E+03, 0.25512E+00, 0.10538E-01
 0.11000E+02, 0.26000E+02, 0.40235E+03, 0.25097E+00, 0.10879E-01
 0.12000E+02, 0.26000E+02, 0.37582E+03, 0.23950E+00, 0.10952E-01
 0.13000E+02, 0.26000E+02, 0.36033E+03, 0.26245E+00, 0.97558E-02
 0.14000E+02, 0.26000E+02, 0.35567E+03, 0.26105E+00, 0.97360E-02
 0.15000E+02, 0.26000E+02, 0.34574E+03, 0.26377E+00, 0.94835E-02
 0.16000E+02, 0.26000E+02, 0.34092E+03, 0.24125E+00, 0.10288E-01
 0.17000E+02, 0.26000E+02, 0.33360E+03, 0.22269E+00, 0.11013E-01
 0.18000E+02, 0.26000E+02, 0.31686E+03, 0.21198E+00, 0.11250E-01
 0.19000E+02, 0.26000E+02, 0.32363E+03, 0.26446E+00, 0.91207E-02
 0.20000E+02, 0.26000E+02, 0.32822E+03, 0.25204E+00, 0.96440E-02
 0.21000E+02, 0.26000E+02, 0.33563E+03, 0.21694E+00, 0.11342E-01
 0.22000E+02, 0.26000E+02, 0.33688E+03, 0.20856E+00, 0.11822E-01
 0.23000E+02, 0.26000E+02, 0.33960E+03, 0.20861E+00, 0.11872E-01
 0.24000E+02, 0.26000E+02, 0.33940E+03, 0.22341E+00, 0.11082E-01
 0.25000E+02, 0.26000E+02, 0.33290E+03, 0.22581E+00, 0.10848E-01
 0.26000E+02, 0.26000E+02, 0.33509E+03, 0.23446E+00, 0.10485E-01
 0.27000E+02, 0.26000E+02, 0.33411E+03, 0.23104E+00, 0.10623E-01
 0.28000E+02, 0.26000E+02, 0.32264E+03, 0.21859E+00, 0.11016E-01
 0.29000E+02, 0.26000E+02, 0.29206E+03, 0.20000E+00, 0.11422E-01
 0.30000E+02, 0.26000E+02, 0.32149E+03, 0.13210E+00, 0.18194E-01
 0.31000E+02, 0.26000E+02, 0.34171E+03, 0.13452E+00, 0.18475E-01
 0.32000E+02, 0.26000E+02, 0.35870E+03, 0.13260E+00, 0.19260E-01
 0.33000E+02, 0.26000E+02, 0.35956E+03, 0.13307E+00, 0.19218E-01
 0.34000E+02, 0.26000E+02, 0.36627E+03, 0.13543E+00, 0.19083E-01
 0.35000E+02, 0.26000E+02, 0.36503E+03, 0.12879E+00, 0.20028E-01
 0.36000E+02, 0.26000E+02, 0.38106E+03, 0.11887E+00, 0.22244E-01
 0.37000E+02, 0.26000E+02, 0.39006E+03, 0.11797E+00, 0.22723E-01
 0.38000E+02, 0.26000E+02, 0.41424E+03, 0.11976E+00, 0.23199E-01
 0.39000E+02, 0.26000E+02, 0.43396E+03, 0.12404E+00, 0.23040E-01
 0.40000E+02, 0.26000E+02, 0.45354E+03, 0.12655E+00, 0.23209E-01
 0.41000E+02, 0.26000E+02, 0.47514E+03, 0.12605E+00, 0.23995E-01
 0.42000E+02, 0.26000E+02, 0.51992E+03, 0.12599E+00, 0.25442E-01
 0.43000E+02, 0.26000E+02, 0.53937E+03, 0.11734E+00, 0.27987E-01
 0.44000E+02, 0.26000E+02, 0.57200E+03, 0.11441E+00, 0.29858E-01
 0.45000E+02, 0.26000E+02, 0.59126E+03, 0.10761E+00, 0.32466E-01
 0.46000E+02, 0.26000E+02, 0.58975E+03, 0.10727E+00, 0.32512E-01
 0.47000E+02, 0.26000E+02, 0.55746E+03, 0.10238E+00, 0.32791E-01
 0.48000E+02, 0.26000E+02, 0.31031E+03, 0.95093E-01, 0.24799E-01
 0.49000E+02, 0.26000E+02, 0.33387E+03, 0.10203E+00, 0.24048E-01
 0.50000E+02, 0.26000E+02, 0.34166E+03, 0.10358E+00, 0.23990E-01
 0.51000E+02, 0.26000E+02, 0.34586E+03, 0.10276E+00, 0.24346E-01
 0.52000E+02, 0.26000E+02, 0.33505E+03, 0.10800E+00, 0.22762E-01
 0.53000E+02, 0.26000E+02, 0.32638E+03, 0.10902E+00, 0.22226E-01
 0.54000E+02, 0.26000E+02, 0.31823E+03, 0.10754E+00, 0.22227E-01
 0.55000E+02, 0.26000E+02, 0.30712E+03, 0.10930E+00, 0.21458E-01
 0.56000E+02, 0.26000E+02, 0.30182E+03, 0.11199E+00, 0.20751E-01
 0.57000E+02, 0.26000E+02, 0.31601E+03, 0.12970E+00, 0.18360E-01
 0.58000E+02, 0.26000E+02, 0.30887E+03, 0.13370E+00, 0.17595E-01
 0.59000E+02, 0.26000E+02, 0.22000E+02, 0.30000E+02, 0.00000E+00
 0.60000E+02, 0.26000E+02, 0.36823E+03, 0.55484E+00, 0.46723E-02
 0.61000E+02, 0.26000E+02, 0.37218E+03, 0.55599E+00, 0.46913E-02
 0.62000E+02, 0.26000E+02, 0.36722E+03, 0.52441E+00, 0.49356E-02
 0.63000E+02, 0.26000E+02, 0.36702E+03, 0.53903E+00, 0.48002E-02
 0.64000E+02, 0.26000E+02, 0.38757E+03, 0.64044E+00, 0.41698E-02
 0.65000E+02, 0.26000E+02, 0.39379E+03, 0.81026E+00, 0.33269E-02
 0.00000E+00, 0.27000E+02, 0.33473E+03, 0.32075E+00, 0.76599E-02
 0.10000E+01, 0.27000E+02, 0.34112E+03, 0.31809E+00, 0.78052E-02
 0.20000E+01, 0.27000E+02, 0.34088E+03, 0.31781E+00, 0.78089E-02
 0.30000E+01, 0.27000E+02, 0.34875E+03, 0.31249E+00, 0.80437E-02
 0.40000E+01, 0.27000E+02, 0.34421E+03, 0.32123E+00, 0.77678E-02
 0.50000E+01, 0.27000E+02, 0.33520E+03, 0.30931E+00, 0.79495E-02
 0.60000E+01, 0.27000E+02, 0.32043E+03, 0.29752E+00, 0.80636E-02
 0.70000E+01, 0.27000E+02, 0.22000E+02, 0.30000E+02, 0.00000E+00
 0.80000E+01, 0.27000E+02, 0.37972E+03, 0.26400E+00, 0.99954E-02
 0.90000E+01, 0.27000E+02, 0.38285E+03, 0.25789E+00, 0.10281E-01
 0.10000E+02, 0.27000E+02, 0.39776E+03, 0.24633E+00, 0.11009E-01
 0.11000E+02, 0.27000E+02, 0.40305E+03, 0.25130E+00, 0.10876E-01
 0.12000E+02, 0.27000E+02, 0.37194E+03, 0.23162E+00, 0.11257E-01
 0.13000E+02, 0.27000E+02, 0.35858E+03, 0.25487E+00, 0.10018E-01
 0.14000E+02, 0.27000E+02, 0.35305E+03, 0.25568E+00, 0.98992E-02
 0.15000E+02, 0.27000E+02, 0.34625E+03, 0.26774E+00, 0.93506E-02
 0.16000E+02, 0.27000E+02, 0.34308E+03, 0.25245E+00, 0.98660E-02
 0.17000E+02, 0.27000E+02, 0.33962E+03, 0.24207E+00, 0.10232E-01
 0.18000E+02, 0.27000E+02, 0.32418E+03, 0.23025E+00, 0.10486E-01
 0.19000E+02, 0.27000E+02, 0.31982E+03, 0.11276E+00, 0.21255E-01
 0.20000E+02, 0.27000E+02, 0.32468E+03, 0.11277E+00, 0.21428E-01
 0.21000E+02, 0.27000E+02, 0.32256E+03, 0.10470E+00, 0.22997E-01
 0.22000E+02, 0.27000E+02, 0.32636E+03, 0.10272E+00, 0.23590E-01
 0.23000E+02, 0.27000E+02, 0.32350E+03, 0.10225E+00, 0.23584E-01
 0.24000E+02, 0.27000E+02, 0.31444E+03, 0.10104E+00, 0.23504E-01
 0.25000E+02, 0.27000E+02, 0.30757E+03, 0.98962E-01, 0.23718E-01
 0.26000E+02, 0.27000E+02, 0.30739E+03, 0.97895E-01, 0.23969E-01
 0.27000E+02, 0.27000E+02, 0.30546E+03, 0.98001E-01, 0.23863E-01
 0.28000E+02, 0.27000E+02, 0.30301E+03, 0.99678E-01, 0.23363E-01
 0.29000E+02, 0.27000E+02, 0.28483E+03, 0.98223E-01, 0.22961E-01
 0.30000E+02, 0.27000E+02, 0.24894E+03, 0.20508E+00, 0.10290E-01
 0.31000E+02, 0.27000E+02, 0.25083E+03, 0.22217E+00, 0.95325E-02
 0.32000E+02, 0.27000E+02, 0.25449E+03, 0.22923E+00, 0.93034E-02
 0.33000E+02, 0.27000E+02, 0.25326E+03, 0.24458E+00, 0.86993E-02
 0.34000E+02, 0.27000E+02, 0.24414E+03, 0.24975E+00, 0.83715E-02
 0.35000E+02, 0.27000E+02, 0.22894E+03, 0.29487E+00, 0.68821E-02
 0.36000E+02, 0.27000E+02, 0.22114E+03, 0.29895E+00, 0.66830E-02
 0.37000E+02, 0.27000E+02, 0.21843E+03, 0.29277E+00, 0.67866E-02
 0.38000E+02, 0.27000E+02, 0.21311E+03, 0.28846E+00, 0.68133E-02
 0.39000E+02, 0.27000E+02, 0.20239E+03, 0.30891E+00, 0.62221E-02
 0.40000E+02, 0.27000E+02, 0.18908E+03, 0.32394E+00, 0.57672E-02
 0.41000E+02, 0.27000E+02, 0.17594E+03, 0.33009E+00, 0.54989E-02
 0.42000E+02, 0.27000E+02, 0.17092E+03, 0.32907E+00, 0.54544E-02
 0.43000E+02, 0.27000E+02, 0.16349E+03, 0.32963E+00, 0.53540E-02
 0.44000E+02, 0.27000E+02, 0.15868E+03, 0.33210E+00, 0.52556E-02
 0.45000E+02, 0.27000E+02, 0.15288E+03, 0.33407E+00, 0.51544E-02
 0.46000E+02, 0.27000E+02, 0.12322E+03, 0.36771E+00, 0.43568E-02
 0.47000E+02, 0.27000E+02, 0.11710E+03, 0.36494E+00, 0.43222E-02
 0.48000E+02, 0.27000E+02, 0.37974E+03, 0.92408E-01, 0.28557E-01
 0.49000E+02, 0.27000E+02, 0.39819E+03, 0.97809E-01, 0.27742E-01
 0.50000E+02, 0.27000E+02, 0.42279E+03, 0.10831E+00, 0.25971E-01
 0.51000E+02, 0.27000E+02, 0.43588E+03, 0.12239E+00, 0.23415E-01
 0.52000E+02, 0.27000E+02, 0.42299E+03, 0.14854E+00, 0.18942E-01
 0.53000E+02, 0.27000E+02, 0.42646E+03, 0.18153E+00, 0.15577E-01
 0.54000E+02, 0.27000E+02, 0.43801E+03, 0.19550E+00, 0.14703E-01
 0.55000E+02, 0.27000E+02, 0.43784E+03, 0.19394E+00, 0.14817E-01
 0.56000E+02, 0.27000E+02, 0.41373E+03, 0.15188E+00, 0.18279E-01
 0.57000E+02, 0.27000E+02, 0.40923E+03, 0.15675E+00, 0.17595E-01
 0.58000E+02, 0.27000E+02, 0.37849E+03, 0.15742E+00, 0.16731E-01
 0.59000E+02, 0.27000E+02, 0.22000E+02, 0.30000E+02, 0.00000E+00
 0.60000E+02, 0.27000E+02, 0.36557E+03, 0.48139E+00, 0.53628E-02
 0.61000E+02, 0.27000E+02, 0.38217E+03, 0.64399E+00, 0.41129E-02
 0.62000E+02, 0.27000E+02, 0.37612E+03, 0.56046E+00, 0.46823E-02
 0.63000E+02, 0.27000E+02, 0.36170E+03, 0.50823E+00, 0.50488E-02
 0.64000E+02, 0.27000E+02, 0.36901E+03, 0.59486E+00, 0.43633E-02
 0.65000E+02, 0.27000E+02, 0.36714E+03, 0.59935E+00, 0.43179E-02
 0.00000E+00, 0.28000E+02, 0.33187E+03, 0.31967E+00, 0.76497E-02
 0.10000E+01, 0.28000E+02, 0.32470E+03, 0.31590E+00, 0.76493E-02
 0.20000E+01, 0.28000E+02, 0.31390E+03, 0.31234E+00, 0.75967E-02
 0.30000E+01, 0.28000E+02, 0.35149E+03, 0.31074E+00, 0.81248E-02
 0.40000E+01, 0.28000E+02, 0.34007E+03, 0.30532E+00, 0.81179E-02
 0.50000E+01, 0.28000E+02, 0.33110E+03, 0.30298E+00, 0.80609E-02
 0.60000E+01, 0.28000E+02, 0.32707E+03, 0.30459E+00, 0.79646E-02
 0.70000E+01, 0.28000E+02, 0.33590E+03, 0.31655E+00, 0.77767E-02
 0.80000E+01, 0.28000E+02, 0.22000E+02, 0.30000E+02, 0.00000E+00
 0.90000E+01, 0.28000E+02, 0.39305E+03, 0.23747E+00, 0.11339E-01
 0.10000E+02, 0.28000E+02, 0.38518E+03, 0.23869E+00, 0.11148E-01
 0.11000E+02, 0.28000E+02, 0.37166E+03, 0.23242E+00, 0.11213E-01
 0.12000E+02, 0.28000E+02, 0.35800E+03, 0.23650E+00, 0.10787E-01
 0.13000E+02, 0.28000E+02, 0.35733E+03, 0.25899E+00, 0.98391E-02
 0.14000E+02, 0.28000E+02, 0.35172E+03, 0.29065E+00, 0.86896E-02
 0.15000E+02, 0.28000E+02, 0.34928E+03, 0.31470E+00, 0.79940E-02
 0.16000E+02, 0.28000E+02, 0.34265E+03, 0.26044E+00, 0.95569E-02
 0.17000E+02, 0.28000E+02, 0.34630E+03, 0.27821E+00, 0.89994E-02
 0.18000E+02, 0.28000E+02, 0.30558E+03, 0.22860E+00, 0.10232E-01
 0.19000E+02, 0.28000E+02, 0.32465E+03, 0.12598E+00, 0.19179E-01
 0.20000E+02, 0.28000E+02, 0.33383E+03, 0.11089E+00, 0.22124E-01
 0.21000E+02, 0.28000E+02, 0.33559E+03, 0.10322E+00, 0.23837E-01
 0.22000E+02, 0.28000E+02, 0.33667E+03, 0.10201E+00, 0.24163E-01
 0.23000E+02, 0.28000E+02, 0.32412E+03, 0.96825E-01, 0.24932E-01
 0.24000E+02, 0.28000E+02, 0.31787E+03, 0.96143E-01, 0.24846E-01
 0.25000E+02, 0.28000E+02, 0.31416E+03, 0.95794E-01, 0.24780E-01
 0.26000E+02, 0.28000E+02, 0.31624E+03, 0.92660E-01, 0.25709E-01
 0.27000E+02, 0.28000E+02, 0.31776E+03, 0.91312E-01, 0.26156E-01
 0.28000E+02, 0.28000E+02, 0.31648E+03, 0.94138E-01, 0.25316E-01
 0.29000E+02, 0.28000E+02, 0.29174E+03, 0.94739E-01, 0.24100E-01
 0.30000E+02, 0.28000E+02, 0.20732E+03, 0.22271E+00, 0.87197E-02
 0.31000E+02, 0.28000E+02, 0.20520E+03, 0.24627E+00, 0.78506E-02
 0.32000E+02, 0.28000E+02, 0.23461E+03, 0.24795E+00, 0.82771E-02
 0.33000E+02, 0.28000E+02, 0.21928E+03, 0.28037E+00, 0.70989E-02
 0.34000E+02, 0.28000E+02, 0.22557E+03, 0.29796E+00, 0.67652E-02
 0.35000E+02, 0.28000E+02, 0.21662E+03, 0.31592E+00, 0.62661E-02
 0.36000E+02, 0.28000E+02, 0.20789E+03, 0.33544E+00, 0.57962E-02
 0.37000E+02, 0.28000E+02, 0.21252E+03, 0.32376E+00, 0.60632E-02
 0.38000E+02, 0.28000E+02, 0.21243E+03, 0.30799E+00, 0.63725E-02
 0.39000E+02, 0.28000E+02, 0.19424E+03, 0.30252E+00, 0.62445E-02
 0.40000E+02, 0.28000E+02, 0.17367E+03, 0.32405E+00, 0.55732E-02
 0.41000E+02, 0.28000E+02, 0.17152E+03, 0.33453E+00, 0.53725E-02
 0.42000E+02, 0.28000E+02, 0.16447E+03, 0.33303E+00, 0.53112E-02
 0.43000E+02, 0.28000E+02, 0.14590E+03, 0.34912E+00, 0.48513E-02
 0.44000E+02, 0.28000E+02, 0.14534E+03, 0.35972E+00, 0.47021E-02
 0.45000E+02, 0.28000E+02, 0.13753E+03, 0.36422E+00, 0.45575E-02
 0.46000E+02, 0.28000E+02, 0.12949E+03, 0.36656E+00, 0.44397E-02
 0.47000E+02, 0.28000E+02, 0.13645E+03, 0.34100E+00, 0.48550E-02
 0.48000E+02, 0.28000E+02, 0.41606E+03, 0.96099E-01, 0.28987E-01
 0.49000E+02, 0.28000E+02, 0.43295E+03, 0.97598E-01, 0.29242E-01
 0.50000E+02, 0.28000E+02, 0.45028E+03, 0.12138E+00, 0.24090E-01
 0.51000E+02, 0.28000E+02, 0.46272E+03, 0.14572E+00, 0.20411E-01
 0.52000E+02, 0.28000E+02, 0.47177E+03, 0.14545E+00, 0.20699E-01
 0.53000E+02, 0.28000E+02, 0.47476E+03, 0.15234E+00, 0.19843E-01
 0.54000E+02, 0.28000E+02, 0.47364E+03, 0.15822E+00, 0.19077E-01
 0.55000E+02, 0.28000E+02, 0.46726E+03, 0.26556E+00, 0.11269E-01
 0.56000E+02, 0.28000E+02, 0.45868E+03, 0.25595E+00, 0.11557E-01
 0.57000E+02, 0.28000E+02, 0.43957E+03, 0.19039E+00, 0.15131E-01
 0.58000E+02, 0.28000E+02, 0.42998E+03, 0.17730E+00, 0.16029E-01
 0.59000E+02, 0.28000E+02, 0.22000E+02, 0.30000E+02, 0.00000E+00
 0.60000E+02, 0.28000E+02, 0.37227E+03, 0.33019E+00, 0.79005E-02
 0.61000E+02, 0.28000E+02, 0.38219E+03, 0.44851E+00, 0.59057E-02
 0.62000E+02, 0.28000E+02, 0.38061E+03, 0.59675E+00, 0.44279E-02
 0.63000E+02, 0.28000E+02, 0.36176E+03, 0.51448E+00, 0.49879E-02
 0.64000E+02, 0.28000E+02, 0.35842E+03, 0.45457E+00, 0.56156E-02
 0.65000E+02, 0.28000E+02, 0.34845E+03, 0.46896E+00, 0.53574E-02
 0.00000E+00, 0.29000E+02, 0.22000E+02, 0.30000E+02, 0.00000E+00
 0.10000E+01, 0.29000E+02, 0.22000E+02, 0.30000E+02, 0.00000E+00
 0.20000E+01, 0.29000E+02, 0.22000E+02, 0.30000E+02, 0.00000E+00
 0.30000E+01, 0.29000E+02, 0.22000E+02, 0.30000E+02, 0.00000E+00
 0.40000E+01, 0.29000E+02, 0.22000E+02, 0.30000E+02, 0.00000E+00
 0.50000E+01, 0.29000E+02, 0.22000E+02, 0.30000E+02, 0.00000E+00
 0.60000E+01, 0.29000E+02, 0.22000E+02, 0.30000E+02, 0.00000E+00
 0.70000E+01, 0.29000E+02, 0.22000E+02, 0.30000E+02, 0.00000E+00
 0.80000E+01, 0.29000E+02, 0.22000E+02, 0.30000E+02, 0.00000E+00
 0.90000E+01, 0.29000E+02, 0.39999E+03, 0.23072E+00, 0.11792E-01
 0.10000E+02, 0.29000E+02, 0.38731E+03, 0.23248E+00, 0.11483E-01
 0.11000E+02, 0.29000E+02, 0.37011E+03, 0.21526E+00, 0.12078E-01
 0.12000E+02, 0.29000E+02, 0.34842E+03, 0.23290E+00, 0.10787E-01
 0.13000E+02, 0.29000E+02, 0.35179E+03, 0.26085E+00, 0.96835E-02
 0.14000E+02, 0.29000E+02, 0.35040E+03, 0.27624E+00, 0.91234E-02
 0.15000E+02, 0.29000E+02, 0.35023E+03, 0.32875E+00, 0.76642E-02
 0.16000E+02, 0.29000E+02, 0.35048E+03, 0.31388E+00, 0.80306E-02
 0.17000E+02, 0.29000E+02, 0.34741E+03, 0.28422E+00, 0.88248E-02
 0.18000E+02, 0.29000E+02, 0.29902E+03, 0.22840E+00, 0.10125E-01
 0.19000E+02, 0.29000E+02, 0.32550E+03, 0.11738E+00, 0.20613E-01
 0.20000E+02, 0.29000E+02, 0.33129E+03, 0.10404E+00, 0.23483E-01
 0.21000E+02, 0.29000E+02, 0.33442E+03, 0.10679E+00, 0.22996E-01
 0.22000E+02, 0.29000E+02, 0.33738E+03, 0.10582E+00, 0.23319E-01
 0.23000E+02, 0.29000E+02, 0.31353E+03, 0.92096E-01, 0.25747E-01
 0.24000E+02, 0.29000E+02, 0.30503E+03, 0.91313E-01, 0.25592E-01
 0.25000E+02, 0.29000E+02, 0.31321E+03, 0.90742E-01, 0.26118E-01
 0.26000E+02, 0.29000E+02, 0.31610E+03, 0.91941E-01, 0.25904E-01
 0.27000E+02, 0.29000E+02, 0.31329E+03, 0.90881E-01, 0.26081E-01
 0.28000E+02, 0.29000E+02, 0.31349E+03, 0.91006E-01, 0.26054E-01
 0.29000E+02, 0.29000E+02, 0.29851E+03, 0.89955E-01, 0.25686E-01
 0.30000E+02, 0.29000E+02, 0.17421E+03, 0.26484E+00, 0.68274E-02
 0.31000E+02, 0.29000E+02, 0.16787E+03, 0.28421E+00, 0.62718E-02
 0.32000E+02, 0.29000E+02, 0.17846E+03, 0.28148E+00, 0.64847E-02
 0.33000E+02, 0.29000E+02, 0.19117E+03, 0.30638E+00, 0.61253E-02
 0.34000E+02, 0.29000E+02, 0.17537E+03, 0.34214E+00, 0.52985E-02
 0.35000E+02, 0.29000E+02, 0.22160E+03, 0.31278E+00, 0.63931E-02
 0.36000E+02, 0.29000E+02, 0.18652E+03, 0.35445E+00, 0.52417E-02
 0.37000E+02, 0.29000E+02, 0.17732E+03, 0.34222E+00, 0.53203E-02
 0.38000E+02, 0.29000E+02, 0.17861E+03, 0.33954E+00, 0.53777E-02
 0.39000E+02, 0.29000E+02, 0.17108E+03, 0.33359E+00, 0.53823E-02
 0.40000E+02, 0.29000E+02, 0.16049E+03, 0.34393E+00, 0.50961E-02
 0.41000E+02, 0.29000E+02, 0.16317E+03, 0.34780E+00, 0.50705E-02
 0.42000E+02, 0.29000E+02, 0.14932E+03, 0.35508E+00, 0.48089E-02
 0.43000E+02, 0.29000E+02, 0.13598E+03, 0.37727E+00, 0.43832E-02
 0.44000E+02, 0.29000E+02, 0.13420E+03, 0.37688E+00, 0.43686E-02
 0.45000E+02, 0.29000E+02, 0.13524E+03, 0.36692E+00, 0.44987E-02
 0.46000E+02, 0.29000E+02, 0.13724E+03, 0.36403E+00, 0.45565E-02
 0.47000E+02, 0.29000E+02, 0.15696E+03, 0.31979E+00, 0.54362E-02
 0.48000E+02, 0.29000E+02, 0.40277E+03, 0.92097E-01, 0.29664E-01
 0.49000E+02, 0.29000E+02, 0.44104E+03, 0.10827E+00, 0.26660E-01
 0.50000E+02, 0.29000E+02, 0.45984E+03, 0.10884E+00, 0.27221E-01
 0.51000E+02, 0.29000E+02, 0.44353E+03, 0.11576E+00, 0.25024E-01
 0.52000E+02, 0.29000E+02, 0.44411E+03, 0.13596E+00, 0.21323E-01
 0.53000E+02, 0.29000E+02, 0.45082E+03, 0.13068E+00, 0.22393E-01
 0.54000E+02, 0.29000E+02, 0.45790E+03, 0.12608E+00, 0.23436E-01
 0.55000E+02, 0.29000E+02, 0.46518E+03, 0.14879E+00, 0.20057E-01
 0.56000E+02, 0.29000E+02, 0.46941E+03, 0.20177E+00, 0.14875E-01
 0.57000E+02, 0.29000E+02, 0.46256E+03, 0.16426E+00, 0.18103E-01
 0.58000E+02, 0.29000E+02, 0.42018E+03, 0.16721E+00, 0.16760E-01
 0.59000E+02, 0.29000E+02, 0.22000E+02, 0.30000E+02, 0.00000E+00
 0.60000E+02, 0.29000E+02, 0.37404E+03, 0.36337E+00, 0.71988E-02
 0.61000E+02, 0.29000E+02, 0.36263E+03, 0.48413E+00, 0.53080E-02
 0.62000E+02, 0.29000E+02, 0.36827E+03, 0.41524E+00, 0.62434E-02
 0.63000E+02, 0.29000E+02, 0.36987E+03, 0.49904E+00, 0.52079E-02
 0.64000E+02, 0.29000E+02, 0.36195E+03, 0.49135E+00, 0.52243E-02
 0.65000E+02, 0.29000E+02, 0.34454E+03, 0.48915E+00, 0.51040E-02
 0.00000E+00, 0.30000E+02, 0.80066E+03, 0.21277E+00, 0.20398E-01
 0.10000E+01, 0.30000E+02, 0.64099E+03, 0.18060E+00, 0.20459E-01
 0.20000E+01, 0.30000E+02, 0.49394E+03, 0.18032E+00, 0.17194E-01
 0.30000E+01, 0.30000E+02, 0.48890E+03, 0.15033E+00, 0.20488E-01
 0.40000E+01, 0.30000E+02, 0.51118E+03, 0.14320E+00, 0.22137E-01
 0.50000E+01, 0.30000E+02, 0.51089E+03, 0.12692E+00, 0.24967E-01
 0.60000E+01, 0.30000E+02, 0.30739E+03, 0.15118E+00, 0.15520E-01
 0.70000E+01, 0.30000E+02, 0.29240E+03, 0.14191E+00, 0.16107E-01
 0.80000E+01, 0.30000E+02, 0.32908E+03, 0.29496E+00, 0.82525E-02
 0.90000E+01, 0.30000E+02, 0.39252E+03, 0.23715E+00, 0.11345E-01
 0.10000E+02, 0.30000E+02, 0.40022E+03, 0.23367E+00, 0.11647E-01
 0.11000E+02, 0.30000E+02, 0.39080E+03, 0.22579E+00, 0.11885E-01
 0.12000E+02, 0.30000E+02, 0.37220E+03, 0.21411E+00, 0.12182E-01
 0.13000E+02, 0.30000E+02, 0.32814E+03, 0.20092E+00, 0.12096E-01
 0.14000E+02, 0.30000E+02, 0.32386E+03, 0.22499E+00, 0.10725E-01
 0.15000E+02, 0.30000E+02, 0.33903E+03, 0.29265E+00, 0.84550E-02
 0.16000E+02, 0.30000E+02, 0.34560E+03, 0.30320E+00, 0.82483E-02
 0.17000E+02, 0.30000E+02, 0.34252E+03, 0.26522E+00, 0.93824E-02
 0.18000E+02, 0.30000E+02, 0.30460E+03, 0.23452E+00, 0.99574E-02
 0.19000E+02, 0.30000E+02, 0.32997E+03, 0.12314E+00, 0.19797E-01
 0.20000E+02, 0.30000E+02, 0.32268E+03, 0.10577E+00, 0.22769E-01
 0.21000E+02, 0.30000E+02, 0.33089E+03, 0.11229E+00, 0.21742E-01
 0.22000E+02, 0.30000E+02, 0.32607E+03, 0.10284E+00, 0.23551E-01
 0.23000E+02, 0.30000E+02, 0.31443E+03, 0.89469E-01, 0.26544E-01
 0.24000E+02, 0.30000E+02, 0.31164E+03, 0.90814E-01, 0.26027E-01
 0.25000E+02, 0.30000E+02, 0.31304E+03, 0.94790E-01, 0.24995E-01
 0.26000E+02, 0.30000E+02, 0.30695E+03, 0.97059E-01, 0.24157E-01
 0.27000E+02, 0.30000E+02, 0.30887E+03, 0.94245E-01, 0.24961E-01
 0.28000E+02, 0.30000E+02, 0.31518E+03, 0.89781E-01, 0.26486E-01
 0.29000E+02, 0.30000E+02, 0.28182E+03, 0.85044E-01, 0.26376E-01
 0.30000E+02, 0.30000E+02, 0.15886E+03, 0.30153E+00, 0.57908E-02
 0.31000E+02, 0.30000E+02, 0.16164E+03, 0.30098E+00, 0.58388E-02
 0.32000E+02, 0.30000E+02, 0.17220E+03, 0.30641E+00, 0.58745E-02
 0.33000E+02, 0.30000E+02, 0.15634E+03, 0.36080E+00, 0.48114E-02
 0.34000E+02, 0.30000E+02, 0.16132E+03, 0.37230E+00, 0.47168E-02
 0.35000E+02, 0.30000E+02, 0.21265E+03, 0.31969E+00, 0.61421E-02
 0.36000E+02, 0.30000E+02, 0.17556E+03, 0.37447E+00, 0.48432E-02
 0.37000E+02, 0.30000E+02, 0.18203E+03, 0.36477E+00, 0.50436E-02
 0.38000E+02, 0.30000E+02, 0.17251E+03, 0.37097E+00, 0.48556E-02
 0.39000E+02, 0.30000E+02, 0.15744E+03, 0.37253E+00, 0.46717E-02
 0.40000E+02, 0.30000E+02, 0.15871E+03, 0.36173E+00, 0.48255E-02
 0.41000E+02, 0.30000E+02, 0.15967E+03, 0.36521E+00, 0.47901E-02
 0.42000E+02, 0.30000E+02, 0.14079E+03, 0.37479E+00, 0.44641E-02
 0.43000E+02, 0.30000E+02, 0.12869E+03, 0.38385E+00, 0.42313E-02
 0.44000E+02, 0.30000E+02, 0.13810E+03, 0.37121E+00, 0.44777E-02
 0.45000E+02, 0.30000E+02, 0.13385E+03, 0.37007E+00, 0.44451E-02
 0.46000E+02, 0.30000E+02, 0.13678E+03, 0.35973E+00, 0.46059E-02
 0.47000E+02, 0.30000E+02, 0.16350E+03, 0.29907E+00, 0.59012E-02
 0.48000E+02, 0.30000E+02, 0.39968E+03, 0.92325E-01, 0.29455E-01
 0.49000E+02, 0.30000E+02, 0.44208E+03, 0.13079E+00, 0.22103E-01
 0.50000E+02, 0.30000E+02, 0.46600E+03, 0.14640E+00, 0.20406E-01
 0.51000E+02, 0.30000E+02, 0.46032E+03, 0.14130E+00, 0.20981E-01
 0.52000E+02, 0.30000E+02, 0.44477E+03, 0.12841E+00, 0.22598E-01
 0.53000E+02, 0.30000E+02, 0.42056E+03, 0.12208E+00, 0.22968E-01
 0.54000E+02, 0.30000E+02, 0.42076E+03, 0.11434E+00, 0.24530E-01
 0.55000E+02, 0.30000E+02, 0.44910E+03, 0.11583E+00, 0.25201E-01
 0.56000E+02, 0.30000E+02, 0.46021E+03, 0.13344E+00, 0.22213E-01
 0.57000E+02, 0.30000E+02, 0.44235E+03, 0.14464E+00, 0.19994E-01
 0.58000E+02, 0.30000E+02, 0.42981E+03, 0.17867E+00, 0.15902E-01
 0.59000E+02, 0.30000E+02, 0.22000E+02, 0.30000E+02, 0.00000E+00
 0.60000E+02, 0.30000E+02, 0.38654E+03, 0.27941E+00, 0.95429E-02
 0.61000E+02, 0.30000E+02, 0.37123E+03, 0.49614E+00, 0.52495E-02
 0.62000E+02, 0.30000E+02, 0.36878E+03, 0.55340E+00, 0.46884E-02
 0.63000E+02, 0.30000E+02, 0.35086E+03, 0.37802E+00, 0.66720E-02
 0.64000E+02, 0.30000E+02, 0.37371E+03, 0.46886E+00, 0.55763E-02
 0.65000E+02, 0.30000E+02, 0.34232E+03, 0.46971E+00, 0.52960E-02
 0.00000E+00, 0.31000E+02, 0.83770E+03, 0.22510E+00, 0.19946E-01
 0.10000E+01, 0.31000E+02, 0.53867E+03, 0.28255E+00, 0.11613E-01
 0.20000E+01, 0.31000E+02, 0.44097E+03, 0.22568E+00, 0.12790E-01
 0.30000E+01, 0.31000E+02, 0.51411E+03, 0.16598E+00, 0.19171E-01
 0.40000E+01, 0.31000E+02, 0.48424E+03, 0.13840E+00, 0.22118E-01
 0.50000E+01, 0.31000E+02, 0.50125E+03, 0.14508E+00, 0.21575E-01
 0.60000E+01, 0.31000E+02, 0.31135E+03, 0.14984E+00, 0.15766E-01
 0.70000E+01, 0.31000E+02, 0.28711E+03, 0.13916E+00, 0.16272E-01
 0.80000E+01, 0.31000E+02, 0.32546E+03, 0.30647E+00, 0.78946E-02
 0.90000E+01, 0.31000E+02, 0.36856E+03, 0.26418E+00, 0.98179E-02
 0.10000E+02, 0.31000E+02, 0.38413E+03, 0.24871E+00, 0.10681E-01
 0.11000E+02, 0.31000E+02, 0.38815E+03, 0.22551E+00, 0.11853E-01
 0.12000E+02, 0.31000E+02, 0.34279E+03, 0.19997E+00, 0.12449E-01
 0.13000E+02, 0.31000E+02, 0.33508E+03, 0.19587E+00, 0.12551E-01
 0.14000E+02, 0.31000E+02, 0.32483E+03, 0.19107E+00, 0.12649E-01
 0.15000E+02, 0.31000E+02, 0.31356E+03, 0.21765E+00, 0.10896E-01
 0.16000E+02, 0.31000E+02, 0.32891E+03, 0.26759E+00, 0.90939E-02
 0.17000E+02, 0.31000E+02, 0.33103E+03, 0.27019E+00, 0.90379E-02
 0.18000E+02, 0.31000E+02, 0.32565E+03, 0.24420E+00, 0.99110E-02
 0.19000E+02, 0.31000E+02, 0.33731E+03, 0.16174E+00, 0.15255E-01
 0.20000E+02, 0.31000E+02, 0.31804E+03, 0.11050E+00, 0.21625E-01
 0.21000E+02, 0.31000E+02, 0.31858E+03, 0.10619E+00, 0.22524E-01
 0.22000E+02, 0.31000E+02, 0.30704E+03, 0.90889E-01, 0.25801E-01
 0.23000E+02, 0.31000E+02, 0.31023E+03, 0.90573E-01, 0.26033E-01
 0.24000E+02, 0.31000E+02, 0.30784E+03, 0.94724E-01, 0.24791E-01
 0.25000E+02, 0.31000E+02, 0.30279E+03, 0.97597E-01, 0.23852E-01
 0.26000E+02, 0.31000E+02, 0.29159E+03, 0.10087E+00, 0.22628E-01
 0.27000E+02, 0.31000E+02, 0.30063E+03, 0.97239E-01, 0.23850E-01
 0.28000E+02, 0.31000E+02, 0.29218E+03, 0.91049E-01, 0.25096E-01
 0.29000E+02, 0.31000E+02, 0.28421E+03, 0.85596E-01, 0.26318E-01
 0.30000E+02, 0.31000E+02, 0.16611E+03, 0.30898E+00, 0.57460E-02
 0.31000E+02, 0.31000E+02, 0.16725E+03, 0.31693E+00, 0.56165E-02
 0.32000E+02, 0.31000E+02, 0.16483E+03, 0.33715E+00, 0.52505E-02
 0.33000E+02, 0.31000E+02, 0.14849E+03, 0.38016E+00, 0.44828E-02
 0.34000E+02, 0.31000E+02, 0.16112E+03, 0.37805E+00, 0.46429E-02
 0.35000E+02, 0.31000E+02, 0.20687E+03, 0.32407E+00, 0.59869E-02
 0.36000E+02, 0.31000E+02, 0.18627E+03, 0.36708E+00, 0.50586E-02
 0.37000E+02, 0.31000E+02, 0.16097E+03, 0.40209E+00, 0.43638E-02
 0.38000E+02, 0.31000E+02, 0.15783E+03, 0.40009E+00, 0.43539E-02
 0.39000E+02, 0.31000E+02, 0.14402E+03, 0.39366E+00, 0.42832E-02
 0.40000E+02, 0.31000E+02, 0.14721E+03, 0.38074E+00, 0.44625E-02
 0.41000E+02, 0.31000E+02, 0.14809E+03, 0.38066E+00, 0.44727E-02
 0.42000E+02, 0.31000E+02, 0.14750E+03, 0.37585E+00, 0.45235E-02
 0.43000E+02, 0.31000E+02, 0.13498E+03, 0.37697E+00, 0.43760E-02
 0.44000E+02, 0.31000E+02, 0.13439E+03, 0.37370E+00, 0.44078E-02
 0.45000E+02, 0.31000E+02, 0.12937E+03, 0.36763E+00, 0.44254E-02
 0.46000E+02, 0.31000E+02, 0.14045E+03, 0.34688E+00, 0.48193E-02
 0.47000E+02, 0.31000E+02, 0.16590E+03, 0.29717E+00, 0.59714E-02
 0.48000E+02, 0.31000E+02, 0.42016E+03, 0.94806E-01, 0.29558E-01
 0.49000E+02, 0.31000E+02, 0.42714E+03, 0.11639E+00, 0.24319E-01
 0.50000E+02, 0.31000E+02, 0.45646E+03, 0.15318E+00, 0.19251E-01
 0.51000E+02, 0.31000E+02, 0.45636E+03, 0.17471E+00, 0.16877E-01
 0.52000E+02, 0.31000E+02, 0.46238E+03, 0.15841E+00, 0.18768E-01
 0.53000E+02, 0.31000E+02, 0.45963E+03, 0.15344E+00, 0.19303E-01
 0.54000E+02, 0.31000E+02, 0.43891E+03, 0.14456E+00, 0.19910E-01
 0.55000E+02, 0.31000E+02, 0.43885E+03, 0.12731E+00, 0.22605E-01
 0.56000E+02, 0.31000E+02, 0.43622E+03, 0.11955E+00, 0.23983E-01
 0.57000E+02, 0.31000E+02, 0.42764E+03, 0.14660E+00, 0.19321E-01
 0.58000E+02, 0.31000E+02, 0.42294E+03, 0.19477E+00, 0.14445E-01
 0.59000E+02, 0.31000E+02, 0.22000E+02, 0.30000E+02, 0.00000E+00
 0.60000E+02, 0.31000E+02, 0.37263E+03, 0.36940E+00, 0.70659E-02
 0.61000E+02, 0.31000E+02, 0.36767E+03, 0.58968E+00, 0.43924E-02
 0.62000E+02, 0.31000E+02, 0.36244E+03, 0.48306E+00, 0.53181E-02
 0.63000E+02, 0.31000E+02, 0.36430E+03, 0.41803E+00, 0.61633E-02
 0.64000E+02, 0.31000E+02, 0.37478E+03, 0.42948E+00, 0.60977E-02
 0.65000E+02, 0.31000E+02, 0.34142E+03, 0.42889E+00, 0.57917E-02
 0.00000E+00, 0.32000E+02, 0.83807E+03, 0.20801E+00, 0.21592E-01
 0.10000E+01, 0.32000E+02, 0.69589E+03, 0.25973E+00, 0.15080E-01
 0.20000E+01, 0.32000E+02, 0.55518E+03, 0.24767E+00, 0.13518E-01
 0.30000E+01, 0.32000E+02, 0.53250E+03, 0.19106E+00, 0.17044E-01
 0.40000E+01, 0.32000E+02, 0.50615E+03, 0.16412E+00, 0.19192E-01
 0.50000E+01, 0.32000E+02, 0.49386E+03, 0.15917E+00, 0.19477E-01
 0.60000E+01, 0.32000E+02, 0.31000E+03, 0.14467E+00, 0.16292E-01
 0.70000E+01, 0.32000E+02, 0.30532E+03, 0.15045E+00, 0.15541E-01
 0.80000E+01, 0.32000E+02, 0.32672E+03, 0.24977E+00, 0.97073E-02
 0.90000E+01, 0.32000E+02, 0.35607E+03, 0.23798E+00, 0.10686E-01
 0.10000E+02, 0.32000E+02, 0.37008E+03, 0.26171E+00, 0.99341E-02
 0.11000E+02, 0.32000E+02, 0.37495E+03, 0.23465E+00, 0.11164E-01
 0.12000E+02, 0.32000E+02, 0.35748E+03, 0.21423E+00, 0.11898E-01
 0.13000E+02, 0.32000E+02, 0.33361E+03, 0.18655E+00, 0.13146E-01
 0.14000E+02, 0.32000E+02, 0.33112E+03, 0.18336E+00, 0.13320E-01
 0.15000E+02, 0.32000E+02, 0.32092E+03, 0.18015E+00, 0.13329E-01
 0.16000E+02, 0.32000E+02, 0.32207E+03, 0.22820E+00, 0.10542E-01
 0.17000E+02, 0.32000E+02, 0.33391E+03, 0.25041E+00, 0.97984E-02
 0.18000E+02, 0.32000E+02, 0.31624E+03, 0.22938E+00, 0.10385E-01
 0.19000E+02, 0.32000E+02, 0.32305E+03, 0.15607E+00, 0.15440E-01
 0.20000E+02, 0.32000E+02, 0.31217E+03, 0.10579E+00, 0.22362E-01
 0.21000E+02, 0.32000E+02, 0.30939E+03, 0.97494E-01, 0.24150E-01
 0.22000E+02, 0.32000E+02, 0.30686E+03, 0.94936E-01, 0.24693E-01
 0.23000E+02, 0.32000E+02, 0.29750E+03, 0.93972E-01, 0.24544E-01
 0.24000E+02, 0.32000E+02, 0.30277E+03, 0.93584E-01, 0.24873E-01
 0.25000E+02, 0.32000E+02, 0.31002E+03, 0.94607E-01, 0.24914E-01
 0.26000E+02, 0.32000E+02, 0.30410E+03, 0.98112E-01, 0.23780E-01
 0.27000E+02, 0.32000E+02, 0.29628E+03, 0.10066E+00, 0.22865E-01
 0.28000E+02, 0.32000E+02, 0.28736E+03, 0.95415E-01, 0.23744E-01
 0.29000E+02, 0.32000E+02, 0.28389E+03, 0.86780E-01, 0.25944E-01
 0.30000E+02, 0.32000E+02, 0.20784E+03, 0.32899E+00, 0.59093E-02
 0.31000E+02, 0.32000E+02, 0.17739E+03, 0.33907E+00, 0.53706E-02
 0.32000E+02, 0.32000E+02, 0.16128E+03, 0.34504E+00, 0.50890E-02
 0.33000E+02, 0.32000E+02, 0.15494E+03, 0.36807E+00, 0.47009E-02
 0.34000E+02, 0.32000E+02, 0.16185E+03, 0.38433E+00, 0.45746E-02
 0.35000E+02, 0.32000E+02, 0.20820E+03, 0.33717E+00, 0.57701E-02
 0.36000E+02, 0.32000E+02, 0.18455E+03, 0.37814E+00, 0.48923E-02
 0.37000E+02, 0.32000E+02, 0.15627E+03, 0.41303E+00, 0.42022E-02
 0.38000E+02, 0.32000E+02, 0.13814E+03, 0.43216E+00, 0.38466E-02
 0.39000E+02, 0.32000E+02, 0.14118E+03, 0.40521E+00, 0.41328E-02
 0.40000E+02, 0.32000E+02, 0.14764E+03, 0.39063E+00, 0.43539E-02
 0.41000E+02, 0.32000E+02, 0.14764E+03, 0.37868E+00, 0.44913E-02
 0.42000E+02, 0.32000E+02, 0.14238E+03, 0.37628E+00, 0.44635E-02
 0.43000E+02, 0.32000E+02, 0.12338E+03, 0.38367E+00, 0.41773E-02
 0.44000E+02, 0.32000E+02, 0.12438E+03, 0.37590E+00, 0.42744E-02
 0.45000E+02, 0.32000E+02, 0.12271E+03, 0.37541E+00, 0.42620E-02
 0.46000E+02, 0.32000E+02, 0.12536E+03, 0.36739E+00, 0.43842E-02
 0.47000E+02, 0.32000E+02, 0.16317E+03, 0.29795E+00, 0.59189E-02
 0.48000E+02, 0.32000E+02, 0.43335E+03, 0.96355E-01, 0.29636E-01
 0.49000E+02, 0.32000E+02, 0.44270E+03, 0.10692E+00, 0.27061E-01
 0.50000E+02, 0.32000E+02, 0.44175E+03, 0.14673E+00, 0.19692E-01
 0.51000E+02, 0.32000E+02, 0.44685E+03, 0.12740E+00, 0.22841E-01
 0.52000E+02, 0.32000E+02, 0.45463E+03, 0.18126E+00, 0.16229E-01
 0.53000E+02, 0.32000E+02, 0.45618E+03, 0.18351E+00, 0.16064E-01
 0.54000E+02, 0.32000E+02, 0.44273E+03, 0.16524E+00, 0.17511E-01
 0.55000E+02, 0.32000E+02, 0.43152E+03, 0.13359E+00, 0.21320E-01
 0.56000E+02, 0.32000E+02, 0.42437E+03, 0.13075E+00, 0.21562E-01
 0.57000E+02, 0.32000E+02, 0.41651E+03, 0.16537E+00, 0.16856E-01
 0.58000E+02, 0.32000E+02, 0.41799E+03, 0.22472E+00, 0.12431E-01
 0.59000E+02, 0.32000E+02, 0.22000E+02, 0.30000E+02, 0.00000E+00
 0.60000E+02, 0.32000E+02, 0.37918E+03, 0.32908E+00, 0.80121E-02
 0.61000E+02, 0.32000E+02, 0.37303E+03, 0.58097E+00, 0.44955E-02
 0.62000E+02, 0.32000E+02, 0.37121E+03, 0.54249E+00, 0.48008E-02
 0.63000E+02, 0.32000E+02, 0.37698E+03, 0.52090E+00, 0.50445E-02
 0.64000E+02, 0.32000E+02, 0.37551E+03, 0.43928E+00, 0.59684E-02
 0.65000E+02, 0.32000E+02, 0.35267E+03, 0.40726E+00, 0.62109E-02
 0.00000E+00, 0.33000E+02, 0.48289E+03, 0.41448E+00, 0.73726E-02
 0.10000E+01, 0.33000E+02, 0.82640E+03, 0.26179E+00, 0.16976E-01
 0.20000E+01, 0.33000E+02, 0.59514E+03, 0.27842E+00, 0.12605E-01
 0.30000E+01, 0.33000E+02, 0.47568E+03, 0.22519E+00, 0.13440E-01
 0.40000E+01, 0.33000E+02, 0.49451E+03, 0.18718E+00, 0.16576E-01
 0.50000E+01, 0.33000E+02, 0.46406E+03, 0.16342E+00, 0.18233E-01
 0.60000E+01, 0.33000E+02, 0.31359E+03, 0.14643E+00, 0.16196E-01
 0.70000E+01, 0.33000E+02, 0.29998E+03, 0.14365E+00, 0.16125E-01
 0.80000E+01, 0.33000E+02, 0.35254E+03, 0.18789E+00, 0.13459E-01
 0.90000E+01, 0.33000E+02, 0.36976E+03, 0.21191E+00, 0.12262E-01
 0.10000E+02, 0.33000E+02, 0.36125E+03, 0.26388E+00, 0.97170E-02
 0.11000E+02, 0.33000E+02, 0.36229E+03, 0.25933E+00, 0.99036E-02
 0.12000E+02, 0.33000E+02, 0.35142E+03, 0.19998E+00, 0.12624E-01
 0.13000E+02, 0.33000E+02, 0.33867E+03, 0.19756E+00, 0.12517E-01
 0.14000E+02, 0.33000E+02, 0.33394E+03, 0.18598E+00, 0.13194E-01
 0.15000E+02, 0.33000E+02, 0.33818E+03, 0.18844E+00, 0.13112E-01
 0.16000E+02, 0.33000E+02, 0.33851E+03, 0.21143E+00, 0.11693E-01
 0.17000E+02, 0.33000E+02, 0.34905E+03, 0.19379E+00, 0.12977E-01
 0.18000E+02, 0.33000E+02, 0.33431E+03, 0.16853E+00, 0.14569E-01
 0.19000E+02, 0.33000E+02, 0.31732E+03, 0.17401E+00, 0.13715E-01
 0.20000E+02, 0.33000E+02, 0.30979E+03, 0.10683E+00, 0.22056E-01
 0.21000E+02, 0.33000E+02, 0.31369E+03, 0.11019E+00, 0.21525E-01
 0.22000E+02, 0.33000E+02, 0.31212E+03, 0.10786E+00, 0.21933E-01
 0.23000E+02, 0.33000E+02, 0.31423E+03, 0.11227E+00, 0.21147E-01
 0.24000E+02, 0.33000E+02, 0.31333E+03, 0.12554E+00, 0.18883E-01
 0.25000E+02, 0.33000E+02, 0.30750E+03, 0.12076E+00, 0.19434E-01
 0.26000E+02, 0.33000E+02, 0.30379E+03, 0.94762E-01, 0.24608E-01
 0.27000E+02, 0.33000E+02, 0.30655E+03, 0.97095E-01, 0.24131E-01
 0.28000E+02, 0.33000E+02, 0.29365E+03, 0.98547E-01, 0.23247E-01
 0.29000E+02, 0.33000E+02, 0.27286E+03, 0.89183E-01, 0.24745E-01
 0.30000E+02, 0.33000E+02, 0.21491E+03, 0.39319E+00, 0.50171E-02
 0.31000E+02, 0.33000E+02, 0.19728E+03, 0.36370E+00, 0.52278E-02
 0.32000E+02, 0.33000E+02, 0.16972E+03, 0.37474E+00, 0.47766E-02
 0.33000E+02, 0.33000E+02, 0.15499E+03, 0.41045E+00, 0.42160E-02
 0.34000E+02, 0.33000E+02, 0.16245E+03, 0.39682E+00, 0.44368E-02
 0.35000E+02, 0.33000E+02, 0.20943E+03, 0.34471E+00, 0.56583E-02
 0.36000E+02, 0.33000E+02, 0.21242E+03, 0.35512E+00, 0.55265E-02
 0.37000E+02, 0.33000E+02, 0.14002E+03, 0.45143E+00, 0.36992E-02
 0.38000E+02, 0.33000E+02, 0.13654E+03, 0.42685E+00, 0.38794E-02
 0.39000E+02, 0.33000E+02, 0.13840E+03, 0.40307E+00, 0.41268E-02
 0.40000E+02, 0.33000E+02, 0.14429E+03, 0.39111E+00, 0.43139E-02
 0.41000E+02, 0.33000E+02, 0.13967E+03, 0.38214E+00, 0.43664E-02
 0.42000E+02, 0.33000E+02, 0.11947E+03, 0.39057E+00, 0.40630E-02
 0.43000E+02, 0.33000E+02, 0.11436E+03, 0.39691E+00, 0.39461E-02
 0.44000E+02, 0.33000E+02, 0.11152E+03, 0.39914E+00, 0.38953E-02
 0.45000E+02, 0.33000E+02, 0.11180E+03, 0.39827E+00, 0.39067E-02
 0.46000E+02, 0.33000E+02, 0.11900E+03, 0.37194E+00, 0.42614E-02
 0.47000E+02, 0.33000E+02, 0.15614E+03, 0.30563E+00, 0.56771E-02
 0.48000E+02, 0.33000E+02, 0.42684E+03, 0.98049E-01, 0.28855E-01
 0.49000E+02, 0.33000E+02, 0.44020E+03, 0.10721E+00, 0.26894E-01
 0.50000E+02, 0.33000E+02, 0.43506E+03, 0.11558E+00, 0.24766E-01
 0.51000E+02, 0.33000E+02, 0.44000E+03, 0.11183E+00, 0.25775E-01
 0.52000E+02, 0.33000E+02, 0.43430E+03, 0.13696E+00, 0.20878E-01
 0.53000E+02, 0.33000E+02, 0.44304E+03, 0.20334E+00, 0.14236E-01
 0.54000E+02, 0.33000E+02, 0.41100E+03, 0.15053E+00, 0.18370E-01
 0.55000E+02, 0.33000E+02, 0.40944E+03, 0.13328E+00, 0.20701E-01
 0.56000E+02, 0.33000E+02, 0.40616E+03, 0.15454E+00, 0.17766E-01
 0.57000E+02, 0.33000E+02, 0.41486E+03, 0.17773E+00, 0.15646E-01
 0.58000E+02, 0.33000E+02, 0.41541E+03, 0.18815E+00, 0.14791E-01
 0.59000E+02, 0.33000E+02, 0.22000E+02, 0.30000E+02, 0.00000E+00
 0.60000E+02, 0.33000E+02, 0.36949E+03, 0.70376E+00, 0.36908E-02
 0.61000E+02, 0.33000E+02, 0.37677E+03, 0.63744E+00, 0.41209E-02
 0.62000E+02, 0.33000E+02, 0.37534E+03, 0.57828E+00, 0.45326E-02
 0.63000E+02, 0.33000E+02, 0.37659E+03, 0.57742E+00, 0.45481E-02
 0.64000E+02, 0.33000E+02, 0.37525E+03, 0.46687E+00, 0.56134E-02
 0.65000E+02, 0.33000E+02, 0.35389E+03, 0.40930E+00, 0.61920E-02
 0.00000E+00, 0.34000E+02, 0.86085E+03, 0.24774E+00, 0.18501E-01
 0.10000E+01, 0.34000E+02, 0.96378E+03, 0.17758E+00, 0.28153E-01
 0.20000E+01, 0.34000E+02, 0.74255E+03, 0.24647E+00, 0.16657E-01
 0.30000E+01, 0.34000E+02, 0.57747E+03, 0.29792E+00, 0.11540E-01
 0.40000E+01, 0.34000E+02, 0.49762E+03, 0.22469E+00, 0.13865E-01
 0.50000E+01, 0.34000E+02, 0.44967E+03, 0.17825E+00, 0.16390E-01
 0.60000E+01, 0.34000E+02, 0.30486E+03, 0.14068E+00, 0.16606E-01
 0.70000E+01, 0.34000E+02, 0.31216E+03, 0.14805E+00, 0.15979E-01
 0.80000E+01, 0.34000E+02, 0.37637E+03, 0.17700E+00, 0.14832E-01
 0.90000E+01, 0.34000E+02, 0.38795E+03, 0.18869E+00, 0.14161E-01
 0.10000E+02, 0.34000E+02, 0.37458E+03, 0.21235E+00, 0.12329E-01
 0.11000E+02, 0.34000E+02, 0.36141E+03, 0.24349E+00, 0.10533E-01
 0.12000E+02, 0.34000E+02, 0.35454E+03, 0.19160E+00, 0.13241E-01
 0.13000E+02, 0.34000E+02, 0.34059E+03, 0.26053E+00, 0.95216E-02
 0.14000E+02, 0.34000E+02, 0.36137E+03, 0.22231E+00, 0.11536E-01
 0.15000E+02, 0.34000E+02, 0.43333E+03, 0.21259E+00, 0.13432E-01
 0.16000E+02, 0.34000E+02, 0.38381E+03, 0.19758E+00, 0.13439E-01
 0.17000E+02, 0.34000E+02, 0.37029E+03, 0.19565E+00, 0.13292E-01
 0.18000E+02, 0.34000E+02, 0.35260E+03, 0.18274E+00, 0.13840E-01
 0.19000E+02, 0.34000E+02, 0.30272E+03, 0.15979E+00, 0.14567E-01
 0.20000E+02, 0.34000E+02, 0.31316E+03, 0.13821E+00, 0.17146E-01
 0.21000E+02, 0.34000E+02, 0.31317E+03, 0.14341E+00, 0.16524E-01
 0.22000E+02, 0.34000E+02, 0.30563E+03, 0.12751E+00, 0.18346E-01
 0.23000E+02, 0.34000E+02, 0.30373E+03, 0.12004E+00, 0.19423E-01
 0.24000E+02, 0.34000E+02, 0.29284E+03, 0.13370E+00, 0.17110E-01
 0.25000E+02, 0.34000E+02, 0.29210E+03, 0.13995E+00, 0.16325E-01
 0.26000E+02, 0.34000E+02, 0.29461E+03, 0.12052E+00, 0.19040E-01
 0.27000E+02, 0.34000E+02, 0.29225E+03, 0.10384E+00, 0.22008E-01
 0.28000E+02, 0.34000E+02, 0.28821E+03, 0.99743E-01, 0.22748E-01
 0.29000E+02, 0.34000E+02, 0.27051E+03, 0.10112E+00, 0.21730E-01
 0.30000E+02, 0.34000E+02, 0.44130E+03, 0.26359E+00, 0.10955E-01
 0.31000E+02, 0.34000E+02, 0.17970E+03, 0.44948E+00, 0.40722E-02
 0.32000E+02, 0.34000E+02, 0.16321E+03, 0.42441E+00, 0.41556E-02
 0.33000E+02, 0.34000E+02, 0.16591E+03, 0.41306E+00, 0.42962E-02
 0.34000E+02, 0.34000E+02, 0.17288E+03, 0.39176E+00, 0.46017E-02
 0.35000E+02, 0.34000E+02, 0.18018E+03, 0.39750E+00, 0.46096E-02
 0.36000E+02, 0.34000E+02, 0.16977E+03, 0.46176E+00, 0.38769E-02
 0.37000E+02, 0.34000E+02, 0.18271E+03, 0.42861E+00, 0.42988E-02
 0.38000E+02, 0.34000E+02, 0.38162E+03, 0.29171E+00, 0.90722E-02
 0.39000E+02, 0.34000E+02, 0.32726E+03, 0.29404E+00, 0.82531E-02
 0.40000E+02, 0.34000E+02, 0.13618E+03, 0.39645E+00, 0.41731E-02
 0.41000E+02, 0.34000E+02, 0.12633E+03, 0.38901E+00, 0.41506E-02
 0.42000E+02, 0.34000E+02, 0.11545E+03, 0.39248E+00, 0.40018E-02
 0.43000E+02, 0.34000E+02, 0.11367E+03, 0.38610E+00, 0.40494E-02
 0.44000E+02, 0.34000E+02, 0.10780E+03, 0.38899E+00, 0.39583E-02
 0.45000E+02, 0.34000E+02, 0.10167E+03, 0.41016E+00, 0.36936E-02
 0.46000E+02, 0.34000E+02, 0.11322E+03, 0.37300E+00, 0.41867E-02
 0.47000E+02, 0.34000E+02, 0.14534E+03, 0.31582E+00, 0.53557E-02
 0.48000E+02, 0.34000E+02, 0.39424E+03, 0.10185E+00, 0.26485E-01
 0.49000E+02, 0.34000E+02, 0.40172E+03, 0.11733E+00, 0.23249E-01
 0.50000E+02, 0.34000E+02, 0.38882E+03, 0.11686E+00, 0.22896E-01
 0.51000E+02, 0.34000E+02, 0.39199E+03, 0.11792E+00, 0.22798E-01
 0.52000E+02, 0.34000E+02, 0.37930E+03, 0.12362E+00, 0.21333E-01
 0.53000E+02, 0.34000E+02, 0.37724E+03, 0.12628E+00, 0.20817E-01
 0.54000E+02, 0.34000E+02, 0.37365E+03, 0.13723E+00, 0.19050E-01
 0.55000E+02, 0.34000E+02, 0.37341E+03, 0.14593E+00, 0.17907E-01
 0.56000E+02, 0.34000E+02, 0.37500E+03, 0.15076E+00, 0.17377E-01
 0.57000E+02, 0.34000E+02, 0.39446E+03, 0.15528E+00, 0.17378E-01
 0.58000E+02, 0.34000E+02, 0.36535E+03, 0.15967E+00, 0.16163E-01
 0.59000E+02, 0.34000E+02, 0.22000E+02, 0.30000E+02, 0.00000E+00
 0.60000E+02, 0.34000E+02, 0.35736E+03, 0.63862E+00, 0.39905E-02
 0.61000E+02, 0.34000E+02, 0.37754E+03, 0.54709E+00, 0.48073E-02
 0.62000E+02, 0.34000E+02, 0.37815E+03, 0.66040E+00, 0.39861E-02
 0.63000E+02, 0.34000E+02, 0.37698E+03, 0.60015E+00, 0.43785E-02
 0.64000E+02, 0.34000E+02, 0.37270E+03, 0.48554E+00, 0.53763E-02
 0.65000E+02, 0.34000E+02, 0.35625E+03, 0.42291E+00, 0.60153E-02
 0.00000E+00, 0.35000E+02, 0.85052E+03, 0.19847E+00, 0.22884E-01
 0.10000E+01, 0.35000E+02, 0.85094E+03, 0.16941E+00, 0.26819E-01
 0.20000E+01, 0.35000E+02, 0.78995E+03, 0.18723E+00, 0.22950E-01
 0.30000E+01, 0.35000E+02, 0.56411E+03, 0.29082E+00, 0.11636E-01
 0.40000E+01, 0.35000E+02, 0.48130E+03, 0.23175E+00, 0.13158E-01
 0.50000E+01, 0.35000E+02, 0.44548E+03, 0.17412E+00, 0.16682E-01
 0.60000E+01, 0.35000E+02, 0.32573E+03, 0.15545E+00, 0.15572E-01
 0.70000E+01, 0.35000E+02, 0.30996E+03, 0.14946E+00, 0.15769E-01
 0.80000E+01, 0.35000E+02, 0.40142E+03, 0.18754E+00, 0.14538E-01
 0.90000E+01, 0.35000E+02, 0.40506E+03, 0.19053E+00, 0.14387E-01
 0.10000E+02, 0.35000E+02, 0.38359E+03, 0.19577E+00, 0.13559E-01
 0.11000E+02, 0.35000E+02, 0.36854E+03, 0.20728E+00, 0.12513E-01
 0.12000E+02, 0.35000E+02, 0.35807E+03, 0.19308E+00, 0.13214E-01
 0.13000E+02, 0.35000E+02, 0.36327E+03, 0.26063E+00, 0.98695E-02
 0.14000E+02, 0.35000E+02, 0.47522E+03, 0.23378E+00, 0.12939E-01
 0.15000E+02, 0.35000E+02, 0.49074E+03, 0.21875E+00, 0.14114E-01
 0.16000E+02, 0.35000E+02, 0.43076E+03, 0.20242E+00, 0.14056E-01
 0.17000E+02, 0.35000E+02, 0.41561E+03, 0.19796E+00, 0.14063E-01
 0.18000E+02, 0.35000E+02, 0.47836E+03, 0.19721E+00, 0.15402E-01
 0.19000E+02, 0.35000E+02, 0.49765E+03, 0.19762E+00, 0.15765E-01
 0.20000E+02, 0.35000E+02, 0.49129E+03, 0.18921E+00, 0.16330E-01
 0.21000E+02, 0.35000E+02, 0.50474E+03, 0.19657E+00, 0.15995E-01
 0.22000E+02, 0.35000E+02, 0.51927E+03, 0.19815E+00, 0.16164E-01
 0.23000E+02, 0.35000E+02, 0.54597E+03, 0.20259E+00, 0.16342E-01
 0.24000E+02, 0.35000E+02, 0.53880E+03, 0.19598E+00, 0.16745E-01
 0.25000E+02, 0.35000E+02, 0.55281E+03, 0.20063E+00, 0.16640E-01
 0.26000E+02, 0.35000E+02, 0.56814E+03, 0.19911E+00, 0.17078E-01
 0.27000E+02, 0.35000E+02, 0.57058E+03, 0.18144E+00, 0.18796E-01
 0.28000E+02, 0.35000E+02, 0.55989E+03, 0.17093E+00, 0.19699E-01
 0.29000E+02, 0.35000E+02, 0.55724E+03, 0.16866E+00, 0.19899E-01
 0.30000E+02, 0.35000E+02, 0.55786E+03, 0.16729E+00, 0.20077E-01
 0.31000E+02, 0.35000E+02, 0.57406E+03, 0.17151E+00, 0.19966E-01
 0.32000E+02, 0.35000E+02, 0.59253E+03, 0.17892E+00, 0.19556E-01
 0.33000E+02, 0.35000E+02, 0.60958E+03, 0.19258E+00, 0.18526E-01
 0.34000E+02, 0.35000E+02, 0.61936E+03, 0.20718E+00, 0.17412E-01
 0.35000E+02, 0.35000E+02, 0.61511E+03, 0.20158E+00, 0.17810E-01
 0.36000E+02, 0.35000E+02, 0.61342E+03, 0.19806E+00, 0.18092E-01
 0.37000E+02, 0.35000E+02, 0.60455E+03, 0.19655E+00, 0.18049E-01
 0.38000E+02, 0.35000E+02, 0.58975E+03, 0.19697E+00, 0.17706E-01
 0.39000E+02, 0.35000E+02, 0.56405E+03, 0.19358E+00, 0.17480E-01
 0.40000E+02, 0.35000E+02, 0.55166E+03, 0.19112E+00, 0.17443E-01
 0.41000E+02, 0.35000E+02, 0.53093E+03, 0.18317E+00, 0.17743E-01
 0.42000E+02, 0.35000E+02, 0.47284E+03, 0.15864E+00, 0.19006E-01
 0.43000E+02, 0.35000E+02, 0.45584E+03, 0.16833E+00, 0.17504E-01
 0.44000E+02, 0.35000E+02, 0.45843E+03, 0.18431E+00, 0.16043E-01
 0.45000E+02, 0.35000E+02, 0.45758E+03, 0.18571E+00, 0.15904E-01
 0.46000E+02, 0.35000E+02, 0.44572E+03, 0.19715E+00, 0.14738E-01
 0.47000E+02, 0.35000E+02, 0.44042E+03, 0.20622E+00, 0.13986E-01
 0.48000E+02, 0.35000E+02, 0.43824E+03, 0.20991E+00, 0.13698E-01
 0.49000E+02, 0.35000E+02, 0.42157E+03, 0.24123E+00, 0.11640E-01
 0.50000E+02, 0.35000E+02, 0.41350E+03, 0.26080E+00, 0.10642E-01
 0.51000E+02, 0.35000E+02, 0.40039E+03, 0.25975E+00, 0.10481E-01
 0.52000E+02, 0.35000E+02, 0.38048E+03, 0.27341E+00, 0.96627E-02
 0.53000E+02, 0.35000E+02, 0.36677E+03, 0.29248E+00, 0.88431E-02
 0.54000E+02, 0.35000E+02, 0.35233E+03, 0.28070E+00, 0.90063E-02
 0.55000E+02, 0.35000E+02, 0.34866E+03, 0.27222E+00, 0.92324E-02
 0.56000E+02, 0.35000E+02, 0.34044E+03, 0.26888E+00, 0.92234E-02
 0.57000E+02, 0.35000E+02, 0.33102E+03, 0.27678E+00, 0.88226E-02
 0.58000E+02, 0.35000E+02, 0.32476E+03, 0.27273E+00, 0.88610E-02
 0.59000E+02, 0.35000E+02, 0.32529E+03, 0.28392E+00, 0.85194E-02
 0.60000E+02, 0.35000E+02, 0.37661E+03, 0.61113E+00, 0.42973E-02
 0.61000E+02, 0.35000E+02, 0.38103E+03, 0.61474E+00, 0.43012E-02
 0.62000E+02, 0.35000E+02, 0.37866E+03, 0.66650E+00, 0.39527E-02
 0.63000E+02, 0.35000E+02, 0.37075E+03, 0.55394E+00, 0.46982E-02
 0.64000E+02, 0.35000E+02, 0.36651E+03, 0.49911E+00, 0.51800E-02
 0.65000E+02, 0.35000E+02, 0.34502E+03, 0.41012E+00, 0.60922E-02
 0.00000E+00, 0.36000E+02, 0.58359E+03, 0.22661E+00, 0.15281E-01
 0.10000E+01, 0.36000E+02, 0.65171E+03, 0.20578E+00, 0.18165E-01
 0.20000E+01, 0.36000E+02, 0.55095E+03, 0.26057E+00, 0.12783E-01
 0.30000E+01, 0.36000E+02, 0.50639E+03, 0.23514E+00, 0.13399E-01
 0.40000E+01, 0.36000E+02, 0.44656E+03, 0.19718E+00, 0.14753E-01
 0.50000E+01, 0.36000E+02, 0.44795E+03, 0.17467E+00, 0.16686E-01
 0.60000E+01, 0.36000E+02, 0.35844E+03, 0.17259E+00, 0.14791E-01
 0.70000E+01, 0.36000E+02, 0.29726E+03, 0.14518E+00, 0.15880E-01
 0.80000E+01, 0.36000E+02, 0.41554E+03, 0.19474E+00, 0.14294E-01
 0.90000E+01, 0.36000E+02, 0.41185E+03, 0.19670E+00, 0.14075E-01
 0.10000E+02, 0.36000E+02, 0.38906E+03, 0.20037E+00, 0.13358E-01
 0.11000E+02, 0.36000E+02, 0.37267E+03, 0.20700E+00, 0.12610E-01
 0.12000E+02, 0.36000E+02, 0.36095E+03, 0.22981E+00, 0.11152E-01
 0.13000E+02, 0.36000E+02, 0.36951E+03, 0.27251E+00, 0.95320E-02
 0.14000E+02, 0.36000E+02, 0.49238E+03, 0.24402E+00, 0.12680E-01
 0.15000E+02, 0.36000E+02, 0.49598E+03, 0.23033E+00, 0.13496E-01
 0.16000E+02, 0.36000E+02, 0.49069E+03, 0.21088E+00, 0.14640E-01
 0.17000E+02, 0.36000E+02, 0.49678E+03, 0.21187E+00, 0.14688E-01
 0.18000E+02, 0.36000E+02, 0.51542E+03, 0.19810E+00, 0.16089E-01
 0.19000E+02, 0.36000E+02, 0.54616E+03, 0.21033E+00, 0.15744E-01
 0.20000E+02, 0.36000E+02, 0.57260E+03, 0.21818E+00, 0.15668E-01
 0.21000E+02, 0.36000E+02, 0.57200E+03, 0.22631E+00, 0.15094E-01
 0.22000E+02, 0.36000E+02, 0.58158E+03, 0.22876E+00, 0.15102E-01
 0.23000E+02, 0.36000E+02, 0.60003E+03, 0.22387E+00, 0.15764E-01
 0.24000E+02, 0.36000E+02, 0.58789E+03, 0.21524E+00, 0.16169E-01
 0.25000E+02, 0.36000E+02, 0.62675E+03, 0.21744E+00, 0.16727E-01
 0.26000E+02, 0.36000E+02, 0.65766E+03, 0.21609E+00, 0.17410E-01
 0.27000E+02, 0.36000E+02, 0.71047E+03, 0.21796E+00, 0.18240E-01
 0.28000E+02, 0.36000E+02, 0.70977E+03, 0.21140E+00, 0.18793E-01
 0.29000E+02, 0.36000E+02, 0.70350E+03, 0.20599E+00, 0.19163E-01
 0.30000E+02, 0.36000E+02, 0.65931E+03, 0.18696E+00, 0.20158E-01
 0.31000E+02, 0.36000E+02, 0.63862E+03, 0.18982E+00, 0.19414E-01
 0.32000E+02, 0.36000E+02, 0.65311E+03, 0.20127E+00, 0.18600E-01
 0.33000E+02, 0.36000E+02, 0.68616E+03, 0.20122E+00, 0.19270E-01
 0.34000E+02, 0.36000E+02, 0.71378E+03, 0.21994E+00, 0.18137E-01
 0.35000E+02, 0.36000E+02, 0.70020E+03, 0.23100E+00, 0.17031E-01
 0.36000E+02, 0.36000E+02, 0.66143E+03, 0.22656E+00, 0.16672E-01
 0.37000E+02, 0.36000E+02, 0.62204E+03, 0.21080E+00, 0.17164E-01
 0.38000E+02, 0.36000E+02, 0.59680E+03, 0.19916E+00, 0.17655E-01
 0.39000E+02, 0.36000E+02, 0.57873E+03, 0.19100E+00, 0.18027E-01
 0.40000E+02, 0.36000E+02, 0.54674E+03, 0.18637E+00, 0.17781E-01
 0.41000E+02, 0.36000E+02, 0.51823E+03, 0.18533E+00, 0.17259E-01
 0.42000E+02, 0.36000E+02, 0.50544E+03, 0.17885E+00, 0.17595E-01
 0.43000E+02, 0.36000E+02, 0.51599E+03, 0.18309E+00, 0.17421E-01
 0.44000E+02, 0.36000E+02, 0.50814E+03, 0.17466E+00, 0.18079E-01
 0.45000E+02, 0.36000E+02, 0.49521E+03, 0.19048E+00, 0.16304E-01
 0.46000E+02, 0.36000E+02, 0.47463E+03, 0.22143E+00, 0.13650E-01
 0.47000E+02, 0.36000E+02, 0.46112E+03, 0.27682E+00, 0.10721E-01
 0.48000E+02, 0.36000E+02, 0.43825E+03, 0.26234E+00, 0.10961E-01
 0.49000E+02, 0.36000E+02, 0.42909E+03, 0.25845E+00, 0.10982E-01
 0.50000E+02, 0.36000E+02, 0.41766E+03, 0.26336E+00, 0.10602E-01
 0.51000E+02, 0.36000E+02, 0.41091E+03, 0.26316E+00, 0.10506E-01
 0.52000E+02, 0.36000E+02, 0.39989E+03, 0.26729E+00, 0.10178E-01
 0.53000E+02, 0.36000E+02, 0.39796E+03, 0.25917E+00, 0.10466E-01
 0.54000E+02, 0.36000E+02, 0.37618E+03, 0.26677E+00, 0.98378E-02
 0.55000E+02, 0.36000E+02, 0.35789E+03, 0.29047E+00, 0.87807E-02
 0.56000E+02, 0.36000E+02, 0.34721E+03, 0.28997E+00, 0.86470E-02
 0.57000E+02, 0.36000E+02, 0.34166E+03, 0.27380E+00, 0.90759E-02
 0.58000E+02, 0.36000E+02, 0.34642E+03, 0.25681E+00, 0.97511E-02
 0.59000E+02, 0.36000E+02, 0.33867E+03, 0.38235E+00, 0.64675E-02
 0.60000E+02, 0.36000E+02, 0.37481E+03, 0.59648E+00, 0.43906E-02
 0.61000E+02, 0.36000E+02, 0.37867E+03, 0.70410E+00, 0.37417E-02
 0.62000E+02, 0.36000E+02, 0.37518E+03, 0.67604E+00, 0.38762E-02
 0.63000E+02, 0.36000E+02, 0.36440E+03, 0.52676E+00, 0.48918E-02
 0.64000E+02, 0.36000E+02, 0.34297E+03, 0.39895E+00, 0.62421E-02
 0.65000E+02, 0.36000E+02, 0.33928E+03, 0.39087E+00, 0.63328E-02
 0.00000E+00, 0.37000E+02, 0.51490E+03, 0.24336E+00, 0.13088E-01
 0.10000E+01, 0.37000E+02, 0.52598E+03, 0.23802E+00, 0.13570E-01
 0.20000E+01, 0.37000E+02, 0.52262E+03, 0.24060E+00, 0.13368E-01
 0.30000E+01, 0.37000E+02, 0.48839E+03, 0.20296E+00, 0.15166E-01
 0.40000E+01, 0.37000E+02, 0.45442E+03, 0.17197E+00, 0.17100E-01
 0.50000E+01, 0.37000E+02, 0.44979E+03, 0.17273E+00, 0.16917E-01
 0.60000E+01, 0.37000E+02, 0.33099E+03, 0.15997E+00, 0.15264E-01
 0.70000E+01, 0.37000E+02, 0.33036E+03, 0.16046E+00, 0.15201E-01
 0.80000E+01, 0.37000E+02, 0.42360E+03, 0.20111E+00, 0.14003E-01
 0.90000E+01, 0.37000E+02, 0.40063E+03, 0.20159E+00, 0.13509E-01
 0.10000E+02, 0.37000E+02, 0.40016E+03, 0.20492E+00, 0.13281E-01
 0.11000E+02, 0.37000E+02, 0.37915E+03, 0.20560E+00, 0.12823E-01
 0.12000E+02, 0.37000E+02, 0.38018E+03, 0.24543E+00, 0.10759E-01
 0.13000E+02, 0.37000E+02, 0.48105E+03, 0.25513E+00, 0.11948E-01
 0.14000E+02, 0.37000E+02, 0.49164E+03, 0.26309E+00, 0.11750E-01
 0.15000E+02, 0.37000E+02, 0.49735E+03, 0.26221E+00, 0.11877E-01
 0.16000E+02, 0.37000E+02, 0.48767E+03, 0.22751E+00, 0.13516E-01
 0.17000E+02, 0.37000E+02, 0.50111E+03, 0.22101E+00, 0.14159E-01
 0.18000E+02, 0.37000E+02, 0.52190E+03, 0.20585E+00, 0.15610E-01
 0.19000E+02, 0.37000E+02, 0.53880E+03, 0.22868E+00, 0.14351E-01
 0.20000E+02, 0.37000E+02, 0.59973E+03, 0.20352E+00, 0.17335E-01
 0.21000E+02, 0.37000E+02, 0.61145E+03, 0.21170E+00, 0.16889E-01
 0.22000E+02, 0.37000E+02, 0.60469E+03, 0.23747E+00, 0.14941E-01
 0.23000E+02, 0.37000E+02, 0.60879E+03, 0.24042E+00, 0.14827E-01
 0.24000E+02, 0.37000E+02, 0.61982E+03, 0.22513E+00, 0.16032E-01
 0.25000E+02, 0.37000E+02, 0.66756E+03, 0.21799E+00, 0.17442E-01
 0.26000E+02, 0.37000E+02, 0.71273E+03, 0.21233E+00, 0.18767E-01
 0.27000E+02, 0.37000E+02, 0.77459E+03, 0.20872E+00, 0.20289E-01
 0.28000E+02, 0.37000E+02, 0.78943E+03, 0.21893E+00, 0.19617E-01
 0.29000E+02, 0.37000E+02, 0.74903E+03, 0.21771E+00, 0.18977E-01
 0.30000E+02, 0.37000E+02, 0.70672E+03, 0.20018E+00, 0.19785E-01
 0.31000E+02, 0.37000E+02, 0.67690E+03, 0.19179E+00, 0.20022E-01
 0.32000E+02, 0.37000E+02, 0.67078E+03, 0.20742E+00, 0.18393E-01
 0.33000E+02, 0.37000E+02, 0.69283E+03, 0.20340E+00, 0.19195E-01
 0.34000E+02, 0.37000E+02, 0.74437E+03, 0.19849E+00, 0.20720E-01
 0.35000E+02, 0.37000E+02, 0.76060E+03, 0.22543E+00, 0.18534E-01
 0.36000E+02, 0.37000E+02, 0.70370E+03, 0.25136E+00, 0.15708E-01
 0.37000E+02, 0.37000E+02, 0.64495E+03, 0.23286E+00, 0.15936E-01
 0.38000E+02, 0.37000E+02, 0.60490E+03, 0.20964E+00, 0.16929E-01
 0.39000E+02, 0.37000E+02, 0.57091E+03, 0.18877E+00, 0.18072E-01
 0.40000E+02, 0.37000E+02, 0.56770E+03, 0.18737E+00, 0.18138E-01
 0.41000E+02, 0.37000E+02, 0.54659E+03, 0.18379E+00, 0.18028E-01
 0.42000E+02, 0.37000E+02, 0.54855E+03, 0.18508E+00, 0.17945E-01
 0.43000E+02, 0.37000E+02, 0.53643E+03, 0.18398E+00, 0.17786E-01
 0.44000E+02, 0.37000E+02, 0.51721E+03, 0.17867E+00, 0.17880E-01
 0.45000E+02, 0.37000E+02, 0.50291E+03, 0.19558E+00, 0.16038E-01
 0.46000E+02, 0.37000E+02, 0.49774E+03, 0.21351E+00, 0.14593E-01
 0.47000E+02, 0.37000E+02, 0.45792E+03, 0.28259E+00, 0.10456E-01
 0.48000E+02, 0.37000E+02, 0.43319E+03, 0.28271E+00, 0.10098E-01
 0.49000E+02, 0.37000E+02, 0.42805E+03, 0.27575E+00, 0.10278E-01
 0.50000E+02, 0.37000E+02, 0.41841E+03, 0.27230E+00, 0.10265E-01
 0.51000E+02, 0.37000E+02, 0.39784E+03, 0.30092E+00, 0.90126E-02
 0.52000E+02, 0.37000E+02, 0.39098E+03, 0.31594E+00, 0.84961E-02
 0.53000E+02, 0.37000E+02, 0.38709E+03, 0.31255E+00, 0.85380E-02
 0.54000E+02, 0.37000E+02, 0.37862E+03, 0.32061E+00, 0.82167E-02
 0.55000E+02, 0.37000E+02, 0.35881E+03, 0.29125E+00, 0.87701E-02
 0.56000E+02, 0.37000E+02, 0.36132E+03, 0.28639E+00, 0.89543E-02
 0.57000E+02, 0.37000E+02, 0.36262E+03, 0.28749E+00, 0.89383E-02
 0.58000E+02, 0.37000E+02, 0.34472E+03, 0.28342E+00, 0.88115E-02
 0.59000E+02, 0.37000E+02, 0.34913E+03, 0.45182E+00, 0.55667E-02
 0.60000E+02, 0.37000E+02, 0.37086E+03, 0.56721E+00, 0.45890E-02
 0.61000E+02, 0.37000E+02, 0.37613E+03, 0.66743E+00, 0.39319E-02
 0.62000E+02, 0.37000E+02, 0.36535E+03, 0.55059E+00, 0.46871E-02
 0.63000E+02, 0.37000E+02, 0.36431E+03, 0.56730E+00, 0.45417E-02
 0.64000E+02, 0.37000E+02, 0.35536E+03, 0.48624E+00, 0.52245E-02
 0.65000E+02, 0.37000E+02, 0.34907E+03, 0.43718E+00, 0.57526E-02
 0.00000E+00, 0.38000E+02, 0.47556E+03, 0.23078E+00, 0.13113E-01
 0.10000E+01, 0.38000E+02, 0.49605E+03, 0.22242E+00, 0.13978E-01
 0.20000E+01, 0.38000E+02, 0.48130E+03, 0.23723E+00, 0.12854E-01
 0.30000E+01, 0.38000E+02, 0.46408E+03, 0.19876E+00, 0.14992E-01
 0.40000E+01, 0.38000E+02, 0.42280E+03, 0.18389E+00, 0.15297E-01
 0.50000E+01, 0.38000E+02, 0.40712E+03, 0.18425E+00, 0.14923E-01
 0.60000E+01, 0.38000E+02, 0.37597E+03, 0.18494E+00, 0.14187E-01
 0.70000E+01, 0.38000E+02, 0.37698E+03, 0.18582E+00, 0.14141E-01
 0.80000E+01, 0.38000E+02, 0.43010E+03, 0.20673E+00, 0.13750E-01
 0.90000E+01, 0.38000E+02, 0.45913E+03, 0.22272E+00, 0.13289E-01
 0.10000E+02, 0.38000E+02, 0.45058E+03, 0.22722E+00, 0.12874E-01
 0.11000E+02, 0.38000E+02, 0.44638E+03, 0.23780E+00, 0.12230E-01
 0.12000E+02, 0.38000E+02, 0.45450E+03, 0.24726E+00, 0.11895E-01
 0.13000E+02, 0.38000E+02, 0.49260E+03, 0.25797E+00, 0.11997E-01
 0.14000E+02, 0.38000E+02, 0.48466E+03, 0.26308E+00, 0.11642E-01
 0.15000E+02, 0.38000E+02, 0.49292E+03, 0.26661E+00, 0.11614E-01
 0.16000E+02, 0.38000E+02, 0.49604E+03, 0.23288E+00, 0.13350E-01
 0.17000E+02, 0.38000E+02, 0.51534E+03, 0.22938E+00, 0.13894E-01
 0.18000E+02, 0.38000E+02, 0.52980E+03, 0.24769E+00, 0.13103E-01
 0.19000E+02, 0.38000E+02, 0.53388E+03, 0.27942E+00, 0.11674E-01
 0.20000E+02, 0.38000E+02, 0.57267E+03, 0.22656E+00, 0.15090E-01
 0.21000E+02, 0.38000E+02, 0.61301E+03, 0.20013E+00, 0.17897E-01
 0.22000E+02, 0.38000E+02, 0.61749E+03, 0.21988E+00, 0.16371E-01
 0.23000E+02, 0.38000E+02, 0.61068E+03, 0.23559E+00, 0.15163E-01
 0.24000E+02, 0.38000E+02, 0.63814E+03, 0.22901E+00, 0.16084E-01
 0.25000E+02, 0.38000E+02, 0.68916E+03, 0.22726E+00, 0.17115E-01
 0.26000E+02, 0.38000E+02, 0.74255E+03, 0.20530E+00, 0.19997E-01
 0.27000E+02, 0.38000E+02, 0.79756E+03, 0.20623E+00, 0.20985E-01
 0.28000E+02, 0.38000E+02, 0.79482E+03, 0.22570E+00, 0.19125E-01
 0.29000E+02, 0.38000E+02, 0.72607E+03, 0.19942E+00, 0.20253E-01
 0.30000E+02, 0.38000E+02, 0.67519E+03, 0.18740E+00, 0.20453E-01
 0.31000E+02, 0.38000E+02, 0.68535E+03, 0.21494E+00, 0.18024E-01
 0.32000E+02, 0.38000E+02, 0.68966E+03, 0.21140E+00, 0.18408E-01
 0.33000E+02, 0.38000E+02, 0.73866E+03, 0.20146E+00, 0.20299E-01
 0.34000E+02, 0.38000E+02, 0.77302E+03, 0.20758E+00, 0.20370E-01
 0.35000E+02, 0.38000E+02, 0.78704E+03, 0.23174E+00, 0.18491E-01
 0.36000E+02, 0.38000E+02, 0.75138E+03, 0.25493E+00, 0.16243E-01
 0.37000E+02, 0.38000E+02, 0.67993E+03, 0.25495E+00, 0.15109E-01
 0.38000E+02, 0.38000E+02, 0.63747E+03, 0.25762E+00, 0.14287E-01
 0.39000E+02, 0.38000E+02, 0.58756E+03, 0.19655E+00, 0.17699E-01
 0.40000E+02, 0.38000E+02, 0.56071E+03, 0.16470E+00, 0.20464E-01
 0.41000E+02, 0.38000E+02, 0.55357E+03, 0.16153E+00, 0.20687E-01
 0.42000E+02, 0.38000E+02, 0.54545E+03, 0.15575E+00, 0.21243E-01
 0.43000E+02, 0.38000E+02, 0.53971E+03, 0.17181E+00, 0.19123E-01
 0.44000E+02, 0.38000E+02, 0.55411E+03, 0.16304E+00, 0.20508E-01
 0.45000E+02, 0.38000E+02, 0.52058E+03, 0.17245E+00, 0.18603E-01
 0.46000E+02, 0.38000E+02, 0.50135E+03, 0.23765E+00, 0.13172E-01
 0.47000E+02, 0.38000E+02, 0.45115E+03, 0.29927E+00, 0.97820E-02
 0.48000E+02, 0.38000E+02, 0.43627E+03, 0.29153E+00, 0.98355E-02
 0.49000E+02, 0.38000E+02, 0.42835E+03, 0.28178E+00, 0.10062E-01
 0.50000E+02, 0.38000E+02, 0.42614E+03, 0.27468E+00, 0.10290E-01
 0.51000E+02, 0.38000E+02, 0.40566E+03, 0.32281E+00, 0.84993E-02
 0.52000E+02, 0.38000E+02, 0.40386E+03, 0.32579E+00, 0.83991E-02
 0.53000E+02, 0.38000E+02, 0.39681E+03, 0.31651E+00, 0.85554E-02
 0.54000E+02, 0.38000E+02, 0.38499E+03, 0.32586E+00, 0.81634E-02
 0.55000E+02, 0.38000E+02, 0.37071E+03, 0.33105E+00, 0.78610E-02
 0.56000E+02, 0.38000E+02, 0.36476E+03, 0.29850E+00, 0.86376E-02
 0.57000E+02, 0.38000E+02, 0.35035E+03, 0.33199E+00, 0.75907E-02
 0.58000E+02, 0.38000E+02, 0.34727E+03, 0.35337E+00, 0.70963E-02
 0.59000E+02, 0.38000E+02, 0.35480E+03, 0.51652E+00, 0.49137E-02
 0.60000E+02, 0.38000E+02, 0.36721E+03, 0.60617E+00, 0.42697E-02
 0.61000E+02, 0.38000E+02, 0.36892E+03, 0.62751E+00, 0.41356E-02
 0.62000E+02, 0.38000E+02, 0.35643E+03, 0.52759E+00, 0.48232E-02
 0.63000E+02, 0.38000E+02, 0.34734E+03, 0.50138E+00, 0.50021E-02
 0.64000E+02, 0.38000E+02, 0.34599E+03, 0.45214E+00, 0.55346E-02
 0.65000E+02, 0.38000E+02, 0.34837E+03, 0.45224E+00, 0.55548E-02
 0.00000E+00, 0.39000E+02, 0.46556E+03, 0.21897E+00, 0.13636E-01
 0.10000E+01, 0.39000E+02, 0.47802E+03, 0.22623E+00, 0.13421E-01
 0.20000E+01, 0.39000E+02, 0.46402E+03, 0.21084E+00, 0.14132E-01
 0.30000E+01, 0.39000E+02, 0.44473E+03, 0.19854E+00, 0.14615E-01
 0.40000E+01, 0.39000E+02, 0.41414E+03, 0.21123E+00, 0.13151E-01
 0.50000E+01, 0.39000E+02, 0.41375E+03, 0.21048E+00, 0.13190E-01
 0.60000E+01, 0.39000E+02, 0.41399E+03, 0.20328E+00, 0.13662E-01
 0.70000E+01, 0.39000E+02, 0.41257E+03, 0.20205E+00, 0.13717E-01
 0.80000E+01, 0.39000E+02, 0.40781E+03, 0.19764E+00, 0.13926E-01
 0.90000E+01, 0.39000E+02, 0.46459E+03, 0.21560E+00, 0.13830E-01
 0.10000E+02, 0.39000E+02, 0.48300E+03, 0.22598E+00, 0.13525E-01
 0.11000E+02, 0.39000E+02, 0.49165E+03, 0.23579E+00, 0.13110E-01
 0.12000E+02, 0.39000E+02, 0.49182E+03, 0.23625E+00, 0.13088E-01
 0.13000E+02, 0.39000E+02, 0.48689E+03, 0.24533E+00, 0.12522E-01
 0.14000E+02, 0.39000E+02, 0.47572E+03, 0.25374E+00, 0.11929E-01
 0.15000E+02, 0.39000E+02, 0.48186E+03, 0.26461E+00, 0.11532E-01
 0.16000E+02, 0.39000E+02, 0.50201E+03, 0.23223E+00, 0.13491E-01
 0.17000E+02, 0.39000E+02, 0.51896E+03, 0.20990E+00, 0.15253E-01
 0.18000E+02, 0.39000E+02, 0.53954E+03, 0.22904E+00, 0.14341E-01
 0.19000E+02, 0.39000E+02, 0.56454E+03, 0.27375E+00, 0.12368E-01
 0.20000E+02, 0.39000E+02, 0.56169E+03, 0.25642E+00, 0.13159E-01
 0.21000E+02, 0.39000E+02, 0.59916E+03, 0.21034E+00, 0.16762E-01
 0.22000E+02, 0.39000E+02, 0.61343E+03, 0.23463E+00, 0.15272E-01
 0.23000E+02, 0.39000E+02, 0.62914E+03, 0.24944E+00, 0.14620E-01
 0.24000E+02, 0.39000E+02, 0.63945E+03, 0.24052E+00, 0.15336E-01
 0.25000E+02, 0.39000E+02, 0.68945E+03, 0.24542E+00, 0.15853E-01
 0.26000E+02, 0.39000E+02, 0.76052E+03, 0.19848E+00, 0.21049E-01
 0.27000E+02, 0.39000E+02, 0.79609E+03, 0.19396E+00, 0.22282E-01
 0.28000E+02, 0.39000E+02, 0.76874E+03, 0.22005E+00, 0.19137E-01
 0.29000E+02, 0.39000E+02, 0.70635E+03, 0.18991E+00, 0.20847E-01
 0.30000E+02, 0.39000E+02, 0.69048E+03, 0.19877E+00, 0.19595E-01
 0.31000E+02, 0.39000E+02, 0.69510E+03, 0.24205E+00, 0.16168E-01
 0.32000E+02, 0.39000E+02, 0.70671E+03, 0.22448E+00, 0.17643E-01
 0.33000E+02, 0.39000E+02, 0.72831E+03, 0.20335E+00, 0.19905E-01
 0.34000E+02, 0.39000E+02, 0.77410E+03, 0.21315E+00, 0.19858E-01
 0.35000E+02, 0.39000E+02, 0.78613E+03, 0.22883E+00, 0.18710E-01
 0.36000E+02, 0.39000E+02, 0.75438E+03, 0.26060E+00, 0.15936E-01
 0.37000E+02, 0.39000E+02, 0.68898E+03, 0.27221E+00, 0.14286E-01
 0.38000E+02, 0.39000E+02, 0.66540E+03, 0.27052E+00, 0.14023E-01
 0.39000E+02, 0.39000E+02, 0.60568E+03, 0.21058E+00, 0.16868E-01
 0.40000E+02, 0.39000E+02, 0.57794E+03, 0.16017E+00, 0.21476E-01
 0.41000E+02, 0.39000E+02, 0.57259E+03, 0.15055E+00, 0.22706E-01
 0.42000E+02, 0.39000E+02, 0.56899E+03, 0.15432E+00, 0.22057E-01
 0.43000E+02, 0.39000E+02, 0.58018E+03, 0.16183E+00, 0.21312E-01
 0.44000E+02, 0.39000E+02, 0.57172E+03, 0.16931E+00, 0.20169E-01
 0.45000E+02, 0.39000E+02, 0.53528E+03, 0.18140E+00, 0.18013E-01
 0.46000E+02, 0.39000E+02, 0.50365E+03, 0.30425E+00, 0.10319E-01
 0.47000E+02, 0.39000E+02, 0.46634E+03, 0.30964E+00, 0.96527E-02
 0.48000E+02, 0.39000E+02, 0.44581E+03, 0.26992E+00, 0.10766E-01
 0.49000E+02, 0.39000E+02, 0.43962E+03, 0.25453E+00, 0.11319E-01
 0.50000E+02, 0.39000E+02, 0.43281E+03, 0.28547E+00, 0.99954E-02
 0.51000E+02, 0.39000E+02, 0.42509E+03, 0.33593E+00, 0.84010E-02
 0.52000E+02, 0.39000E+02, 0.41272E+03, 0.31940E+00, 0.86792E-02
 0.53000E+02, 0.39000E+02, 0.39777E+03, 0.32264E+00, 0.84048E-02
 0.54000E+02, 0.39000E+02, 0.38674E+03, 0.32517E+00, 0.82024E-02
 0.55000E+02, 0.39000E+02, 0.37121E+03, 0.35196E+00, 0.73997E-02
 0.56000E+02, 0.39000E+02, 0.36370E+03, 0.33485E+00, 0.76872E-02
 0.57000E+02, 0.39000E+02, 0.36845E+03, 0.34959E+00, 0.74180E-02
 0.58000E+02, 0.39000E+02, 0.35824E+03, 0.42624E+00, 0.59872E-02
 0.59000E+02, 0.39000E+02, 0.34940E+03, 0.44216E+00, 0.56908E-02
 0.60000E+02, 0.39000E+02, 0.35731E+03, 0.58685E+00, 0.43422E-02
 0.61000E+02, 0.39000E+02, 0.35925E+03, 0.57195E+00, 0.44690E-02
 0.62000E+02, 0.39000E+02, 0.35048E+03, 0.52348E+00, 0.48150E-02
 0.63000E+02, 0.39000E+02, 0.34597E+03, 0.47655E+00, 0.52510E-02
 0.64000E+02, 0.39000E+02, 0.34697E+03, 0.41219E+00, 0.60807E-02
 0.65000E+02, 0.39000E+02, 0.34691E+03, 0.40310E+00, 0.62173E-02
 0.00000E+00, 0.40000E+02, 0.46927E+03, 0.22012E+00, 0.13632E-01
 0.10000E+01, 0.40000E+02, 0.46368E+03, 0.21318E+00, 0.13970E-01
 0.20000E+01, 0.40000E+02, 0.45053E+03, 0.20155E+00, 0.14513E-01
 0.30000E+01, 0.40000E+02, 0.44122E+03, 0.19608E+00, 0.14725E-01
 0.40000E+01, 0.40000E+02, 0.45671E+03, 0.18737E+00, 0.15744E-01
 0.50000E+01, 0.40000E+02, 0.44363E+03, 0.18403E+00, 0.15743E-01
 0.60000E+01, 0.40000E+02, 0.38329E+03, 0.20734E+00, 0.12797E-01
 0.70000E+01, 0.40000E+02, 0.40776E+03, 0.21109E+00, 0.13038E-01
 0.80000E+01, 0.40000E+02, 0.41239E+03, 0.21263E+00, 0.13031E-01
 0.90000E+01, 0.40000E+02, 0.46185E+03, 0.19966E+00, 0.14879E-01
 0.10000E+02, 0.40000E+02, 0.46937E+03, 0.19984E+00, 0.15018E-01
 0.11000E+02, 0.40000E+02, 0.48049E+03, 0.21135E+00, 0.14412E-01
 0.12000E+02, 0.40000E+02, 0.48081E+03, 0.21241E+00, 0.14347E-01
 0.13000E+02, 0.40000E+02, 0.48045E+03, 0.23544E+00, 0.12937E-01
 0.14000E+02, 0.40000E+02, 0.46093E+03, 0.24583E+00, 0.12069E-01
 0.15000E+02, 0.40000E+02, 0.45566E+03, 0.26326E+00, 0.11189E-01
 0.16000E+02, 0.40000E+02, 0.48898E+03, 0.23678E+00, 0.13010E-01
 0.17000E+02, 0.40000E+02, 0.51997E+03, 0.20207E+00, 0.15864E-01
 0.18000E+02, 0.40000E+02, 0.51964E+03, 0.22182E+00, 0.14446E-01
 0.19000E+02, 0.40000E+02, 0.55411E+03, 0.22717E+00, 0.14719E-01
 0.20000E+02, 0.40000E+02, 0.58798E+03, 0.23784E+00, 0.14634E-01
 0.21000E+02, 0.40000E+02, 0.59603E+03, 0.25398E+00, 0.13832E-01
 0.22000E+02, 0.40000E+02, 0.60667E+03, 0.28823E+00, 0.12337E-01
 0.23000E+02, 0.40000E+02, 0.62776E+03, 0.25652E+00, 0.14195E-01
 0.24000E+02, 0.40000E+02, 0.63952E+03, 0.24186E+00, 0.15252E-01
 0.25000E+02, 0.40000E+02, 0.70920E+03, 0.23928E+00, 0.16594E-01
 0.26000E+02, 0.40000E+02, 0.76538E+03, 0.20420E+00, 0.20556E-01
 0.27000E+02, 0.40000E+02, 0.79971E+03, 0.18843E+00, 0.23013E-01
 0.28000E+02, 0.40000E+02, 0.75698E+03, 0.21944E+00, 0.18973E-01
 0.29000E+02, 0.40000E+02, 0.73983E+03, 0.23276E+00, 0.17591E-01
 0.30000E+02, 0.40000E+02, 0.68903E+03, 0.20206E+00, 0.19247E-01
 0.31000E+02, 0.40000E+02, 0.68531E+03, 0.22677E+00, 0.17083E-01
 0.32000E+02, 0.40000E+02, 0.71657E+03, 0.21118E+00, 0.18943E-01
 0.33000E+02, 0.40000E+02, 0.71943E+03, 0.20636E+00, 0.19441E-01
 0.34000E+02, 0.40000E+02, 0.76622E+03, 0.21682E+00, 0.19376E-01
 0.35000E+02, 0.40000E+02, 0.78641E+03, 0.23817E+00, 0.17981E-01
 0.36000E+02, 0.40000E+02, 0.76173E+03, 0.25836E+00, 0.16190E-01
 0.37000E+02, 0.40000E+02, 0.70649E+03, 0.27435E+00, 0.14433E-01
 0.38000E+02, 0.40000E+02, 0.66560E+03, 0.24122E+00, 0.15730E-01
 0.39000E+02, 0.40000E+02, 0.60149E+03, 0.21655E+00, 0.16325E-01
 0.40000E+02, 0.40000E+02, 0.58491E+03, 0.17378E+00, 0.19957E-01
 0.41000E+02, 0.40000E+02, 0.59368E+03, 0.16640E+00, 0.21056E-01
 0.42000E+02, 0.40000E+02, 0.58035E+03, 0.18615E+00, 0.18532E-01
 0.43000E+02, 0.40000E+02, 0.56432E+03, 0.17474E+00, 0.19372E-01
 0.44000E+02, 0.40000E+02, 0.56029E+03, 0.17539E+00, 0.19207E-01
 0.45000E+02, 0.40000E+02, 0.52305E+03, 0.23528E+00, 0.13678E-01
 0.46000E+02, 0.40000E+02, 0.52404E+03, 0.30524E+00, 0.10556E-01
 0.47000E+02, 0.40000E+02, 0.48137E+03, 0.31159E+00, 0.97875E-02
 0.48000E+02, 0.40000E+02, 0.45220E+03, 0.25588E+00, 0.11458E-01
 0.49000E+02, 0.40000E+02, 0.43697E+03, 0.23044E+00, 0.12455E-01
 0.50000E+02, 0.40000E+02, 0.40453E+03, 0.35911E+00, 0.76273E-02
 0.51000E+02, 0.40000E+02, 0.40720E+03, 0.36079E+00, 0.76218E-02
 0.52000E+02, 0.40000E+02, 0.39879E+03, 0.34078E+00, 0.79696E-02
 0.53000E+02, 0.40000E+02, 0.39384E+03, 0.32264E+00, 0.83557E-02
 0.54000E+02, 0.40000E+02, 0.36894E+03, 0.32998E+00, 0.78647E-02
 0.55000E+02, 0.40000E+02, 0.34962E+03, 0.34290E+00, 0.73408E-02
 0.56000E+02, 0.40000E+02, 0.36729E+03, 0.34875E+00, 0.74225E-02
 0.57000E+02, 0.40000E+02, 0.37387E+03, 0.38570E+00, 0.67803E-02
 0.58000E+02, 0.40000E+02, 0.36163E+03, 0.41841E+00, 0.61320E-02
 0.59000E+02, 0.40000E+02, 0.35156E+03, 0.41208E+00, 0.61274E-02
 0.60000E+02, 0.40000E+02, 0.35365E+03, 0.54537E+00, 0.46453E-02
 0.61000E+02, 0.40000E+02, 0.35155E+03, 0.52457E+00, 0.48133E-02
 0.62000E+02, 0.40000E+02, 0.35072E+03, 0.47638E+00, 0.52932E-02
 0.63000E+02, 0.40000E+02, 0.35021E+03, 0.43931E+00, 0.57352E-02
 0.64000E+02, 0.40000E+02, 0.35281E+03, 0.40167E+00, 0.62987E-02
 0.65000E+02, 0.40000E+02, 0.35317E+03, 0.38087E+00, 0.66466E-02
 0.00000E+00, 0.41000E+02, 0.43022E+03, 0.21604E+00, 0.13159E-01
 0.10000E+01, 0.41000E+02, 0.43642E+03, 0.20539E+00, 0.13964E-01
 0.20000E+01, 0.41000E+02, 0.45218E+03, 0.19454E+00, 0.15070E-01
 0.30000E+01, 0.41000E+02, 0.48066E+03, 0.18498E+00, 0.16471E-01
 0.40000E+01, 0.41000E+02, 0.51695E+03, 0.18178E+00, 0.17567E-01
 0.50000E+01, 0.41000E+02, 0.54749E+03, 0.17340E+00, 0.19128E-01
 0.60000E+01, 0.41000E+02, 0.33993E+03, 0.18990E+00, 0.13049E-01
 0.70000E+01, 0.41000E+02, 0.34044E+03, 0.19890E+00, 0.12469E-01
 0.80000E+01, 0.41000E+02, 0.37653E+03, 0.20755E+00, 0.12652E-01
 0.90000E+01, 0.41000E+02, 0.41126E+03, 0.25419E+00, 0.10883E-01
 0.10000E+02, 0.41000E+02, 0.43945E+03, 0.20189E+00, 0.14266E-01
 0.11000E+02, 0.41000E+02, 0.45910E+03, 0.19653E+00, 0.15059E-01
 0.12000E+02, 0.41000E+02, 0.46797E+03, 0.21043E+00, 0.14235E-01
 0.13000E+02, 0.41000E+02, 0.46662E+03, 0.21962E+00, 0.13614E-01
 0.14000E+02, 0.41000E+02, 0.44685E+03, 0.22872E+00, 0.12724E-01
 0.15000E+02, 0.41000E+02, 0.44164E+03, 0.25420E+00, 0.11365E-01
 0.16000E+02, 0.41000E+02, 0.48036E+03, 0.24819E+00, 0.12271E-01
 0.17000E+02, 0.41000E+02, 0.51779E+03, 0.20444E+00, 0.15637E-01
 0.18000E+02, 0.41000E+02, 0.51407E+03, 0.21623E+00, 0.14715E-01
 0.19000E+02, 0.41000E+02, 0.53070E+03, 0.22231E+00, 0.14615E-01
 0.20000E+02, 0.41000E+02, 0.56706E+03, 0.20921E+00, 0.16232E-01
 0.21000E+02, 0.41000E+02, 0.59674E+03, 0.20009E+00, 0.17572E-01
 0.22000E+02, 0.41000E+02, 0.62150E+03, 0.27525E+00, 0.13137E-01
 0.23000E+02, 0.41000E+02, 0.62471E+03, 0.24098E+00, 0.15059E-01
 0.24000E+02, 0.41000E+02, 0.65339E+03, 0.24646E+00, 0.15195E-01
 0.25000E+02, 0.41000E+02, 0.70239E+03, 0.26573E+00, 0.14838E-01
 0.26000E+02, 0.41000E+02, 0.76999E+03, 0.20833E+00, 0.20238E-01
 0.27000E+02, 0.41000E+02, 0.80932E+03, 0.20501E+00, 0.21341E-01
 0.28000E+02, 0.41000E+02, 0.73174E+03, 0.22179E+00, 0.18313E-01
 0.29000E+02, 0.41000E+02, 0.71160E+03, 0.22910E+00, 0.17373E-01
 0.30000E+02, 0.41000E+02, 0.70290E+03, 0.24599E+00, 0.16037E-01
 0.31000E+02, 0.41000E+02, 0.67549E+03, 0.20198E+00, 0.18983E-01
 0.32000E+02, 0.41000E+02, 0.67762E+03, 0.21796E+00, 0.17631E-01
 0.33000E+02, 0.41000E+02, 0.66058E+03, 0.19623E+00, 0.19232E-01
 0.34000E+02, 0.41000E+02, 0.73256E+03, 0.20965E+00, 0.19389E-01
 0.35000E+02, 0.41000E+02, 0.77775E+03, 0.22151E+00, 0.19176E-01
 0.36000E+02, 0.41000E+02, 0.75834E+03, 0.28888E+00, 0.14432E-01
 0.37000E+02, 0.41000E+02, 0.74298E+03, 0.26940E+00, 0.15245E-01
 0.38000E+02, 0.41000E+02, 0.66721E+03, 0.24355E+00, 0.15606E-01
 0.39000E+02, 0.41000E+02, 0.59615E+03, 0.22577E+00, 0.15563E-01
 0.40000E+02, 0.41000E+02, 0.60273E+03, 0.19859E+00, 0.17827E-01
 0.41000E+02, 0.41000E+02, 0.60750E+03, 0.18599E+00, 0.19138E-01
 0.42000E+02, 0.41000E+02, 0.59347E+03, 0.19171E+00, 0.18271E-01
 0.43000E+02, 0.41000E+02, 0.58853E+03, 0.18585E+00, 0.18740E-01
 0.44000E+02, 0.41000E+02, 0.56597E+03, 0.17980E+00, 0.18863E-01
 0.45000E+02, 0.41000E+02, 0.53855E+03, 0.22123E+00, 0.14829E-01
 0.46000E+02, 0.41000E+02, 0.52199E+03, 0.25693E+00, 0.12508E-01
 0.47000E+02, 0.41000E+02, 0.50117E+03, 0.27473E+00, 0.11392E-01
 0.48000E+02, 0.41000E+02, 0.44971E+03, 0.24299E+00, 0.12024E-01
 0.49000E+02, 0.41000E+02, 0.42074E+03, 0.25541E+00, 0.10981E-01
 0.50000E+02, 0.41000E+02, 0.39772E+03, 0.36169E+00, 0.74967E-02
 0.51000E+02, 0.41000E+02, 0.38412E+03, 0.33217E+00, 0.79978E-02
 0.52000E+02, 0.41000E+02, 0.37658E+03, 0.31940E+00, 0.82220E-02
 0.53000E+02, 0.41000E+02, 0.37837E+03, 0.33013E+00, 0.79767E-02
 0.54000E+02, 0.41000E+02, 0.36474E+03, 0.34382E+00, 0.74987E-02
 0.55000E+02, 0.41000E+02, 0.36381E+03, 0.31877E+00, 0.80764E-02
 0.56000E+02, 0.41000E+02, 0.36706E+03, 0.29999E+00, 0.86257E-02
 0.57000E+02, 0.41000E+02, 0.35707E+03, 0.39388E+00, 0.64670E-02
 0.58000E+02, 0.41000E+02, 0.35019E+03, 0.41590E+00, 0.60578E-02
 0.59000E+02, 0.41000E+02, 0.35051E+03, 0.40764E+00, 0.61837E-02
 0.60000E+02, 0.41000E+02, 0.35547E+03, 0.50776E+00, 0.50039E-02
 0.61000E+02, 0.41000E+02, 0.35237E+03, 0.52169E+00, 0.48463E-02
 0.62000E+02, 0.41000E+02, 0.35301E+03, 0.44770E+00, 0.56529E-02
 0.63000E+02, 0.41000E+02, 0.35417E+03, 0.41709E+00, 0.60791E-02
 0.64000E+02, 0.41000E+02, 0.35452E+03, 0.42240E+00, 0.60060E-02
 0.65000E+02, 0.41000E+02, 0.35299E+03, 0.40366E+00, 0.62694E-02
 0.00000E+00, 0.42000E+02, 0.44358E+03, 0.19486E+00, 0.14866E-01
 0.10000E+01, 0.42000E+02, 0.45094E+03, 0.19140E+00, 0.15291E-01
 0.20000E+01, 0.42000E+02, 0.46174E+03, 0.19212E+00, 0.15461E-01
 0.30000E+01, 0.42000E+02, 0.48936E+03, 0.18256E+00, 0.16881E-01
 0.40000E+01, 0.42000E+02, 0.54066E+03, 0.18361E+00, 0.17915E-01
 0.50000E+01, 0.42000E+02, 0.55943E+03, 0.17883E+00, 0.18818E-01
 0.60000E+01, 0.42000E+02, 0.30073E+03, 0.16742E+00, 0.13854E-01
 0.70000E+01, 0.42000E+02, 0.30596E+03, 0.19192E+00, 0.12196E-01
 0.80000E+01, 0.42000E+02, 0.36733E+03, 0.20854E+00, 0.12413E-01
 0.90000E+01, 0.42000E+02, 0.40602E+03, 0.24559E+00, 0.11177E-01
 0.10000E+02, 0.42000E+02, 0.42057E+03, 0.22822E+00, 0.12286E-01
 0.11000E+02, 0.42000E+02, 0.43490E+03, 0.20495E+00, 0.13964E-01
 0.12000E+02, 0.42000E+02, 0.43993E+03, 0.20923E+00, 0.13775E-01
 0.13000E+02, 0.42000E+02, 0.43993E+03, 0.22084E+00, 0.13051E-01
 0.14000E+02, 0.42000E+02, 0.43105E+03, 0.23331E+00, 0.12200E-01
 0.15000E+02, 0.42000E+02, 0.44728E+03, 0.23971E+00, 0.12147E-01
 0.16000E+02, 0.42000E+02, 0.46698E+03, 0.27015E+00, 0.11074E-01
 0.17000E+02, 0.42000E+02, 0.51468E+03, 0.20533E+00, 0.15508E-01
 0.18000E+02, 0.42000E+02, 0.50272E+03, 0.21762E+00, 0.14410E-01
 0.19000E+02, 0.42000E+02, 0.54014E+03, 0.21781E+00, 0.15092E-01
 0.20000E+02, 0.42000E+02, 0.58728E+03, 0.20888E+00, 0.16649E-01
 0.21000E+02, 0.42000E+02, 0.61291E+03, 0.21544E+00, 0.16624E-01
 0.22000E+02, 0.42000E+02, 0.62870E+03, 0.27428E+00, 0.13290E-01
 0.23000E+02, 0.42000E+02, 0.62862E+03, 0.24282E+00, 0.15010E-01
 0.24000E+02, 0.42000E+02, 0.67326E+03, 0.24145E+00, 0.15843E-01
 0.25000E+02, 0.42000E+02, 0.71751E+03, 0.24315E+00, 0.16468E-01
 0.26000E+02, 0.42000E+02, 0.78206E+03, 0.21231E+00, 0.20088E-01
 0.27000E+02, 0.42000E+02, 0.78701E+03, 0.24150E+00, 0.17743E-01
 0.28000E+02, 0.42000E+02, 0.73454E+03, 0.25661E+00, 0.15872E-01
 0.29000E+02, 0.42000E+02, 0.70053E+03, 0.22823E+00, 0.17243E-01
 0.30000E+02, 0.42000E+02, 0.68266E+03, 0.20444E+00, 0.18896E-01
 0.31000E+02, 0.42000E+02, 0.67388E+03, 0.19613E+00, 0.19516E-01
 0.32000E+02, 0.42000E+02, 0.65502E+03, 0.19168E+00, 0.19571E-01
 0.33000E+02, 0.42000E+02, 0.61858E+03, 0.20737E+00, 0.17381E-01
 0.34000E+02, 0.42000E+02, 0.64414E+03, 0.20448E+00, 0.18132E-01
 0.35000E+02, 0.42000E+02, 0.75075E+03, 0.21394E+00, 0.19344E-01
 0.36000E+02, 0.42000E+02, 0.78543E+03, 0.29878E+00, 0.14320E-01
 0.37000E+02, 0.42000E+02, 0.74646E+03, 0.25894E+00, 0.15915E-01
 0.38000E+02, 0.42000E+02, 0.67887E+03, 0.27669E+00, 0.13907E-01
 0.39000E+02, 0.42000E+02, 0.63029E+03, 0.28317E+00, 0.12895E-01
 0.40000E+02, 0.42000E+02, 0.60736E+03, 0.27980E+00, 0.12719E-01
 0.41000E+02, 0.42000E+02, 0.60789E+03, 0.23114E+00, 0.15406E-01
 0.42000E+02, 0.42000E+02, 0.59854E+03, 0.23368E+00, 0.15077E-01
 0.43000E+02, 0.42000E+02, 0.59008E+03, 0.21115E+00, 0.16524E-01
 0.44000E+02, 0.42000E+02, 0.57820E+03, 0.19548E+00, 0.17603E-01
 0.45000E+02, 0.42000E+02, 0.58661E+03, 0.22920E+00, 0.15162E-01
 0.46000E+02, 0.42000E+02, 0.56328E+03, 0.25667E+00, 0.13172E-01
 0.47000E+02, 0.42000E+02, 0.54543E+03, 0.30770E+00, 0.10752E-01
 0.48000E+02, 0.42000E+02, 0.45607E+03, 0.21480E+00, 0.13721E-01
 0.49000E+02, 0.42000E+02, 0.42039E+03, 0.22127E+00, 0.12669E-01
 0.50000E+02, 0.42000E+02, 0.41269E+03, 0.35113E+00, 0.78947E-02
 0.51000E+02, 0.42000E+02, 0.39829E+03, 0.34093E+00, 0.79600E-02
 0.52000E+02, 0.42000E+02, 0.38832E+03, 0.33161E+00, 0.80623E-02
 0.53000E+02, 0.42000E+02, 0.37699E+03, 0.33176E+00, 0.79206E-02
 0.54000E+02, 0.42000E+02, 0.37072E+03, 0.33380E+00, 0.77963E-02
 0.55000E+02, 0.42000E+02, 0.37048E+03, 0.30388E+00, 0.85607E-02
 0.56000E+02, 0.42000E+02, 0.38176E+03, 0.28912E+00, 0.91554E-02
 0.57000E+02, 0.42000E+02, 0.37024E+03, 0.31104E+00, 0.83605E-02
 0.58000E+02, 0.42000E+02, 0.35508E+03, 0.45705E+00, 0.55557E-02
 0.59000E+02, 0.42000E+02, 0.35200E+03, 0.44166E+00, 0.57211E-02
 0.60000E+02, 0.42000E+02, 0.35544E+03, 0.44966E+00, 0.56502E-02
 0.61000E+02, 0.42000E+02, 0.35448E+03, 0.47390E+00, 0.53529E-02
 0.62000E+02, 0.42000E+02, 0.35346E+03, 0.45967E+00, 0.55097E-02
 0.63000E+02, 0.42000E+02, 0.34792E+03, 0.42306E+00, 0.59336E-02
 0.64000E+02, 0.42000E+02, 0.35038E+03, 0.42715E+00, 0.59000E-02
 0.65000E+02, 0.42000E+02, 0.34996E+03, 0.41949E+00, 0.60037E-02
 0.00000E+00, 0.43000E+02, 0.51148E+03, 0.21493E+00, 0.14755E-01
 0.10000E+01, 0.43000E+02, 0.45335E+03, 0.21328E+00, 0.13768E-01
 0.20000E+01, 0.43000E+02, 0.48752E+03, 0.21750E+00, 0.14136E-01
 0.30000E+01, 0.43000E+02, 0.55525E+03, 0.19484E+00, 0.17185E-01
 0.40000E+01, 0.43000E+02, 0.57218E+03, 0.18403E+00, 0.18566E-01
 0.50000E+01, 0.43000E+02, 0.55233E+03, 0.17735E+00, 0.18812E-01
 0.60000E+01, 0.43000E+02, 0.31144E+03, 0.17458E+00, 0.13534E-01
 0.70000E+01, 0.43000E+02, 0.29914E+03, 0.16677E+00, 0.13870E-01
 0.80000E+01, 0.43000E+02, 0.36831E+03, 0.21807E+00, 0.11889E-01
 0.90000E+01, 0.43000E+02, 0.39865E+03, 0.22435E+00, 0.12103E-01
 0.10000E+02, 0.43000E+02, 0.41876E+03, 0.23595E+00, 0.11852E-01
 0.11000E+02, 0.43000E+02, 0.42933E+03, 0.21598E+00, 0.13146E-01
 0.12000E+02, 0.43000E+02, 0.40866E+03, 0.24782E+00, 0.11120E-01
 0.13000E+02, 0.43000E+02, 0.41843E+03, 0.22295E+00, 0.12538E-01
 0.14000E+02, 0.43000E+02, 0.43999E+03, 0.19758E+00, 0.14589E-01
 0.15000E+02, 0.43000E+02, 0.46834E+03, 0.19578E+00, 0.15308E-01
 0.16000E+02, 0.43000E+02, 0.49377E+03, 0.21173E+00, 0.14640E-01
 0.17000E+02, 0.43000E+02, 0.49449E+03, 0.18944E+00, 0.16379E-01
 0.18000E+02, 0.43000E+02, 0.51551E+03, 0.20750E+00, 0.15362E-01
 0.19000E+02, 0.43000E+02, 0.55937E+03, 0.20255E+00, 0.16613E-01
 0.20000E+02, 0.43000E+02, 0.58901E+03, 0.20661E+00, 0.16866E-01
 0.21000E+02, 0.43000E+02, 0.62468E+03, 0.22127E+00, 0.16400E-01
 0.22000E+02, 0.43000E+02, 0.63658E+03, 0.24592E+00, 0.14952E-01
 0.23000E+02, 0.43000E+02, 0.64517E+03, 0.23948E+00, 0.15499E-01
 0.24000E+02, 0.43000E+02, 0.67593E+03, 0.21817E+00, 0.17582E-01
 0.25000E+02, 0.43000E+02, 0.71110E+03, 0.20067E+00, 0.19825E-01
 0.26000E+02, 0.43000E+02, 0.76411E+03, 0.20640E+00, 0.20313E-01
 0.27000E+02, 0.43000E+02, 0.75774E+03, 0.23513E+00, 0.17721E-01
 0.28000E+02, 0.43000E+02, 0.67873E+03, 0.20565E+00, 0.18708E-01
 0.29000E+02, 0.43000E+02, 0.67211E+03, 0.19890E+00, 0.19209E-01
 0.30000E+02, 0.43000E+02, 0.67370E+03, 0.20367E+00, 0.18790E-01
 0.31000E+02, 0.43000E+02, 0.66846E+03, 0.18235E+00, 0.20871E-01
 0.32000E+02, 0.43000E+02, 0.64571E+03, 0.18121E+00, 0.20495E-01
 0.33000E+02, 0.43000E+02, 0.60087E+03, 0.20159E+00, 0.17524E-01
 0.34000E+02, 0.43000E+02, 0.60066E+03, 0.20022E+00, 0.17639E-01
 0.35000E+02, 0.43000E+02, 0.75150E+03, 0.19613E+00, 0.21116E-01
 0.36000E+02, 0.43000E+02, 0.77576E+03, 0.23941E+00, 0.17708E-01
 0.37000E+02, 0.43000E+02, 0.77692E+03, 0.30188E+00, 0.14059E-01
 0.38000E+02, 0.43000E+02, 0.67204E+03, 0.27113E+00, 0.14090E-01
 0.39000E+02, 0.43000E+02, 0.67437E+03, 0.32862E+00, 0.11654E-01
 0.40000E+02, 0.43000E+02, 0.60612E+03, 0.29046E+00, 0.12235E-01
 0.41000E+02, 0.43000E+02, 0.61266E+03, 0.21640E+00, 0.16545E-01
 0.42000E+02, 0.43000E+02, 0.62845E+03, 0.27952E+00, 0.13037E-01
 0.43000E+02, 0.43000E+02, 0.61507E+03, 0.25963E+00, 0.13828E-01
 0.44000E+02, 0.43000E+02, 0.59862E+03, 0.24273E+00, 0.14516E-01
 0.45000E+02, 0.43000E+02, 0.72293E+03, 0.19920E+00, 0.20211E-01
 0.46000E+02, 0.43000E+02, 0.79984E+03, 0.27249E+00, 0.15916E-01
 0.47000E+02, 0.43000E+02, 0.58137E+03, 0.37039E+00, 0.93248E-02
 0.48000E+02, 0.43000E+02, 0.50128E+03, 0.35243E+00, 0.88814E-02
 0.49000E+02, 0.43000E+02, 0.44086E+03, 0.29045E+00, 0.99360E-02
 0.50000E+02, 0.43000E+02, 0.44553E+03, 0.35619E+00, 0.81550E-02
 0.51000E+02, 0.43000E+02, 0.43511E+03, 0.33843E+00, 0.84586E-02
 0.52000E+02, 0.43000E+02, 0.42577E+03, 0.32093E+00, 0.88024E-02
 0.53000E+02, 0.43000E+02, 0.40004E+03, 0.31085E+00, 0.87530E-02
 0.54000E+02, 0.43000E+02, 0.37788E+03, 0.31841E+00, 0.82641E-02
 0.55000E+02, 0.43000E+02, 0.37166E+03, 0.32255E+00, 0.80800E-02
 0.56000E+02, 0.43000E+02, 0.37367E+03, 0.31684E+00, 0.82512E-02
 0.57000E+02, 0.43000E+02, 0.38488E+03, 0.29758E+00, 0.89377E-02
 0.58000E+02, 0.43000E+02, 0.36778E+03, 0.34153E+00, 0.75850E-02
 0.59000E+02, 0.43000E+02, 0.34952E+03, 0.37527E+00, 0.67064E-02
 0.60000E+02, 0.43000E+02, 0.35351E+03, 0.39680E+00, 0.63831E-02
 0.61000E+02, 0.43000E+02, 0.35214E+03, 0.41068E+00, 0.61539E-02
 0.62000E+02, 0.43000E+02, 0.35246E+03, 0.46895E+00, 0.53921E-02
 0.63000E+02, 0.43000E+02, 0.35192E+03, 0.47883E+00, 0.52763E-02
 0.64000E+02, 0.43000E+02, 0.34585E+03, 0.44647E+00, 0.56037E-02
 0.65000E+02, 0.43000E+02, 0.34421E+03, 0.43443E+00, 0.57438E-02
 0.00000E+00, 0.44000E+02, 0.52615E+03, 0.25658E+00, 0.12591E-01
 0.10000E+01, 0.44000E+02, 0.51714E+03, 0.22899E+00, 0.13949E-01
 0.20000E+01, 0.44000E+02, 0.60685E+03, 0.20001E+00, 0.17783E-01
 0.30000E+01, 0.44000E+02, 0.60561E+03, 0.19673E+00, 0.18054E-01
 0.40000E+01, 0.44000E+02, 0.58412E+03, 0.19403E+00, 0.17857E-01
 0.50000E+01, 0.44000E+02, 0.55023E+03, 0.18902E+00, 0.17607E-01
 0.60000E+01, 0.44000E+02, 0.32769E+03, 0.18418E+00, 0.13186E-01
 0.70000E+01, 0.44000E+02, 0.31078E+03, 0.17139E+00, 0.13770E-01
 0.80000E+01, 0.44000E+02, 0.35252E+03, 0.23899E+00, 0.10581E-01
 0.90000E+01, 0.44000E+02, 0.39930E+03, 0.23328E+00, 0.11651E-01
 0.10000E+02, 0.44000E+02, 0.41217E+03, 0.23051E+00, 0.12017E-01
 0.11000E+02, 0.44000E+02, 0.42497E+03, 0.22924E+00, 0.12309E-01
 0.12000E+02, 0.44000E+02, 0.42120E+03, 0.21634E+00, 0.12972E-01
 0.13000E+02, 0.44000E+02, 0.42656E+03, 0.16460E+00, 0.17182E-01
 0.14000E+02, 0.44000E+02, 0.45647E+03, 0.15278E+00, 0.19302E-01
 0.15000E+02, 0.44000E+02, 0.49259E+03, 0.15780E+00, 0.19613E-01
 0.16000E+02, 0.44000E+02, 0.50378E+03, 0.17182E+00, 0.18277E-01
 0.17000E+02, 0.44000E+02, 0.49970E+03, 0.17727E+00, 0.17621E-01
 0.18000E+02, 0.44000E+02, 0.52368E+03, 0.18234E+00, 0.17663E-01
 0.19000E+02, 0.44000E+02, 0.55019E+03, 0.18174E+00, 0.18311E-01
 0.20000E+02, 0.44000E+02, 0.57420E+03, 0.18720E+00, 0.18295E-01
 0.21000E+02, 0.44000E+02, 0.61185E+03, 0.20404E+00, 0.17531E-01
 0.22000E+02, 0.44000E+02, 0.63776E+03, 0.21816E+00, 0.16876E-01
 0.23000E+02, 0.44000E+02, 0.65483E+03, 0.23008E+00, 0.16302E-01
 0.24000E+02, 0.44000E+02, 0.68660E+03, 0.22514E+00, 0.17230E-01
 0.25000E+02, 0.44000E+02, 0.71780E+03, 0.20684E+00, 0.19364E-01
 0.26000E+02, 0.44000E+02, 0.73332E+03, 0.20945E+00, 0.19422E-01
 0.27000E+02, 0.44000E+02, 0.67969E+03, 0.21288E+00, 0.18091E-01
 0.28000E+02, 0.44000E+02, 0.63750E+03, 0.17738E+00, 0.20751E-01
 0.29000E+02, 0.44000E+02, 0.65579E+03, 0.17770E+00, 0.21129E-01
 0.30000E+02, 0.44000E+02, 0.67296E+03, 0.17815E+00, 0.21466E-01
 0.31000E+02, 0.44000E+02, 0.66485E+03, 0.16394E+00, 0.23125E-01
 0.32000E+02, 0.44000E+02, 0.64271E+03, 0.17059E+00, 0.21699E-01
 0.33000E+02, 0.44000E+02, 0.60382E+03, 0.18319E+00, 0.19349E-01
 0.34000E+02, 0.44000E+02, 0.65519E+03, 0.16828E+00, 0.22298E-01
 0.35000E+02, 0.44000E+02, 0.74184E+03, 0.17214E+00, 0.23832E-01
 0.36000E+02, 0.44000E+02, 0.87235E+03, 0.26963E+00, 0.17171E-01
 0.37000E+02, 0.44000E+02, 0.87695E+03, 0.37731E+00, 0.12320E-01
 0.38000E+02, 0.44000E+02, 0.76467E+03, 0.21619E+00, 0.19402E-01
 0.39000E+02, 0.44000E+02, 0.69421E+03, 0.19613E+00, 0.19935E-01
 0.40000E+02, 0.44000E+02, 0.60460E+03, 0.18038E+00, 0.19669E-01
 0.41000E+02, 0.44000E+02, 0.62242E+03, 0.19885E+00, 0.18204E-01
 0.42000E+02, 0.44000E+02, 0.61838E+03, 0.34165E+00, 0.10547E-01
 0.43000E+02, 0.44000E+02, 0.60800E+03, 0.31701E+00, 0.11234E-01
 0.44000E+02, 0.44000E+02, 0.68870E+03, 0.17970E+00, 0.21634E-01
 0.45000E+02, 0.44000E+02, 0.83363E+03, 0.18524E+00, 0.24150E-01
 0.46000E+02, 0.44000E+02, 0.88391E+03, 0.18495E+00, 0.25286E-01
 0.47000E+02, 0.44000E+02, 0.80868E+03, 0.24512E+00, 0.17839E-01
 0.48000E+02, 0.44000E+02, 0.67057E+03, 0.28195E+00, 0.13528E-01
 0.49000E+02, 0.44000E+02, 0.54051E+03, 0.42050E+00, 0.78208E-02
 0.50000E+02, 0.44000E+02, 0.49330E+03, 0.43258E+00, 0.71613E-02
 0.51000E+02, 0.44000E+02, 0.44504E+03, 0.35370E+00, 0.82070E-02
 0.52000E+02, 0.44000E+02, 0.42916E+03, 0.33875E+00, 0.83797E-02
 0.53000E+02, 0.44000E+02, 0.43782E+03, 0.31761E+00, 0.90476E-02
 0.54000E+02, 0.44000E+02, 0.43547E+03, 0.31060E+00, 0.92212E-02
 0.55000E+02, 0.44000E+02, 0.40883E+03, 0.29496E+00, 0.93453E-02
 0.56000E+02, 0.44000E+02, 0.39192E+03, 0.28681E+00, 0.93724E-02
 0.57000E+02, 0.44000E+02, 0.37196E+03, 0.28183E+00, 0.92518E-02
 0.58000E+02, 0.44000E+02, 0.37080E+03, 0.31560E+00, 0.82471E-02
 0.59000E+02, 0.44000E+02, 0.36536E+03, 0.33336E+00, 0.77416E-02
 0.60000E+02, 0.44000E+02, 0.36154E+03, 0.32446E+00, 0.79063E-02
 0.61000E+02, 0.44000E+02, 0.35522E+03, 0.36996E+00, 0.68650E-02
 0.62000E+02, 0.44000E+02, 0.35130E+03, 0.39621E+00, 0.63702E-02
 0.63000E+02, 0.44000E+02, 0.35215E+03, 0.37914E+00, 0.66661E-02
 0.64000E+02, 0.44000E+02, 0.35220E+03, 0.41397E+00, 0.61056E-02
 0.65000E+02, 0.44000E+02, 0.34215E+03, 0.42790E+00, 0.58119E-02
 0.00000E+00, 0.45000E+02, 0.71432E+03, 0.25289E+00, 0.15782E-01
 0.10000E+01, 0.45000E+02, 0.66843E+03, 0.24750E+00, 0.15377E-01
 0.20000E+01, 0.45000E+02, 0.64966E+03, 0.22953E+00, 0.16250E-01
 0.30000E+01, 0.45000E+02, 0.64179E+03, 0.20505E+00, 0.18035E-01
 0.40000E+01, 0.45000E+02, 0.58887E+03, 0.20212E+00, 0.17238E-01
 0.50000E+01, 0.45000E+02, 0.52587E+03, 0.17653E+00, 0.18294E-01
 0.60000E+01, 0.45000E+02, 0.32193E+03, 0.18165E+00, 0.13241E-01
 0.70000E+01, 0.45000E+02, 0.30995E+03, 0.17453E+00, 0.13504E-01
 0.80000E+01, 0.45000E+02, 0.37129E+03, 0.26209E+00, 0.99382E-02
 0.90000E+01, 0.45000E+02, 0.39131E+03, 0.25552E+00, 0.10511E-01
 0.10000E+02, 0.45000E+02, 0.39361E+03, 0.27150E+00, 0.99260E-02
 0.11000E+02, 0.45000E+02, 0.41615E+03, 0.22147E+00, 0.12580E-01
 0.12000E+02, 0.45000E+02, 0.41089E+03, 0.19517E+00, 0.14166E-01
 0.13000E+02, 0.45000E+02, 0.40401E+03, 0.15179E+00, 0.18031E-01
 0.14000E+02, 0.45000E+02, 0.41404E+03, 0.14678E+00, 0.18923E-01
 0.15000E+02, 0.45000E+02, 0.42316E+03, 0.14925E+00, 0.18857E-01
 0.16000E+02, 0.45000E+02, 0.45251E+03, 0.16051E+00, 0.18273E-01
 0.17000E+02, 0.45000E+02, 0.48993E+03, 0.17096E+00, 0.18041E-01
 0.18000E+02, 0.45000E+02, 0.50747E+03, 0.17758E+00, 0.17768E-01
 0.19000E+02, 0.45000E+02, 0.52033E+03, 0.18070E+00, 0.17749E-01
 0.20000E+02, 0.45000E+02, 0.52952E+03, 0.18979E+00, 0.17094E-01
 0.21000E+02, 0.45000E+02, 0.53856E+03, 0.19177E+00, 0.17108E-01
 0.22000E+02, 0.45000E+02, 0.55153E+03, 0.17723E+00, 0.18807E-01
 0.23000E+02, 0.45000E+02, 0.55645E+03, 0.17963E+00, 0.18667E-01
 0.24000E+02, 0.45000E+02, 0.59378E+03, 0.19738E+00, 0.17752E-01
 0.25000E+02, 0.45000E+02, 0.63360E+03, 0.21157E+00, 0.17323E-01
 0.26000E+02, 0.45000E+02, 0.63158E+03, 0.21831E+00, 0.16750E-01
 0.27000E+02, 0.45000E+02, 0.58843E+03, 0.20184E+00, 0.17253E-01
 0.28000E+02, 0.45000E+02, 0.55899E+03, 0.15509E+00, 0.21687E-01
 0.29000E+02, 0.45000E+02, 0.59063E+03, 0.17154E+00, 0.20352E-01
 0.30000E+02, 0.45000E+02, 0.61700E+03, 0.17750E+00, 0.20269E-01
 0.31000E+02, 0.45000E+02, 0.62682E+03, 0.16703E+00, 0.21778E-01
 0.32000E+02, 0.45000E+02, 0.63167E+03, 0.16178E+00, 0.22605E-01
 0.33000E+02, 0.45000E+02, 0.63772E+03, 0.16067E+00, 0.22913E-01
 0.34000E+02, 0.45000E+02, 0.68492E+03, 0.15600E+00, 0.24824E-01
 0.35000E+02, 0.45000E+02, 0.72526E+03, 0.15474E+00, 0.26079E-01
 0.36000E+02, 0.45000E+02, 0.69374E+03, 0.15576E+00, 0.25090E-01
 0.37000E+02, 0.45000E+02, 0.78499E+03, 0.15786E+00, 0.27093E-01
 0.38000E+02, 0.45000E+02, 0.79667E+03, 0.16828E+00, 0.25695E-01
 0.39000E+02, 0.45000E+02, 0.62786E+03, 0.16377E+00, 0.22237E-01
 0.40000E+02, 0.45000E+02, 0.57780E+03, 0.16449E+00, 0.20910E-01
 0.41000E+02, 0.45000E+02, 0.58227E+03, 0.26970E+00, 0.12820E-01
 0.42000E+02, 0.45000E+02, 0.58694E+03, 0.40904E+00, 0.84987E-02
 0.43000E+02, 0.45000E+02, 0.63889E+03, 0.41448E+00, 0.88938E-02
 0.44000E+02, 0.45000E+02, 0.69900E+03, 0.34456E+00, 0.11404E-01
 0.45000E+02, 0.45000E+02, 0.79613E+03, 0.32003E+00, 0.13505E-01
 0.46000E+02, 0.45000E+02, 0.83583E+03, 0.31728E+00, 0.14127E-01
 0.47000E+02, 0.45000E+02, 0.10262E+04, 0.18008E+00, 0.29164E-01
 0.48000E+02, 0.45000E+02, 0.78826E+03, 0.20704E+00, 0.20720E-01
 0.49000E+02, 0.45000E+02, 0.58959E+03, 0.43754E+00, 0.79696E-02
 0.50000E+02, 0.45000E+02, 0.50557E+03, 0.43377E+00, 0.72560E-02
 0.51000E+02, 0.45000E+02, 0.45371E+03, 0.47991E+00, 0.61217E-02
 0.52000E+02, 0.45000E+02, 0.42547E+03, 0.35345E+00, 0.79890E-02
 0.53000E+02, 0.45000E+02, 0.41784E+03, 0.31597E+00, 0.88391E-02
 0.54000E+02, 0.45000E+02, 0.42600E+03, 0.30641E+00, 0.92225E-02
 0.55000E+02, 0.45000E+02, 0.40909E+03, 0.26029E+00, 0.10594E-01
 0.56000E+02, 0.45000E+02, 0.40865E+03, 0.22746E+00, 0.12115E-01
 0.57000E+02, 0.45000E+02, 0.36168E+03, 0.24867E+00, 0.10318E-01
 0.58000E+02, 0.45000E+02, 0.36271E+03, 0.28803E+00, 0.89227E-02
 0.59000E+02, 0.45000E+02, 0.35878E+03, 0.28169E+00, 0.90673E-02
 0.60000E+02, 0.45000E+02, 0.35616E+03, 0.29892E+00, 0.85091E-02
 0.61000E+02, 0.45000E+02, 0.35194E+03, 0.35898E+00, 0.70381E-02
 0.62000E+02, 0.45000E+02, 0.34792E+03, 0.36714E+00, 0.68374E-02
 0.63000E+02, 0.45000E+02, 0.34071E+03, 0.34202E+00, 0.72542E-02
 0.64000E+02, 0.45000E+02, 0.34510E+03, 0.34091E+00, 0.73300E-02
 0.65000E+02, 0.45000E+02, 0.34659E+03, 0.41115E+00, 0.60923E-02
 0.00000E+00, 0.46000E+02, 0.27491E+03, 0.84466E-01, 0.26225E-01
 0.10000E+01, 0.46000E+02, 0.29562E+03, 0.90031E-01, 0.25534E-01
 0.20000E+01, 0.46000E+02, 0.30647E+03, 0.93194E-01, 0.25138E-01
 0.30000E+01, 0.46000E+02, 0.31185E+03, 0.93246E-01, 0.25357E-01
 0.40000E+01, 0.46000E+02, 0.31189E+03, 0.96444E-01, 0.24518E-01
 0.50000E+01, 0.46000E+02, 0.31125E+03, 0.10333E+00, 0.22859E-01
 0.60000E+01, 0.46000E+02, 0.31831E+03, 0.10008E+00, 0.23886E-01
 0.70000E+01, 0.46000E+02, 0.33190E+03, 0.12278E+00, 0.19918E-01
 0.80000E+01, 0.46000E+02, 0.34296E+03, 0.16478E+00, 0.15113E-01
 0.90000E+01, 0.46000E+02, 0.33270E+03, 0.14199E+00, 0.17246E-01
 0.10000E+02, 0.46000E+02, 0.33946E+03, 0.15503E+00, 0.15972E-01
 0.11000E+02, 0.46000E+02, 0.37601E+03, 0.20687E+00, 0.12683E-01
 0.12000E+02, 0.46000E+02, 0.40179E+03, 0.21754E+00, 0.12540E-01
 0.13000E+02, 0.46000E+02, 0.37259E+03, 0.20902E+00, 0.12487E-01
 0.14000E+02, 0.46000E+02, 0.35540E+03, 0.18881E+00, 0.13455E-01
 0.15000E+02, 0.46000E+02, 0.35729E+03, 0.16794E+00, 0.15173E-01
 0.16000E+02, 0.46000E+02, 0.34360E+03, 0.17026E+00, 0.14641E-01
 0.17000E+02, 0.46000E+02, 0.34740E+03, 0.17791E+00, 0.14098E-01
 0.18000E+02, 0.46000E+02, 0.34693E+03, 0.15910E+00, 0.15753E-01
 0.19000E+02, 0.46000E+02, 0.37218E+03, 0.17025E+00, 0.15321E-01
 0.20000E+02, 0.46000E+02, 0.37469E+03, 0.17048E+00, 0.15360E-01
 0.21000E+02, 0.46000E+02, 0.36290E+03, 0.17217E+00, 0.14931E-01
 0.22000E+02, 0.46000E+02, 0.47392E+03, 0.18495E+00, 0.16327E-01
 0.23000E+02, 0.46000E+02, 0.43063E+03, 0.16101E+00, 0.17668E-01
 0.24000E+02, 0.46000E+02, 0.43367E+03, 0.15418E+00, 0.18529E-01
 0.25000E+02, 0.46000E+02, 0.52955E+03, 0.17380E+00, 0.18667E-01
 0.26000E+02, 0.46000E+02, 0.56875E+03, 0.18630E+00, 0.18265E-01
 0.27000E+02, 0.46000E+02, 0.55026E+03, 0.18106E+00, 0.18381E-01
 0.28000E+02, 0.46000E+02, 0.47249E+03, 0.11975E+00, 0.25166E-01
 0.29000E+02, 0.46000E+02, 0.60747E+03, 0.11771E+00, 0.30238E-01
 0.30000E+02, 0.46000E+02, 0.70665E+03, 0.12764E+00, 0.31027E-01
 0.31000E+02, 0.46000E+02, 0.36258E+03, 0.10698E+00, 0.24018E-01
 0.32000E+02, 0.46000E+02, 0.41990E+03, 0.11900E+00, 0.23539E-01
 0.33000E+02, 0.46000E+02, 0.36641E+03, 0.10554E+00, 0.24492E-01
 0.34000E+02, 0.46000E+02, 0.22000E+02, 0.30000E+02, 0.00000E+00
 0.35000E+02, 0.46000E+02, 0.64416E+03, 0.15658E+00, 0.23679E-01
 0.36000E+02, 0.46000E+02, 0.51861E+03, 0.15757E+00, 0.20310E-01
 0.37000E+02, 0.46000E+02, 0.57110E+03, 0.17907E+00, 0.19056E-01
 0.38000E+02, 0.46000E+02, 0.67409E+03, 0.22691E+00, 0.16873E-01
 0.39000E+02, 0.46000E+02, 0.84501E+03, 0.16259E+00, 0.27797E-01
 0.40000E+02, 0.46000E+02, 0.62765E+03, 0.20468E+00, 0.17788E-01
 0.41000E+02, 0.46000E+02, 0.38465E+03, 0.24189E+00, 0.10991E-01
 0.42000E+02, 0.46000E+02, 0.33778E+03, 0.21760E+00, 0.11348E-01
 0.43000E+02, 0.46000E+02, 0.31800E+03, 0.19411E+00, 0.12309E-01
 0.44000E+02, 0.46000E+02, 0.43199E+03, 0.22306E+00, 0.12777E-01
 0.45000E+02, 0.46000E+02, 0.33799E+03, 0.27262E+00, 0.90607E-02
 0.46000E+02, 0.46000E+02, 0.44894E+03, 0.34315E+00, 0.85053E-02
 0.47000E+02, 0.46000E+02, 0.52021E+03, 0.30673E+00, 0.10454E-01
 0.48000E+02, 0.46000E+02, 0.66442E+03, 0.21425E+00, 0.17687E-01
 0.49000E+02, 0.46000E+02, 0.39160E+03, 0.23764E+00, 0.11306E-01
 0.50000E+02, 0.46000E+02, 0.30168E+03, 0.21295E+00, 0.10911E-01
 0.51000E+02, 0.46000E+02, 0.28642E+03, 0.20147E+00, 0.11226E-01
 0.52000E+02, 0.46000E+02, 0.27676E+03, 0.20073E+00, 0.11073E-01
 0.53000E+02, 0.46000E+02, 0.27534E+03, 0.19640E+00, 0.11288E-01
 0.54000E+02, 0.46000E+02, 0.27238E+03, 0.18046E+00, 0.12219E-01
 0.55000E+02, 0.46000E+02, 0.29711E+03, 0.12848E+00, 0.17940E-01
 0.56000E+02, 0.46000E+02, 0.31524E+03, 0.15248E+00, 0.15596E-01
 0.57000E+02, 0.46000E+02, 0.27513E+03, 0.10546E+00, 0.21014E-01
 0.58000E+02, 0.46000E+02, 0.26127E+03, 0.96075E-01, 0.22483E-01
 0.59000E+02, 0.46000E+02, 0.25453E+03, 0.97466E-01, 0.21883E-01
 0.60000E+02, 0.46000E+02, 0.24854E+03, 0.95832E-01, 0.22003E-01
 0.61000E+02, 0.46000E+02, 0.25395E+03, 0.10049E+00, 0.21201E-01
 0.62000E+02, 0.46000E+02, 0.25928E+03, 0.98763E-01, 0.21789E-01
 0.63000E+02, 0.46000E+02, 0.29177E+03, 0.17093E+00, 0.13358E-01
 0.64000E+02, 0.46000E+02, 0.33474E+03, 0.31114E+00, 0.78967E-02
 0.65000E+02, 0.46000E+02, 0.34309E+03, 0.33691E+00, 0.73929E-02
 0.00000E+00, 0.47000E+02, 0.28346E+03, 0.89272E-01, 0.25201E-01
 0.10000E+01, 0.47000E+02, 0.30032E+03, 0.89586E-01, 0.25873E-01
 0.20000E+01, 0.47000E+02, 0.31922E+03, 0.97256E-01, 0.24618E-01
 0.30000E+01, 0.47000E+02, 0.32025E+03, 0.10200E+00, 0.23513E-01
 0.40000E+01, 0.47000E+02, 0.31799E+03, 0.10057E+00, 0.23758E-01
 0.50000E+01, 0.47000E+02, 0.31819E+03, 0.99974E-01, 0.23907E-01
 0.60000E+01, 0.47000E+02, 0.32243E+03, 0.97718E-01, 0.24634E-01
 0.70000E+01, 0.47000E+02, 0.35246E+03, 0.14941E+00, 0.16924E-01
 0.80000E+01, 0.47000E+02, 0.36257E+03, 0.14415E+00, 0.17826E-01
 0.90000E+01, 0.47000E+02, 0.35732E+03, 0.14100E+00, 0.18073E-01
 0.10000E+02, 0.47000E+02, 0.34991E+03, 0.12220E+00, 0.20607E-01
 0.11000E+02, 0.47000E+02, 0.39988E+03, 0.23645E+00, 0.11505E-01
 0.12000E+02, 0.47000E+02, 0.41708E+03, 0.24535E+00, 0.11371E-01
 0.13000E+02, 0.47000E+02, 0.40027E+03, 0.27652E+00, 0.98432E-02
 0.14000E+02, 0.47000E+02, 0.37298E+03, 0.18367E+00, 0.14219E-01
 0.15000E+02, 0.47000E+02, 0.36986E+03, 0.17796E+00, 0.14604E-01
 0.16000E+02, 0.47000E+02, 0.36525E+03, 0.18279E+00, 0.14116E-01
 0.17000E+02, 0.47000E+02, 0.35858E+03, 0.19743E+00, 0.12933E-01
 0.18000E+02, 0.47000E+02, 0.37101E+03, 0.15990E+00, 0.16283E-01
 0.19000E+02, 0.47000E+02, 0.35896E+03, 0.17397E+00, 0.14686E-01
 0.20000E+02, 0.47000E+02, 0.38688E+03, 0.16940E+00, 0.15748E-01
 0.21000E+02, 0.47000E+02, 0.37926E+03, 0.17463E+00, 0.15100E-01
 0.22000E+02, 0.47000E+02, 0.48129E+03, 0.17753E+00, 0.17176E-01
 0.23000E+02, 0.47000E+02, 0.40042E+03, 0.14500E+00, 0.18776E-01
 0.24000E+02, 0.47000E+02, 0.40076E+03, 0.14354E+00, 0.18977E-01
 0.25000E+02, 0.47000E+02, 0.45546E+03, 0.15583E+00, 0.18898E-01
 0.26000E+02, 0.47000E+02, 0.56427E+03, 0.18324E+00, 0.18471E-01
 0.27000E+02, 0.47000E+02, 0.49324E+03, 0.16788E+00, 0.18451E-01
 0.28000E+02, 0.47000E+02, 0.44823E+03, 0.12821E+00, 0.22742E-01
 0.29000E+02, 0.47000E+02, 0.52747E+03, 0.13540E+00, 0.23900E-01
 0.30000E+02, 0.47000E+02, 0.57341E+03, 0.14979E+00, 0.22842E-01
 0.31000E+02, 0.47000E+02, 0.32420E+03, 0.98307E-01, 0.24560E-01
 0.32000E+02, 0.47000E+02, 0.36848E+03, 0.10576E+00, 0.24521E-01
 0.33000E+02, 0.47000E+02, 0.33298E+03, 0.98978E-01, 0.24752E-01
 0.34000E+02, 0.47000E+02, 0.22000E+02, 0.30000E+02, 0.00000E+00
 0.35000E+02, 0.47000E+02, 0.58758E+03, 0.16297E+00, 0.21347E-01
 0.36000E+02, 0.47000E+02, 0.51745E+03, 0.16013E+00, 0.19955E-01
 0.37000E+02, 0.47000E+02, 0.45494E+03, 0.19746E+00, 0.14904E-01
 0.38000E+02, 0.47000E+02, 0.49643E+03, 0.23415E+00, 0.13284E-01
 0.39000E+02, 0.47000E+02, 0.54957E+03, 0.22151E+00, 0.15012E-01
 0.40000E+02, 0.47000E+02, 0.41541E+03, 0.19982E+00, 0.13928E-01
 0.41000E+02, 0.47000E+02, 0.36204E+03, 0.21069E+00, 0.12185E-01
 0.42000E+02, 0.47000E+02, 0.33420E+03, 0.20929E+00, 0.11729E-01
 0.43000E+02, 0.47000E+02, 0.32742E+03, 0.20006E+00, 0.12134E-01
 0.44000E+02, 0.47000E+02, 0.42065E+03, 0.22534E+00, 0.12444E-01
 0.45000E+02, 0.47000E+02, 0.34604E+03, 0.28681E+00, 0.87259E-02
 0.46000E+02, 0.47000E+02, 0.41144E+03, 0.31469E+00, 0.87927E-02
 0.47000E+02, 0.47000E+02, 0.47791E+03, 0.25242E+00, 0.12026E-01
 0.48000E+02, 0.47000E+02, 0.44426E+03, 0.23941E+00, 0.12112E-01
 0.49000E+02, 0.47000E+02, 0.36639E+03, 0.23555E+00, 0.10974E-01
 0.50000E+02, 0.47000E+02, 0.26767E+03, 0.21618E+00, 0.10112E-01
 0.51000E+02, 0.47000E+02, 0.27387E+03, 0.20394E+00, 0.10841E-01
 0.52000E+02, 0.47000E+02, 0.27348E+03, 0.19818E+00, 0.11149E-01
 0.53000E+02, 0.47000E+02, 0.27254E+03, 0.19752E+00, 0.11167E-01
 0.54000E+02, 0.47000E+02, 0.28183E+03, 0.18018E+00, 0.12449E-01
 0.55000E+02, 0.47000E+02, 0.25596E+03, 0.10170E+00, 0.21029E-01
 0.56000E+02, 0.47000E+02, 0.26800E+03, 0.99575E-01, 0.21966E-01
 0.57000E+02, 0.47000E+02, 0.26677E+03, 0.97163E-01, 0.22460E-01
 0.58000E+02, 0.47000E+02, 0.25926E+03, 0.99126E-01, 0.21709E-01
 0.59000E+02, 0.47000E+02, 0.25889E+03, 0.10046E+00, 0.21405E-01
 0.60000E+02, 0.47000E+02, 0.25654E+03, 0.10697E+00, 0.20013E-01
 0.61000E+02, 0.47000E+02, 0.26516E+03, 0.10453E+00, 0.20815E-01
 0.62000E+02, 0.47000E+02, 0.26478E+03, 0.10211E+00, 0.21294E-01
 0.63000E+02, 0.47000E+02, 0.25436E+03, 0.11162E+00, 0.19102E-01
 0.64000E+02, 0.47000E+02, 0.32734E+03, 0.27859E+00, 0.87119E-02
 0.65000E+02, 0.47000E+02, 0.33361E+03, 0.30103E+00, 0.81468E-02
 0.00000E+00, 0.48000E+02, 0.30367E+03, 0.10081E+00, 0.23126E-01
 0.10000E+01, 0.48000E+02, 0.32024E+03, 0.95708E-01, 0.25059E-01
 0.20000E+01, 0.48000E+02, 0.33527E+03, 0.10224E+00, 0.24052E-01
 0.30000E+01, 0.48000E+02, 0.33029E+03, 0.10566E+00, 0.23084E-01
 0.40000E+01, 0.48000E+02, 0.32377E+03, 0.10629E+00, 0.22699E-01
 0.50000E+01, 0.48000E+02, 0.31550E+03, 0.10289E+00, 0.23124E-01
 0.60000E+01, 0.48000E+02, 0.32431E+03, 0.95082E-01, 0.25397E-01
 0.70000E+01, 0.48000E+02, 0.35833E+03, 0.14277E+00, 0.17877E-01
 0.80000E+01, 0.48000E+02, 0.36681E+03, 0.14189E+00, 0.18229E-01
 0.90000E+01, 0.48000E+02, 0.35942E+03, 0.12782E+00, 0.20003E-01
 0.10000E+02, 0.48000E+02, 0.35099E+03, 0.11758E+00, 0.21454E-01
 0.11000E+02, 0.48000E+02, 0.37663E+03, 0.18189E+00, 0.14439E-01
 0.12000E+02, 0.48000E+02, 0.39554E+03, 0.27482E+00, 0.98346E-02
 0.13000E+02, 0.48000E+02, 0.38137E+03, 0.27979E+00, 0.94551E-02
 0.14000E+02, 0.48000E+02, 0.37097E+03, 0.21405E+00, 0.12163E-01
 0.15000E+02, 0.48000E+02, 0.37239E+03, 0.18862E+00, 0.13833E-01
 0.16000E+02, 0.48000E+02, 0.36781E+03, 0.20730E+00, 0.12497E-01
 0.17000E+02, 0.48000E+02, 0.35683E+03, 0.21492E+00, 0.11848E-01
 0.18000E+02, 0.48000E+02, 0.38088E+03, 0.15324E+00, 0.17251E-01
 0.19000E+02, 0.48000E+02, 0.38268E+03, 0.16093E+00, 0.16472E-01
 0.20000E+02, 0.48000E+02, 0.38002E+03, 0.16622E+00, 0.15883E-01
 0.21000E+02, 0.48000E+02, 0.37858E+03, 0.17166E+00, 0.15345E-01
 0.22000E+02, 0.48000E+02, 0.49172E+03, 0.17746E+00, 0.17420E-01
 0.23000E+02, 0.48000E+02, 0.49218E+03, 0.17489E+00, 0.17688E-01
 0.24000E+02, 0.48000E+02, 0.44770E+03, 0.15822E+00, 0.18415E-01
 0.25000E+02, 0.48000E+02, 0.49229E+03, 0.17472E+00, 0.17707E-01
 0.26000E+02, 0.48000E+02, 0.51127E+03, 0.16885E+00, 0.18777E-01
 0.27000E+02, 0.48000E+02, 0.48994E+03, 0.17059E+00, 0.18080E-01
 0.28000E+02, 0.48000E+02, 0.43192E+03, 0.12586E+00, 0.22643E-01
 0.29000E+02, 0.48000E+02, 0.45131E+03, 0.14181E+00, 0.20648E-01
 0.30000E+02, 0.48000E+02, 0.44720E+03, 0.15105E+00, 0.19275E-01
 0.31000E+02, 0.48000E+02, 0.21163E+03, 0.18616E+00, 0.10525E-01
 0.32000E+02, 0.48000E+02, 0.17033E+03, 0.19720E+00, 0.90896E-02
 0.33000E+02, 0.48000E+02, 0.14680E+03, 0.20462E+00, 0.82954E-02
 0.34000E+02, 0.48000E+02, 0.22000E+02, 0.30000E+02, 0.00000E+00
 0.35000E+02, 0.48000E+02, 0.49304E+03, 0.15588E+00, 0.19867E-01
 0.36000E+02, 0.48000E+02, 0.45363E+03, 0.14904E+00, 0.19709E-01
 0.37000E+02, 0.48000E+02, 0.39886E+03, 0.19828E+00, 0.13699E-01
 0.38000E+02, 0.48000E+02, 0.44393E+03, 0.20788E+00, 0.13943E-01
 0.39000E+02, 0.48000E+02, 0.37101E+03, 0.16112E+00, 0.16159E-01
 0.40000E+02, 0.48000E+02, 0.32300E+03, 0.15624E+00, 0.15422E-01
 0.41000E+02, 0.48000E+02, 0.30755E+03, 0.16175E+00, 0.14511E-01
 0.42000E+02, 0.48000E+02, 0.31013E+03, 0.17048E+00, 0.13829E-01
 0.43000E+02, 0.48000E+02, 0.35399E+03, 0.15209E+00, 0.16666E-01
 0.44000E+02, 0.48000E+02, 0.39120E+03, 0.23169E+00, 0.11590E-01
 0.45000E+02, 0.48000E+02, 0.29669E+03, 0.27136E+00, 0.84878E-02
 0.46000E+02, 0.48000E+02, 0.34041E+03, 0.31285E+00, 0.79269E-02
 0.47000E+02, 0.48000E+02, 0.31536E+03, 0.28077E+00, 0.84719E-02
 0.48000E+02, 0.48000E+02, 0.29667E+03, 0.25938E+00, 0.88792E-02
 0.49000E+02, 0.48000E+02, 0.28733E+03, 0.22781E+00, 0.99441E-02
 0.50000E+02, 0.48000E+02, 0.26565E+03, 0.20861E+00, 0.10439E-01
 0.51000E+02, 0.48000E+02, 0.25990E+03, 0.20144E+00, 0.10695E-01
 0.52000E+02, 0.48000E+02, 0.26799E+03, 0.19655E+00, 0.11128E-01
 0.53000E+02, 0.48000E+02, 0.27553E+03, 0.19133E+00, 0.11591E-01
 0.54000E+02, 0.48000E+02, 0.29227E+03, 0.17701E+00, 0.12910E-01
 0.55000E+02, 0.48000E+02, 0.25044E+03, 0.10051E+00, 0.21055E-01
 0.56000E+02, 0.48000E+02, 0.25958E+03, 0.10032E+00, 0.21464E-01
 0.57000E+02, 0.48000E+02, 0.26495E+03, 0.96327E-01, 0.22579E-01
 0.58000E+02, 0.48000E+02, 0.25940E+03, 0.95515E-01, 0.22536E-01
 0.59000E+02, 0.48000E+02, 0.25743E+03, 0.94537E-01, 0.22684E-01
 0.60000E+02, 0.48000E+02, 0.25960E+03, 0.10800E+00, 0.19939E-01
 0.61000E+02, 0.48000E+02, 0.26852E+03, 0.10859E+00, 0.20162E-01
 0.62000E+02, 0.48000E+02, 0.27324E+03, 0.10765E+00, 0.20514E-01
 0.63000E+02, 0.48000E+02, 0.25961E+03, 0.10907E+00, 0.19742E-01
 0.64000E+02, 0.48000E+02, 0.32700E+03, 0.31775E+00, 0.76341E-02
 0.65000E+02, 0.48000E+02, 0.32677E+03, 0.32507E+00, 0.74591E-02
 0.00000E+00, 0.49000E+02, 0.30805E+03, 0.10394E+00, 0.22601E-01
 0.10000E+01, 0.49000E+02, 0.33135E+03, 0.10238E+00, 0.23864E-01
 0.20000E+01, 0.49000E+02, 0.33154E+03, 0.10377E+00, 0.23552E-01
 0.30000E+01, 0.49000E+02, 0.32316E+03, 0.10303E+00, 0.23394E-01
 0.40000E+01, 0.49000E+02, 0.32399E+03, 0.10346E+00, 0.23327E-01
 0.50000E+01, 0.49000E+02, 0.31780E+03, 0.10098E+00, 0.23653E-01
 0.60000E+01, 0.49000E+02, 0.31411E+03, 0.93658E-01, 0.25343E-01
 0.70000E+01, 0.49000E+02, 0.32832E+03, 0.95892E-01, 0.25352E-01
 0.80000E+01, 0.49000E+02, 0.34777E+03, 0.11103E+00, 0.22604E-01
 0.90000E+01, 0.49000E+02, 0.36642E+03, 0.13126E+00, 0.19694E-01
 0.10000E+02, 0.49000E+02, 0.36749E+03, 0.13147E+00, 0.19695E-01
 0.11000E+02, 0.49000E+02, 0.35577E+03, 0.12192E+00, 0.20850E-01
 0.12000E+02, 0.49000E+02, 0.35676E+03, 0.14222E+00, 0.17901E-01
 0.13000E+02, 0.49000E+02, 0.35736E+03, 0.15325E+00, 0.16629E-01
 0.14000E+02, 0.49000E+02, 0.35916E+03, 0.18473E+00, 0.13835E-01
 0.15000E+02, 0.49000E+02, 0.35592E+03, 0.19820E+00, 0.12829E-01
 0.16000E+02, 0.49000E+02, 0.36164E+03, 0.21949E+00, 0.11689E-01
 0.17000E+02, 0.49000E+02, 0.35943E+03, 0.21914E+00, 0.11667E-01
 0.18000E+02, 0.49000E+02, 0.37922E+03, 0.15712E+00, 0.16781E-01
 0.19000E+02, 0.49000E+02, 0.38765E+03, 0.16290E+00, 0.16395E-01
 0.20000E+02, 0.49000E+02, 0.38401E+03, 0.17072E+00, 0.15558E-01
 0.21000E+02, 0.49000E+02, 0.38157E+03, 0.17596E+00, 0.15039E-01
 0.22000E+02, 0.49000E+02, 0.50909E+03, 0.18269E+00, 0.17306E-01
 0.23000E+02, 0.49000E+02, 0.50961E+03, 0.18020E+00, 0.17557E-01
 0.24000E+02, 0.49000E+02, 0.50362E+03, 0.17808E+00, 0.17630E-01
 0.25000E+02, 0.49000E+02, 0.49959E+03, 0.18475E+00, 0.16906E-01
 0.26000E+02, 0.49000E+02, 0.50157E+03, 0.18167E+00, 0.17236E-01
 0.27000E+02, 0.49000E+02, 0.49700E+03, 0.17838E+00, 0.17450E-01
 0.28000E+02, 0.49000E+02, 0.39132E+03, 0.12463E+00, 0.21550E-01
 0.29000E+02, 0.49000E+02, 0.40661E+03, 0.14040E+00, 0.19568E-01
 0.30000E+02, 0.49000E+02, 0.38619E+03, 0.14913E+00, 0.17870E-01
 0.31000E+02, 0.49000E+02, 0.20311E+03, 0.17605E+00, 0.10934E-01
 0.32000E+02, 0.49000E+02, 0.15689E+03, 0.19205E+00, 0.90504E-02
 0.33000E+02, 0.49000E+02, 0.16202E+03, 0.19261E+00, 0.91318E-02
 0.34000E+02, 0.49000E+02, 0.22000E+02, 0.30000E+02, 0.00000E+00
 0.35000E+02, 0.49000E+02, 0.49353E+03, 0.15792E+00, 0.19622E-01
 0.36000E+02, 0.49000E+02, 0.46408E+03, 0.15005E+00, 0.19859E-01
 0.37000E+02, 0.49000E+02, 0.35616E+03, 0.19459E+00, 0.13072E-01
 0.38000E+02, 0.49000E+02, 0.40558E+03, 0.18307E+00, 0.14985E-01
 0.39000E+02, 0.49000E+02, 0.35608E+03, 0.15467E+00, 0.16442E-01
 0.40000E+02, 0.49000E+02, 0.32030E+03, 0.14261E+00, 0.16819E-01
 0.41000E+02, 0.49000E+02, 0.29874E+03, 0.15008E+00, 0.15402E-01
 0.42000E+02, 0.49000E+02, 0.31084E+03, 0.14609E+00, 0.16157E-01
 0.43000E+02, 0.49000E+02, 0.33629E+03, 0.14275E+00, 0.17255E-01
 0.44000E+02, 0.49000E+02, 0.40822E+03, 0.22598E+00, 0.12187E-01
 0.45000E+02, 0.49000E+02, 0.31993E+03, 0.25021E+00, 0.95805E-02
 0.46000E+02, 0.49000E+02, 0.30727E+03, 0.29182E+00, 0.80392E-02
 0.47000E+02, 0.49000E+02, 0.28105E+03, 0.29628E+00, 0.75604E-02
 0.48000E+02, 0.49000E+02, 0.28662E+03, 0.24467E+00, 0.92472E-02
 0.49000E+02, 0.49000E+02, 0.29154E+03, 0.21028E+00, 0.10854E-01
 0.50000E+02, 0.49000E+02, 0.26939E+03, 0.20224E+00, 0.10843E-01
 0.51000E+02, 0.49000E+02, 0.26235E+03, 0.19486E+00, 0.11108E-01
 0.52000E+02, 0.49000E+02, 0.26453E+03, 0.19268E+00, 0.11279E-01
 0.53000E+02, 0.49000E+02, 0.27525E+03, 0.18982E+00, 0.11677E-01
 0.54000E+02, 0.49000E+02, 0.29240E+03, 0.17418E+00, 0.13124E-01
 0.55000E+02, 0.49000E+02, 0.23923E+03, 0.97945E-01, 0.21144E-01
 0.56000E+02, 0.49000E+02, 0.25135E+03, 0.98594E-01, 0.21502E-01
 0.57000E+02, 0.49000E+02, 0.26339E+03, 0.95341E-01, 0.22746E-01
 0.58000E+02, 0.49000E+02, 0.26136E+03, 0.93317E-01, 0.23151E-01
 0.59000E+02, 0.49000E+02, 0.25454E+03, 0.97294E-01, 0.21922E-01
 0.60000E+02, 0.49000E+02, 0.25707E+03, 0.10370E+00, 0.20666E-01
 0.61000E+02, 0.49000E+02, 0.27039E+03, 0.11056E+00, 0.19870E-01
 0.62000E+02, 0.49000E+02, 0.28512E+03, 0.12180E+00, 0.18526E-01
 0.63000E+02, 0.49000E+02, 0.26728E+03, 0.11132E+00, 0.19623E-01
 0.64000E+02, 0.49000E+02, 0.29813E+03, 0.32106E+00, 0.71919E-02
 0.65000E+02, 0.49000E+02, 0.29862E+03, 0.31612E+00, 0.73105E-02
 0.00000E+00, 0.50000E+02, 0.31211E+03, 0.11620E+00, 0.20357E-01
 0.10000E+01, 0.50000E+02, 0.33745E+03, 0.10683E+00, 0.23101E-01
 0.20000E+01, 0.50000E+02, 0.34381E+03, 0.10364E+00, 0.24062E-01
 0.30000E+01, 0.50000E+02, 0.34363E+03, 0.10262E+00, 0.24294E-01
 0.40000E+01, 0.50000E+02, 0.33547E+03, 0.10354E+00, 0.23757E-01
 0.50000E+01, 0.50000E+02, 0.35283E+03, 0.11271E+00, 0.22448E-01
 0.60000E+01, 0.50000E+02, 0.34814E+03, 0.10455E+00, 0.24019E-01
 0.70000E+01, 0.50000E+02, 0.34195E+03, 0.10265E+00, 0.24219E-01
 0.80000E+01, 0.50000E+02, 0.34985E+03, 0.11475E+00, 0.21944E-01
 0.90000E+01, 0.50000E+02, 0.35779E+03, 0.12178E+00, 0.20941E-01
 0.10000E+02, 0.50000E+02, 0.35944E+03, 0.12162E+00, 0.21022E-01
 0.11000E+02, 0.50000E+02, 0.36092E+03, 0.12987E+00, 0.19734E-01
 0.12000E+02, 0.50000E+02, 0.35944E+03, 0.13046E+00, 0.19598E-01
 0.13000E+02, 0.50000E+02, 0.35539E+03, 0.13351E+00, 0.19029E-01
 0.14000E+02, 0.50000E+02, 0.35033E+03, 0.16915E+00, 0.14898E-01
 0.15000E+02, 0.50000E+02, 0.35292E+03, 0.20702E+00, 0.12223E-01
 0.16000E+02, 0.50000E+02, 0.35620E+03, 0.22876E+00, 0.11120E-01
 0.17000E+02, 0.50000E+02, 0.35324E+03, 0.20769E+00, 0.12190E-01
 0.18000E+02, 0.50000E+02, 0.36514E+03, 0.16416E+00, 0.15715E-01
 0.19000E+02, 0.50000E+02, 0.37965E+03, 0.16863E+00, 0.15647E-01
 0.20000E+02, 0.50000E+02, 0.38676E+03, 0.17353E+00, 0.15370E-01
 0.21000E+02, 0.50000E+02, 0.36961E+03, 0.18305E+00, 0.14192E-01
 0.22000E+02, 0.50000E+02, 0.52462E+03, 0.18813E+00, 0.17140E-01
 0.23000E+02, 0.50000E+02, 0.52670E+03, 0.18556E+00, 0.17423E-01
 0.24000E+02, 0.50000E+02, 0.51169E+03, 0.18114E+00, 0.17512E-01
 0.25000E+02, 0.50000E+02, 0.50616E+03, 0.18781E+00, 0.16771E-01
 0.26000E+02, 0.50000E+02, 0.51798E+03, 0.18543E+00, 0.17244E-01
 0.27000E+02, 0.50000E+02, 0.50406E+03, 0.18150E+00, 0.17308E-01
 0.28000E+02, 0.50000E+02, 0.31449E+03, 0.12666E+00, 0.18752E-01
 0.29000E+02, 0.50000E+02, 0.35756E+03, 0.13724E+00, 0.18575E-01
 0.30000E+02, 0.50000E+02, 0.34461E+03, 0.13820E+00, 0.18067E-01
 0.31000E+02, 0.50000E+02, 0.14899E+03, 0.19161E+00, 0.89045E-02
 0.32000E+02, 0.50000E+02, 0.17089E+03, 0.18143E+00, 0.98921E-02
 0.33000E+02, 0.50000E+02, 0.17435E+03, 0.18040E+00, 0.10026E-01
 0.34000E+02, 0.50000E+02, 0.22000E+02, 0.30000E+02, 0.00000E+00
 0.35000E+02, 0.50000E+02, 0.47991E+03, 0.15598E+00, 0.19513E-01
 0.36000E+02, 0.50000E+02, 0.47227E+03, 0.15212E+00, 0.19805E-01
 0.37000E+02, 0.50000E+02, 0.33298E+03, 0.19176E+00, 0.12776E-01
 0.38000E+02, 0.50000E+02, 0.36443E+03, 0.17611E+00, 0.14633E-01
 0.39000E+02, 0.50000E+02, 0.33764E+03, 0.15030E+00, 0.16425E-01
 0.40000E+02, 0.50000E+02, 0.31422E+03, 0.13147E+00, 0.18058E-01
 0.41000E+02, 0.50000E+02, 0.31003E+03, 0.12668E+00, 0.18607E-01
 0.42000E+02, 0.50000E+02, 0.31238E+03, 0.12778E+00, 0.18521E-01
 0.43000E+02, 0.50000E+02, 0.34191E+03, 0.13106E+00, 0.18968E-01
 0.44000E+02, 0.50000E+02, 0.41727E+03, 0.22159E+00, 0.12594E-01
 0.45000E+02, 0.50000E+02, 0.30236E+03, 0.26869E+00, 0.86574E-02
 0.46000E+02, 0.50000E+02, 0.28069E+03, 0.29963E+00, 0.74710E-02
 0.47000E+02, 0.50000E+02, 0.28110E+03, 0.25785E+00, 0.86878E-02
 0.48000E+02, 0.50000E+02, 0.29949E+03, 0.22149E+00, 0.10450E-01
 0.49000E+02, 0.50000E+02, 0.30699E+03, 0.20440E+00, 0.11472E-01
 0.50000E+02, 0.50000E+02, 0.28555E+03, 0.20047E+00, 0.11265E-01
 0.51000E+02, 0.50000E+02, 0.26951E+03, 0.19373E+00, 0.11321E-01
 0.52000E+02, 0.50000E+02, 0.26243E+03, 0.18773E+00, 0.11531E-01
 0.53000E+02, 0.50000E+02, 0.27418E+03, 0.18794E+00, 0.11771E-01
 0.54000E+02, 0.50000E+02, 0.29206E+03, 0.17407E+00, 0.13124E-01
 0.55000E+02, 0.50000E+02, 0.23668E+03, 0.95507E-01, 0.21576E-01
 0.56000E+02, 0.50000E+02, 0.25830E+03, 0.95688E-01, 0.22448E-01
 0.57000E+02, 0.50000E+02, 0.25858E+03, 0.96998E-01, 0.22157E-01
 0.58000E+02, 0.50000E+02, 0.25722E+03, 0.99123E-01, 0.21626E-01
 0.59000E+02, 0.50000E+02, 0.26037E+03, 0.10384E+00, 0.20767E-01
 0.60000E+02, 0.50000E+02, 0.27187E+03, 0.10947E+00, 0.20123E-01
 0.61000E+02, 0.50000E+02, 0.28778E+03, 0.12571E+00, 0.18035E-01
 0.62000E+02, 0.50000E+02, 0.28514E+03, 0.12318E+00, 0.18318E-01
 0.63000E+02, 0.50000E+02, 0.26266E+03, 0.11362E+00, 0.19061E-01
 0.64000E+02, 0.50000E+02, 0.27571E+03, 0.27227E+00, 0.81477E-02
 0.65000E+02, 0.50000E+02, 0.29986E+03, 0.30689E+00, 0.75467E-02
 0.00000E+00, 0.51000E+02, 0.32171E+03, 0.13201E+00, 0.18213E-01
 0.10000E+01, 0.51000E+02, 0.34720E+03, 0.13146E+00, 0.19072E-01
 0.20000E+01, 0.51000E+02, 0.35511E+03, 0.11048E+00, 0.22984E-01
 0.30000E+01, 0.51000E+02, 0.35475E+03, 0.10548E+00, 0.24060E-01
 0.40000E+01, 0.51000E+02, 0.35455E+03, 0.10602E+00, 0.23930E-01
 0.50000E+01, 0.51000E+02, 0.35060E+03, 0.10527E+00, 0.23949E-01
 0.60000E+01, 0.51000E+02, 0.34656E+03, 0.10144E+00, 0.24691E-01
 0.70000E+01, 0.51000E+02, 0.34364E+03, 0.10185E+00, 0.24477E-01
 0.80000E+01, 0.51000E+02, 0.33422E+03, 0.11518E+00, 0.21314E-01
 0.90000E+01, 0.51000E+02, 0.33585E+03, 0.11049E+00, 0.22278E-01
 0.10000E+02, 0.51000E+02, 0.34991E+03, 0.12227E+00, 0.20597E-01
 0.11000E+02, 0.51000E+02, 0.35286E+03, 0.12752E+00, 0.19842E-01
 0.12000E+02, 0.51000E+02, 0.36741E+03, 0.15766E+00, 0.16421E-01
 0.13000E+02, 0.51000E+02, 0.35387E+03, 0.12186E+00, 0.20796E-01
 0.14000E+02, 0.51000E+02, 0.34376E+03, 0.15759E+00, 0.15822E-01
 0.15000E+02, 0.51000E+02, 0.34661E+03, 0.13354E+00, 0.18759E-01
 0.16000E+02, 0.51000E+02, 0.34895E+03, 0.17092E+00, 0.14711E-01
 0.17000E+02, 0.51000E+02, 0.34893E+03, 0.19530E+00, 0.12875E-01
 0.18000E+02, 0.51000E+02, 0.35474E+03, 0.16466E+00, 0.15413E-01
 0.19000E+02, 0.51000E+02, 0.37207E+03, 0.17325E+00, 0.15053E-01
 0.20000E+02, 0.51000E+02, 0.37241E+03, 0.17863E+00, 0.14607E-01
 0.21000E+02, 0.51000E+02, 0.36414E+03, 0.18318E+00, 0.14062E-01
 0.22000E+02, 0.51000E+02, 0.53777E+03, 0.18939E+00, 0.17306E-01
 0.23000E+02, 0.51000E+02, 0.53587E+03, 0.18770E+00, 0.17421E-01
 0.24000E+02, 0.51000E+02, 0.51925E+03, 0.18574E+00, 0.17243E-01
 0.25000E+02, 0.51000E+02, 0.52015E+03, 0.19298E+00, 0.16615E-01
 0.26000E+02, 0.51000E+02, 0.52505E+03, 0.18861E+00, 0.17105E-01
 0.27000E+02, 0.51000E+02, 0.51899E+03, 0.18326E+00, 0.17471E-01
 0.28000E+02, 0.51000E+02, 0.18118E+03, 0.14042E+00, 0.13078E-01
 0.29000E+02, 0.51000E+02, 0.20934E+03, 0.14665E+00, 0.13298E-01
 0.30000E+02, 0.51000E+02, 0.26493E+03, 0.13826E+00, 0.15730E-01
 0.31000E+02, 0.51000E+02, 0.20395E+03, 0.15534E+00, 0.12414E-01
 0.32000E+02, 0.51000E+02, 0.16670E+03, 0.16618E+00, 0.10698E-01
 0.33000E+02, 0.51000E+02, 0.15352E+03, 0.16483E+00, 0.10462E-01
 0.34000E+02, 0.51000E+02, 0.22000E+02, 0.30000E+02, 0.00000E+00
 0.35000E+02, 0.51000E+02, 0.41717E+03, 0.13453E+00, 0.20740E-01
 0.36000E+02, 0.51000E+02, 0.37716E+03, 0.12392E+00, 0.21210E-01
 0.37000E+02, 0.51000E+02, 0.35328E+03, 0.16479E+00, 0.15364E-01
 0.38000E+02, 0.51000E+02, 0.34859E+03, 0.18357E+00, 0.13689E-01
 0.39000E+02, 0.51000E+02, 0.33221E+03, 0.15353E+00, 0.15937E-01
 0.40000E+02, 0.51000E+02, 0.35044E+03, 0.13189E+00, 0.19110E-01
 0.41000E+02, 0.51000E+02, 0.33194E+03, 0.12462E+00, 0.19624E-01
 0.42000E+02, 0.51000E+02, 0.31852E+03, 0.12003E+00, 0.19923E-01
 0.43000E+02, 0.51000E+02, 0.32418E+03, 0.12490E+00, 0.19329E-01
 0.44000E+02, 0.51000E+02, 0.40915E+03, 0.21640E+00, 0.12744E-01
 0.45000E+02, 0.51000E+02, 0.32468E+03, 0.24686E+00, 0.97883E-02
 0.46000E+02, 0.51000E+02, 0.29813E+03, 0.25585E+00, 0.90249E-02
 0.47000E+02, 0.51000E+02, 0.31532E+03, 0.20855E+00, 0.11405E-01
 0.48000E+02, 0.51000E+02, 0.31945E+03, 0.19216E+00, 0.12465E-01
 0.49000E+02, 0.51000E+02, 0.32292E+03, 0.19058E+00, 0.12641E-01
 0.50000E+02, 0.51000E+02, 0.31127E+03, 0.19608E+00, 0.12047E-01
 0.51000E+02, 0.51000E+02, 0.27754E+03, 0.19143E+00, 0.11627E-01
 0.52000E+02, 0.51000E+02, 0.26721E+03, 0.18023E+00, 0.12118E-01
 0.53000E+02, 0.51000E+02, 0.27254E+03, 0.18037E+00, 0.12228E-01
 0.54000E+02, 0.51000E+02, 0.28682E+03, 0.17492E+00, 0.12939E-01
 0.55000E+02, 0.51000E+02, 0.23966E+03, 0.98088E-01, 0.21131E-01
 0.56000E+02, 0.51000E+02, 0.25401E+03, 0.10186E+00, 0.20917E-01
 0.57000E+02, 0.51000E+02, 0.25372E+03, 0.10361E+00, 0.20553E-01
 0.58000E+02, 0.51000E+02, 0.25563E+03, 0.10524E+00, 0.20308E-01
 0.59000E+02, 0.51000E+02, 0.27383E+03, 0.10804E+00, 0.20463E-01
 0.60000E+02, 0.51000E+02, 0.28091E+03, 0.11072E+00, 0.20225E-01
 0.61000E+02, 0.51000E+02, 0.28515E+03, 0.12052E+00, 0.18723E-01
 0.62000E+02, 0.51000E+02, 0.27560E+03, 0.13043E+00, 0.17005E-01
 0.63000E+02, 0.51000E+02, 0.26037E+03, 0.12968E+00, 0.16629E-01
 0.64000E+02, 0.51000E+02, 0.24200E+03, 0.24613E+00, 0.84595E-02
 0.65000E+02, 0.51000E+02, 0.25587E+03, 0.26683E+00, 0.80132E-02
 0.00000E+00, 0.52000E+02, 0.31115E+03, 0.13017E+00, 0.18143E-01
 0.10000E+01, 0.52000E+02, 0.33323E+03, 0.14888E+00, 0.16462E-01
 0.20000E+01, 0.52000E+02, 0.35014E+03, 0.12067E+00, 0.20877E-01
 0.30000E+01, 0.52000E+02, 0.35308E+03, 0.11308E+00, 0.22383E-01
 0.40000E+01, 0.52000E+02, 0.35253E+03, 0.12236E+00, 0.20667E-01
 0.50000E+01, 0.52000E+02, 0.33837E+03, 0.11314E+00, 0.21845E-01
 0.60000E+01, 0.52000E+02, 0.33441E+03, 0.10586E+00, 0.23197E-01
 0.70000E+01, 0.52000E+02, 0.32952E+03, 0.11318E+00, 0.21522E-01
 0.80000E+01, 0.52000E+02, 0.33581E+03, 0.14011E+00, 0.17567E-01
 0.90000E+01, 0.52000E+02, 0.33330E+03, 0.13687E+00, 0.17909E-01
 0.10000E+02, 0.52000E+02, 0.33197E+03, 0.13682E+00, 0.17876E-01
 0.11000E+02, 0.52000E+02, 0.33614E+03, 0.12318E+00, 0.19992E-01
 0.12000E+02, 0.52000E+02, 0.34465E+03, 0.12243E+00, 0.20395E-01
 0.13000E+02, 0.52000E+02, 0.34492E+03, 0.12888E+00, 0.19384E-01
 0.14000E+02, 0.52000E+02, 0.33947E+03, 0.12442E+00, 0.19900E-01
 0.15000E+02, 0.52000E+02, 0.34083E+03, 0.13089E+00, 0.18960E-01
 0.16000E+02, 0.52000E+02, 0.34609E+03, 0.14566E+00, 0.17183E-01
 0.17000E+02, 0.52000E+02, 0.35057E+03, 0.17297E+00, 0.14575E-01
 0.18000E+02, 0.52000E+02, 0.34601E+03, 0.16150E+00, 0.15495E-01
 0.19000E+02, 0.52000E+02, 0.36605E+03, 0.16817E+00, 0.15363E-01
 0.20000E+02, 0.52000E+02, 0.35780E+03, 0.17284E+00, 0.14755E-01
 0.21000E+02, 0.52000E+02, 0.34169E+03, 0.17210E+00, 0.14440E-01
 0.22000E+02, 0.52000E+02, 0.54780E+03, 0.19449E+00, 0.17061E-01
 0.23000E+02, 0.52000E+02, 0.53631E+03, 0.18961E+00, 0.17255E-01
 0.24000E+02, 0.52000E+02, 0.52072E+03, 0.18997E+00, 0.16891E-01
 0.25000E+02, 0.52000E+02, 0.52127E+03, 0.19380E+00, 0.16568E-01
 0.26000E+02, 0.52000E+02, 0.50801E+03, 0.18576E+00, 0.16997E-01
 0.27000E+02, 0.52000E+02, 0.47826E+03, 0.17359E+00, 0.17496E-01
 0.28000E+02, 0.52000E+02, 0.17592E+03, 0.14132E+00, 0.12844E-01
 0.29000E+02, 0.52000E+02, 0.21136E+03, 0.14626E+00, 0.13389E-01
 0.30000E+02, 0.52000E+02, 0.21109E+03, 0.15291E+00, 0.12800E-01
 0.31000E+02, 0.52000E+02, 0.19340E+03, 0.16251E+00, 0.11603E-01
 0.32000E+02, 0.52000E+02, 0.18031E+03, 0.16718E+00, 0.10963E-01
 0.33000E+02, 0.52000E+02, 0.16575E+03, 0.16847E+00, 0.10530E-01
 0.34000E+02, 0.52000E+02, 0.22000E+02, 0.30000E+02, 0.00000E+00
 0.35000E+02, 0.52000E+02, 0.26880E+03, 0.10282E+00, 0.21304E-01
 0.36000E+02, 0.52000E+02, 0.33227E+03, 0.11560E+00, 0.21169E-01
 0.37000E+02, 0.52000E+02, 0.38773E+03, 0.13774E+00, 0.19393E-01
 0.38000E+02, 0.52000E+02, 0.36727E+03, 0.17118E+00, 0.15121E-01
 0.39000E+02, 0.52000E+02, 0.39103E+03, 0.13063E+00, 0.20550E-01
 0.40000E+02, 0.52000E+02, 0.37556E+03, 0.12877E+00, 0.20361E-01
 0.41000E+02, 0.52000E+02, 0.34813E+03, 0.11978E+00, 0.20964E-01
 0.42000E+02, 0.52000E+02, 0.32920E+03, 0.11737E+00, 0.20743E-01
 0.43000E+02, 0.52000E+02, 0.30813E+03, 0.11795E+00, 0.19919E-01
 0.44000E+02, 0.52000E+02, 0.40257E+03, 0.20179E+00, 0.13534E-01
 0.45000E+02, 0.52000E+02, 0.37221E+03, 0.20774E+00, 0.12556E-01
 0.46000E+02, 0.52000E+02, 0.34253E+03, 0.22728E+00, 0.10949E-01
 0.47000E+02, 0.52000E+02, 0.34588E+03, 0.21466E+00, 0.11656E-01
 0.48000E+02, 0.52000E+02, 0.34736E+03, 0.17067E+00, 0.14695E-01
 0.49000E+02, 0.52000E+02, 0.33678E+03, 0.17476E+00, 0.14107E-01
 0.50000E+02, 0.52000E+02, 0.32057E+03, 0.19108E+00, 0.12559E-01
 0.51000E+02, 0.52000E+02, 0.31577E+03, 0.19032E+00, 0.12507E-01
 0.52000E+02, 0.52000E+02, 0.28772E+03, 0.18102E+00, 0.12523E-01
 0.53000E+02, 0.52000E+02, 0.28339E+03, 0.17672E+00, 0.12729E-01
 0.54000E+02, 0.52000E+02, 0.28137E+03, 0.17318E+00, 0.12942E-01
 0.55000E+02, 0.52000E+02, 0.23361E+03, 0.10216E+00, 0.20049E-01
 0.56000E+02, 0.52000E+02, 0.24796E+03, 0.10712E+00, 0.19662E-01
 0.57000E+02, 0.52000E+02, 0.26510E+03, 0.11464E+00, 0.18977E-01
 0.58000E+02, 0.52000E+02, 0.27558E+03, 0.12505E+00, 0.17736E-01
 0.59000E+02, 0.52000E+02, 0.28173E+03, 0.11896E+00, 0.18853E-01
 0.60000E+02, 0.52000E+02, 0.28472E+03, 0.11410E+00, 0.19762E-01
 0.61000E+02, 0.52000E+02, 0.28417E+03, 0.11994E+00, 0.18781E-01
 0.62000E+02, 0.52000E+02, 0.27505E+03, 0.14537E+00, 0.15242E-01
 0.63000E+02, 0.52000E+02, 0.26009E+03, 0.15113E+00, 0.14261E-01
 0.64000E+02, 0.52000E+02, 0.18545E+03, 0.19972E+00, 0.92808E-02
 0.65000E+02, 0.52000E+02, 0.21878E+03, 0.22622E+00, 0.87894E-02
