 X,Y, TEMPERATURE, SOOT VISIBILITY, CARBON MONOXIDE VOLUME FRACTION
 m,m, C, m, mol/mol
 0.00000E+00, 0.00000E+00, 0.21911E+02, 0.30000E+02, 0.00000E+00
 0.10000E+01, 0.00000E+00, 0.21914E+02, 0.30000E+02, 0.00000E+00
 0.20000E+01, 0.00000E+00, 0.22012E+02, 0.30000E+02, 0.00000E+00
 0.30000E+01, 0.00000E+00, 0.21922E+02, 0.30000E+02, 0.00000E+00
 0.40000E+01, 0.00000E+00, 0.21989E+02, 0.30000E+02, 0.00000E+00
 0.50000E+01, 0.00000E+00, 0.21887E+02, 0.30000E+02, 0.00000E+00
 0.60000E+01, 0.00000E+00, 0.21932E+02, 0.30000E+02, 0.00000E+00
 0.70000E+01, 0.00000E+00, 0.21971E+02, 0.30000E+02, 0.00000E+00
 0.80000E+01, 0.00000E+00, 0.22000E+02, 0.30000E+02, 0.00000E+00
 0.90000E+01, 0.00000E+00, 0.22040E+02, 0.30000E+02, 0.00000E+00
 0.10000E+02, 0.00000E+00, 0.22022E+02, 0.30000E+02, 0.00000E+00
 0.11000E+02, 0.00000E+00, 0.21950E+02, 0.30000E+02, 0.00000E+00
 0.12000E+02, 0.00000E+00, 0.22000E+02, 0.30000E+02, 0.00000E+00
 0.13000E+02, 0.00000E+00, 0.22000E+02, 0.30000E+02, 0.00000E+00
 0.14000E+02, 0.00000E+00, 0.21940E+02, 0.30000E+02, 0.00000E+00
 0.15000E+02, 0.00000E+00, 0.22021E+02, 0.30000E+02, 0.00000E+00
 0.16000E+02, 0.00000E+00, 0.21957E+02, 0.30000E+02, 0.00000E+00
 0.17000E+02, 0.00000E+00, 0.22050E+02, 0.30000E+02, 0.00000E+00
 0.18000E+02, 0.00000E+00, 0.21955E+02, 0.30000E+02, 0.00000E+00
 0.19000E+02, 0.00000E+00, 0.22031E+02, 0.30000E+02, 0.00000E+00
 0.20000E+02, 0.00000E+00, 0.21944E+02, 0.30000E+02, 0.00000E+00
 0.21000E+02, 0.00000E+00, 0.21917E+02, 0.30000E+02, 0.00000E+00
 0.22000E+02, 0.00000E+00, 0.21967E+02, 0.30000E+02, 0.00000E+00
 0.23000E+02, 0.00000E+00, 0.21878E+02, 0.30000E+02, 0.00000E+00
 0.24000E+02, 0.00000E+00, 0.21848E+02, 0.30000E+02, 0.00000E+00
 0.25000E+02, 0.00000E+00, 0.21850E+02, 0.30000E+02, 0.00000E+00
 0.26000E+02, 0.00000E+00, 0.21881E+02, 0.30000E+02, 0.00000E+00
 0.27000E+02, 0.00000E+00, 0.21889E+02, 0.30000E+02, 0.00000E+00
 0.28000E+02, 0.00000E+00, 0.21874E+02, 0.30000E+02, 0.00000E+00
 0.29000E+02, 0.00000E+00, 0.21961E+02, 0.30000E+02, 0.00000E+00
 0.30000E+02, 0.00000E+00, 0.21865E+02, 0.30000E+02, 0.00000E+00
 0.31000E+02, 0.00000E+00, 0.21859E+02, 0.30000E+02, 0.00000E+00
 0.32000E+02, 0.00000E+00, 0.21870E+02, 0.30000E+02, 0.00000E+00
 0.33000E+02, 0.00000E+00, 0.21870E+02, 0.30000E+02, 0.00000E+00
 0.34000E+02, 0.00000E+00, 0.21878E+02, 0.30000E+02, 0.00000E+00
 0.35000E+02, 0.00000E+00, 0.21858E+02, 0.30000E+02, 0.00000E+00
 0.36000E+02, 0.00000E+00, 0.21844E+02, 0.30000E+02, 0.00000E+00
 0.37000E+02, 0.00000E+00, 0.21865E+02, 0.30000E+02, 0.00000E+00
 0.38000E+02, 0.00000E+00, 0.21859E+02, 0.30000E+02, 0.00000E+00
 0.39000E+02, 0.00000E+00, 0.21876E+02, 0.30000E+02, 0.00000E+00
 0.40000E+02, 0.00000E+00, 0.21858E+02, 0.30000E+02, 0.00000E+00
 0.41000E+02, 0.00000E+00, 0.21849E+02, 0.30000E+02, 0.00000E+00
 0.42000E+02, 0.00000E+00, 0.21813E+02, 0.30000E+02, 0.00000E+00
 0.43000E+02, 0.00000E+00, 0.21846E+02, 0.30000E+02, 0.00000E+00
 0.44000E+02, 0.00000E+00, 0.21856E+02, 0.30000E+02, 0.00000E+00
 0.45000E+02, 0.00000E+00, 0.21834E+02, 0.30000E+02, 0.00000E+00
 0.46000E+02, 0.00000E+00, 0.21864E+02, 0.30000E+02, 0.00000E+00
 0.47000E+02, 0.00000E+00, 0.21850E+02, 0.30000E+02, 0.00000E+00
 0.48000E+02, 0.00000E+00, 0.21870E+02, 0.30000E+02, 0.00000E+00
 0.49000E+02, 0.00000E+00, 0.21873E+02, 0.30000E+02, 0.00000E+00
 0.50000E+02, 0.00000E+00, 0.21880E+02, 0.30000E+02, 0.00000E+00
 0.51000E+02, 0.00000E+00, 0.21865E+02, 0.30000E+02, 0.00000E+00
 0.52000E+02, 0.00000E+00, 0.21905E+02, 0.30000E+02, 0.00000E+00
 0.53000E+02, 0.00000E+00, 0.21888E+02, 0.30000E+02, 0.00000E+00
 0.54000E+02, 0.00000E+00, 0.21902E+02, 0.30000E+02, 0.00000E+00
 0.55000E+02, 0.00000E+00, 0.21978E+02, 0.30000E+02, 0.00000E+00
 0.56000E+02, 0.00000E+00, 0.21916E+02, 0.30000E+02, 0.00000E+00
 0.57000E+02, 0.00000E+00, 0.21841E+02, 0.30000E+02, 0.00000E+00
 0.58000E+02, 0.00000E+00, 0.21947E+02, 0.30000E+02, 0.00000E+00
 0.59000E+02, 0.00000E+00, 0.21972E+02, 0.30000E+02, 0.00000E+00
 0.60000E+02, 0.00000E+00, 0.21923E+02, 0.30000E+02, 0.00000E+00
 0.61000E+02, 0.00000E+00, 0.21920E+02, 0.30000E+02, 0.00000E+00
 0.62000E+02, 0.00000E+00, 0.21950E+02, 0.30000E+02, 0.00000E+00
 0.63000E+02, 0.00000E+00, 0.22000E+02, 0.30000E+02, 0.00000E+00
 0.64000E+02, 0.00000E+00, 0.22000E+02, 0.30000E+02, 0.00000E+00
 0.65000E+02, 0.00000E+00, 0.21983E+02, 0.30000E+02, 0.00000E+00
 0.00000E+00, 0.10000E+01, 0.22019E+02, 0.30000E+02, 0.00000E+00
 0.10000E+01, 0.10000E+01, 0.22004E+02, 0.30000E+02, 0.00000E+00
 0.20000E+01, 0.10000E+01, 0.21985E+02, 0.30000E+02, 0.00000E+00
 0.30000E+01, 0.10000E+01, 0.21987E+02, 0.30000E+02, 0.00000E+00
 0.40000E+01, 0.10000E+01, 0.22003E+02, 0.30000E+02, 0.00000E+00
 0.50000E+01, 0.10000E+01, 0.21980E+02, 0.30000E+02, 0.00000E+00
 0.60000E+01, 0.10000E+01, 0.22002E+02, 0.30000E+02, 0.00000E+00
 0.70000E+01, 0.10000E+01, 0.21999E+02, 0.30000E+02, 0.00000E+00
 0.80000E+01, 0.10000E+01, 0.22000E+02, 0.30000E+02, 0.00000E+00
 0.90000E+01, 0.10000E+01, 0.22000E+02, 0.30000E+02, 0.00000E+00
 0.10000E+02, 0.10000E+01, 0.22029E+02, 0.30000E+02, 0.00000E+00
 0.11000E+02, 0.10000E+01, 0.21983E+02, 0.30000E+02, 0.00000E+00
 0.12000E+02, 0.10000E+01, 0.22000E+02, 0.30000E+02, 0.00000E+00
 0.13000E+02, 0.10000E+01, 0.22000E+02, 0.30000E+02, 0.00000E+00
 0.14000E+02, 0.10000E+01, 0.22029E+02, 0.30000E+02, 0.00000E+00
 0.15000E+02, 0.10000E+01, 0.22021E+02, 0.30000E+02, 0.00000E+00
 0.16000E+02, 0.10000E+01, 0.22003E+02, 0.30000E+02, 0.00000E+00
 0.17000E+02, 0.10000E+01, 0.21867E+02, 0.30000E+02, 0.00000E+00
 0.18000E+02, 0.10000E+01, 0.21924E+02, 0.30000E+02, 0.00000E+00
 0.19000E+02, 0.10000E+01, 0.21900E+02, 0.30000E+02, 0.00000E+00
 0.20000E+02, 0.10000E+01, 0.21862E+02, 0.30000E+02, 0.00000E+00
 0.21000E+02, 0.10000E+01, 0.21994E+02, 0.30000E+02, 0.00000E+00
 0.22000E+02, 0.10000E+01, 0.21900E+02, 0.30000E+02, 0.00000E+00
 0.23000E+02, 0.10000E+01, 0.22000E+02, 0.30000E+02, 0.00000E+00
 0.24000E+02, 0.10000E+01, 0.22000E+02, 0.30000E+02, 0.00000E+00
 0.25000E+02, 0.10000E+01, 0.22000E+02, 0.30000E+02, 0.00000E+00
 0.26000E+02, 0.10000E+01, 0.22000E+02, 0.30000E+02, 0.00000E+00
 0.27000E+02, 0.10000E+01, 0.22000E+02, 0.30000E+02, 0.00000E+00
 0.28000E+02, 0.10000E+01, 0.22000E+02, 0.30000E+02, 0.00000E+00
 0.29000E+02, 0.10000E+01, 0.22000E+02, 0.30000E+02, 0.00000E+00
 0.30000E+02, 0.10000E+01, 0.22000E+02, 0.30000E+02, 0.00000E+00
 0.31000E+02, 0.10000E+01, 0.22000E+02, 0.30000E+02, 0.00000E+00
 0.32000E+02, 0.10000E+01, 0.22000E+02, 0.30000E+02, 0.00000E+00
 0.33000E+02, 0.10000E+01, 0.22014E+02, 0.30000E+02, 0.00000E+00
 0.34000E+02, 0.10000E+01, 0.22000E+02, 0.30000E+02, 0.00000E+00
 0.35000E+02, 0.10000E+01, 0.22000E+02, 0.30000E+02, 0.00000E+00
 0.36000E+02, 0.10000E+01, 0.22000E+02, 0.30000E+02, 0.00000E+00
 0.37000E+02, 0.10000E+01, 0.22000E+02, 0.30000E+02, 0.00000E+00
 0.38000E+02, 0.10000E+01, 0.22000E+02, 0.30000E+02, 0.00000E+00
 0.39000E+02, 0.10000E+01, 0.22019E+02, 0.30000E+02, 0.00000E+00
 0.40000E+02, 0.10000E+01, 0.22000E+02, 0.30000E+02, 0.00000E+00
 0.41000E+02, 0.10000E+01, 0.22000E+02, 0.30000E+02, 0.00000E+00
 0.42000E+02, 0.10000E+01, 0.22000E+02, 0.30000E+02, 0.00000E+00
 0.43000E+02, 0.10000E+01, 0.22000E+02, 0.30000E+02, 0.00000E+00
 0.44000E+02, 0.10000E+01, 0.22000E+02, 0.30000E+02, 0.00000E+00
 0.45000E+02, 0.10000E+01, 0.22000E+02, 0.30000E+02, 0.00000E+00
 0.46000E+02, 0.10000E+01, 0.22000E+02, 0.30000E+02, 0.00000E+00
 0.47000E+02, 0.10000E+01, 0.22000E+02, 0.30000E+02, 0.00000E+00
 0.48000E+02, 0.10000E+01, 0.22000E+02, 0.30000E+02, 0.00000E+00
 0.49000E+02, 0.10000E+01, 0.22000E+02, 0.30000E+02, 0.00000E+00
 0.50000E+02, 0.10000E+01, 0.22000E+02, 0.30000E+02, 0.00000E+00
 0.51000E+02, 0.10000E+01, 0.21978E+02, 0.30000E+02, 0.00000E+00
 0.52000E+02, 0.10000E+01, 0.22000E+02, 0.30000E+02, 0.00000E+00
 0.53000E+02, 0.10000E+01, 0.22000E+02, 0.30000E+02, 0.00000E+00
 0.54000E+02, 0.10000E+01, 0.22000E+02, 0.30000E+02, 0.00000E+00
 0.55000E+02, 0.10000E+01, 0.22000E+02, 0.30000E+02, 0.00000E+00
 0.56000E+02, 0.10000E+01, 0.22000E+02, 0.30000E+02, 0.00000E+00
 0.57000E+02, 0.10000E+01, 0.21955E+02, 0.30000E+02, 0.00000E+00
 0.58000E+02, 0.10000E+01, 0.22000E+02, 0.30000E+02, 0.00000E+00
 0.59000E+02, 0.10000E+01, 0.22000E+02, 0.30000E+02, 0.00000E+00
 0.60000E+02, 0.10000E+01, 0.22000E+02, 0.30000E+02, 0.00000E+00
 0.61000E+02, 0.10000E+01, 0.22000E+02, 0.30000E+02, 0.00000E+00
 0.62000E+02, 0.10000E+01, 0.22000E+02, 0.30000E+02, 0.00000E+00
 0.63000E+02, 0.10000E+01, 0.22000E+02, 0.30000E+02, 0.00000E+00
 0.64000E+02, 0.10000E+01, 0.22000E+02, 0.30000E+02, 0.00000E+00
 0.65000E+02, 0.10000E+01, 0.22001E+02, 0.30000E+02, 0.00000E+00
 0.00000E+00, 0.20000E+01, 0.21858E+02, 0.30000E+02, 0.00000E+00
 0.10000E+01, 0.20000E+01, 0.22020E+02, 0.30000E+02, 0.00000E+00
 0.20000E+01, 0.20000E+01, 0.21974E+02, 0.30000E+02, 0.00000E+00
 0.30000E+01, 0.20000E+01, 0.22000E+02, 0.30000E+02, 0.00000E+00
 0.40000E+01, 0.20000E+01, 0.22010E+02, 0.30000E+02, 0.00000E+00
 0.50000E+01, 0.20000E+01, 0.21991E+02, 0.30000E+02, 0.00000E+00
 0.60000E+01, 0.20000E+01, 0.21984E+02, 0.30000E+02, 0.00000E+00
 0.70000E+01, 0.20000E+01, 0.21984E+02, 0.30000E+02, 0.00000E+00
 0.80000E+01, 0.20000E+01, 0.22000E+02, 0.30000E+02, 0.00000E+00
 0.90000E+01, 0.20000E+01, 0.22095E+02, 0.30000E+02, 0.00000E+00
 0.10000E+02, 0.20000E+01, 0.21973E+02, 0.30000E+02, 0.00000E+00
 0.11000E+02, 0.20000E+01, 0.21995E+02, 0.30000E+02, 0.00000E+00
 0.12000E+02, 0.20000E+01, 0.22000E+02, 0.30000E+02, 0.00000E+00
 0.13000E+02, 0.20000E+01, 0.22000E+02, 0.30000E+02, 0.00000E+00
 0.14000E+02, 0.20000E+01, 0.22012E+02, 0.30000E+02, 0.00000E+00
 0.15000E+02, 0.20000E+01, 0.22016E+02, 0.30000E+02, 0.00000E+00
 0.16000E+02, 0.20000E+01, 0.22001E+02, 0.30000E+02, 0.00000E+00
 0.17000E+02, 0.20000E+01, 0.21874E+02, 0.30000E+02, 0.00000E+00
 0.18000E+02, 0.20000E+01, 0.21929E+02, 0.30000E+02, 0.00000E+00
 0.19000E+02, 0.20000E+01, 0.22011E+02, 0.30000E+02, 0.00000E+00
 0.20000E+02, 0.20000E+01, 0.21994E+02, 0.30000E+02, 0.00000E+00
 0.21000E+02, 0.20000E+01, 0.21937E+02, 0.30000E+02, 0.00000E+00
 0.22000E+02, 0.20000E+01, 0.21994E+02, 0.30000E+02, 0.00000E+00
 0.23000E+02, 0.20000E+01, 0.22000E+02, 0.30000E+02, 0.00000E+00
 0.24000E+02, 0.20000E+01, 0.22000E+02, 0.30000E+02, 0.00000E+00
 0.25000E+02, 0.20000E+01, 0.22000E+02, 0.30000E+02, 0.00000E+00
 0.26000E+02, 0.20000E+01, 0.22000E+02, 0.30000E+02, 0.00000E+00
 0.27000E+02, 0.20000E+01, 0.22000E+02, 0.30000E+02, 0.00000E+00
 0.28000E+02, 0.20000E+01, 0.22000E+02, 0.30000E+02, 0.00000E+00
 0.29000E+02, 0.20000E+01, 0.22000E+02, 0.30000E+02, 0.00000E+00
 0.30000E+02, 0.20000E+01, 0.22000E+02, 0.30000E+02, 0.00000E+00
 0.31000E+02, 0.20000E+01, 0.22000E+02, 0.30000E+02, 0.00000E+00
 0.32000E+02, 0.20000E+01, 0.22000E+02, 0.30000E+02, 0.00000E+00
 0.33000E+02, 0.20000E+01, 0.22000E+02, 0.30000E+02, 0.00000E+00
 0.34000E+02, 0.20000E+01, 0.22000E+02, 0.30000E+02, 0.00000E+00
 0.35000E+02, 0.20000E+01, 0.22000E+02, 0.30000E+02, 0.00000E+00
 0.36000E+02, 0.20000E+01, 0.22000E+02, 0.30000E+02, 0.00000E+00
 0.37000E+02, 0.20000E+01, 0.22000E+02, 0.30000E+02, 0.00000E+00
 0.38000E+02, 0.20000E+01, 0.22000E+02, 0.30000E+02, 0.00000E+00
 0.39000E+02, 0.20000E+01, 0.22039E+02, 0.30000E+02, 0.00000E+00
 0.40000E+02, 0.20000E+01, 0.22000E+02, 0.30000E+02, 0.00000E+00
 0.41000E+02, 0.20000E+01, 0.22000E+02, 0.30000E+02, 0.00000E+00
 0.42000E+02, 0.20000E+01, 0.22000E+02, 0.30000E+02, 0.00000E+00
 0.43000E+02, 0.20000E+01, 0.22000E+02, 0.30000E+02, 0.00000E+00
 0.44000E+02, 0.20000E+01, 0.22000E+02, 0.30000E+02, 0.00000E+00
 0.45000E+02, 0.20000E+01, 0.22000E+02, 0.30000E+02, 0.00000E+00
 0.46000E+02, 0.20000E+01, 0.22000E+02, 0.30000E+02, 0.00000E+00
 0.47000E+02, 0.20000E+01, 0.22000E+02, 0.30000E+02, 0.00000E+00
 0.48000E+02, 0.20000E+01, 0.22000E+02, 0.30000E+02, 0.00000E+00
 0.49000E+02, 0.20000E+01, 0.22000E+02, 0.30000E+02, 0.00000E+00
 0.50000E+02, 0.20000E+01, 0.22000E+02, 0.30000E+02, 0.00000E+00
 0.51000E+02, 0.20000E+01, 0.21972E+02, 0.30000E+02, 0.00000E+00
 0.52000E+02, 0.20000E+01, 0.22000E+02, 0.30000E+02, 0.00000E+00
 0.53000E+02, 0.20000E+01, 0.22000E+02, 0.30000E+02, 0.00000E+00
 0.54000E+02, 0.20000E+01, 0.22000E+02, 0.30000E+02, 0.00000E+00
 0.55000E+02, 0.20000E+01, 0.22000E+02, 0.30000E+02, 0.00000E+00
 0.56000E+02, 0.20000E+01, 0.22000E+02, 0.30000E+02, 0.00000E+00
 0.57000E+02, 0.20000E+01, 0.21982E+02, 0.30000E+02, 0.00000E+00
 0.58000E+02, 0.20000E+01, 0.22000E+02, 0.30000E+02, 0.00000E+00
 0.59000E+02, 0.20000E+01, 0.22000E+02, 0.30000E+02, 0.00000E+00
 0.60000E+02, 0.20000E+01, 0.22000E+02, 0.30000E+02, 0.00000E+00
 0.61000E+02, 0.20000E+01, 0.22000E+02, 0.30000E+02, 0.00000E+00
 0.62000E+02, 0.20000E+01, 0.22000E+02, 0.30000E+02, 0.00000E+00
 0.63000E+02, 0.20000E+01, 0.22000E+02, 0.30000E+02, 0.00000E+00
 0.64000E+02, 0.20000E+01, 0.21977E+02, 0.30000E+02, 0.00000E+00
 0.65000E+02, 0.20000E+01, 0.22118E+02, 0.30000E+02, 0.00000E+00
 0.00000E+00, 0.30000E+01, 0.21956E+02, 0.30000E+02, 0.00000E+00
 0.10000E+01, 0.30000E+01, 0.22032E+02, 0.30000E+02, 0.00000E+00
 0.20000E+01, 0.30000E+01, 0.21985E+02, 0.30000E+02, 0.00000E+00
 0.30000E+01, 0.30000E+01, 0.21982E+02, 0.30000E+02, 0.00000E+00
 0.40000E+01, 0.30000E+01, 0.22022E+02, 0.30000E+02, 0.00000E+00
 0.50000E+01, 0.30000E+01, 0.22027E+02, 0.30000E+02, 0.00000E+00
 0.60000E+01, 0.30000E+01, 0.21997E+02, 0.30000E+02, 0.00000E+00
 0.70000E+01, 0.30000E+01, 0.21995E+02, 0.30000E+02, 0.00000E+00
 0.80000E+01, 0.30000E+01, 0.22000E+02, 0.30000E+02, 0.00000E+00
 0.90000E+01, 0.30000E+01, 0.22000E+02, 0.30000E+02, 0.00000E+00
 0.10000E+02, 0.30000E+01, 0.22000E+02, 0.30000E+02, 0.00000E+00
 0.11000E+02, 0.30000E+01, 0.22002E+02, 0.30000E+02, 0.00000E+00
 0.12000E+02, 0.30000E+01, 0.22000E+02, 0.30000E+02, 0.00000E+00
 0.13000E+02, 0.30000E+01, 0.22000E+02, 0.30000E+02, 0.00000E+00
 0.14000E+02, 0.30000E+01, 0.21966E+02, 0.30000E+02, 0.00000E+00
 0.15000E+02, 0.30000E+01, 0.21955E+02, 0.30000E+02, 0.00000E+00
 0.16000E+02, 0.30000E+01, 0.21957E+02, 0.30000E+02, 0.00000E+00
 0.17000E+02, 0.30000E+01, 0.21869E+02, 0.30000E+02, 0.00000E+00
 0.18000E+02, 0.30000E+01, 0.21948E+02, 0.30000E+02, 0.00000E+00
 0.19000E+02, 0.30000E+01, 0.21998E+02, 0.30000E+02, 0.00000E+00
 0.20000E+02, 0.30000E+01, 0.21889E+02, 0.30000E+02, 0.00000E+00
 0.21000E+02, 0.30000E+01, 0.21958E+02, 0.30000E+02, 0.00000E+00
 0.22000E+02, 0.30000E+01, 0.22072E+02, 0.30000E+02, 0.00000E+00
 0.23000E+02, 0.30000E+01, 0.22000E+02, 0.30000E+02, 0.00000E+00
 0.24000E+02, 0.30000E+01, 0.22000E+02, 0.30000E+02, 0.00000E+00
 0.25000E+02, 0.30000E+01, 0.22000E+02, 0.30000E+02, 0.00000E+00
 0.26000E+02, 0.30000E+01, 0.22000E+02, 0.30000E+02, 0.00000E+00
 0.27000E+02, 0.30000E+01, 0.22000E+02, 0.30000E+02, 0.00000E+00
 0.28000E+02, 0.30000E+01, 0.22000E+02, 0.30000E+02, 0.00000E+00
 0.29000E+02, 0.30000E+01, 0.22000E+02, 0.30000E+02, 0.00000E+00
 0.30000E+02, 0.30000E+01, 0.22000E+02, 0.30000E+02, 0.00000E+00
 0.31000E+02, 0.30000E+01, 0.22000E+02, 0.30000E+02, 0.00000E+00
 0.32000E+02, 0.30000E+01, 0.22000E+02, 0.30000E+02, 0.00000E+00
 0.33000E+02, 0.30000E+01, 0.22020E+02, 0.30000E+02, 0.00000E+00
 0.34000E+02, 0.30000E+01, 0.22000E+02, 0.30000E+02, 0.00000E+00
 0.35000E+02, 0.30000E+01, 0.22000E+02, 0.30000E+02, 0.00000E+00
 0.36000E+02, 0.30000E+01, 0.22000E+02, 0.30000E+02, 0.00000E+00
 0.37000E+02, 0.30000E+01, 0.22000E+02, 0.30000E+02, 0.00000E+00
 0.38000E+02, 0.30000E+01, 0.22000E+02, 0.30000E+02, 0.00000E+00
 0.39000E+02, 0.30000E+01, 0.22006E+02, 0.30000E+02, 0.00000E+00
 0.40000E+02, 0.30000E+01, 0.22000E+02, 0.30000E+02, 0.00000E+00
 0.41000E+02, 0.30000E+01, 0.22000E+02, 0.30000E+02, 0.00000E+00
 0.42000E+02, 0.30000E+01, 0.22000E+02, 0.30000E+02, 0.00000E+00
 0.43000E+02, 0.30000E+01, 0.22000E+02, 0.30000E+02, 0.00000E+00
 0.44000E+02, 0.30000E+01, 0.22000E+02, 0.30000E+02, 0.00000E+00
 0.45000E+02, 0.30000E+01, 0.22000E+02, 0.30000E+02, 0.00000E+00
 0.46000E+02, 0.30000E+01, 0.22000E+02, 0.30000E+02, 0.00000E+00
 0.47000E+02, 0.30000E+01, 0.22000E+02, 0.30000E+02, 0.00000E+00
 0.48000E+02, 0.30000E+01, 0.22000E+02, 0.30000E+02, 0.00000E+00
 0.49000E+02, 0.30000E+01, 0.22000E+02, 0.30000E+02, 0.00000E+00
 0.50000E+02, 0.30000E+01, 0.22000E+02, 0.30000E+02, 0.00000E+00
 0.51000E+02, 0.30000E+01, 0.21968E+02, 0.30000E+02, 0.00000E+00
 0.52000E+02, 0.30000E+01, 0.22001E+02, 0.30000E+02, 0.00000E+00
 0.53000E+02, 0.30000E+01, 0.22000E+02, 0.30000E+02, 0.00000E+00
 0.54000E+02, 0.30000E+01, 0.22000E+02, 0.30000E+02, 0.00000E+00
 0.55000E+02, 0.30000E+01, 0.22000E+02, 0.30000E+02, 0.00000E+00
 0.56000E+02, 0.30000E+01, 0.22000E+02, 0.30000E+02, 0.00000E+00
 0.57000E+02, 0.30000E+01, 0.21983E+02, 0.30000E+02, 0.00000E+00
 0.58000E+02, 0.30000E+01, 0.22000E+02, 0.30000E+02, 0.00000E+00
 0.59000E+02, 0.30000E+01, 0.22000E+02, 0.30000E+02, 0.00000E+00
 0.60000E+02, 0.30000E+01, 0.22000E+02, 0.30000E+02, 0.00000E+00
 0.61000E+02, 0.30000E+01, 0.22000E+02, 0.30000E+02, 0.00000E+00
 0.62000E+02, 0.30000E+01, 0.22000E+02, 0.30000E+02, 0.00000E+00
 0.63000E+02, 0.30000E+01, 0.22000E+02, 0.30000E+02, 0.00000E+00
 0.64000E+02, 0.30000E+01, 0.22000E+02, 0.30000E+02, 0.00000E+00
 0.65000E+02, 0.30000E+01, 0.22001E+02, 0.30000E+02, 0.00000E+00
 0.00000E+00, 0.40000E+01, 0.21909E+02, 0.30000E+02, 0.00000E+00
 0.10000E+01, 0.40000E+01, 0.21996E+02, 0.30000E+02, 0.00000E+00
 0.20000E+01, 0.40000E+01, 0.21999E+02, 0.30000E+02, 0.00000E+00
 0.30000E+01, 0.40000E+01, 0.22016E+02, 0.30000E+02, 0.00000E+00
 0.40000E+01, 0.40000E+01, 0.21991E+02, 0.30000E+02, 0.00000E+00
 0.50000E+01, 0.40000E+01, 0.22031E+02, 0.30000E+02, 0.00000E+00
 0.60000E+01, 0.40000E+01, 0.21993E+02, 0.30000E+02, 0.00000E+00
 0.70000E+01, 0.40000E+01, 0.21978E+02, 0.30000E+02, 0.00000E+00
 0.80000E+01, 0.40000E+01, 0.22000E+02, 0.30000E+02, 0.00000E+00
 0.90000E+01, 0.40000E+01, 0.22000E+02, 0.30000E+02, 0.00000E+00
 0.10000E+02, 0.40000E+01, 0.22000E+02, 0.30000E+02, 0.00000E+00
 0.11000E+02, 0.40000E+01, 0.22012E+02, 0.30000E+02, 0.00000E+00
 0.12000E+02, 0.40000E+01, 0.22000E+02, 0.30000E+02, 0.00000E+00
 0.13000E+02, 0.40000E+01, 0.22000E+02, 0.30000E+02, 0.00000E+00
 0.14000E+02, 0.40000E+01, 0.21998E+02, 0.30000E+02, 0.00000E+00
 0.15000E+02, 0.40000E+01, 0.21976E+02, 0.30000E+02, 0.00000E+00
 0.16000E+02, 0.40000E+01, 0.21953E+02, 0.30000E+02, 0.00000E+00
 0.17000E+02, 0.40000E+01, 0.21893E+02, 0.30000E+02, 0.00000E+00
 0.18000E+02, 0.40000E+01, 0.21936E+02, 0.30000E+02, 0.00000E+00
 0.19000E+02, 0.40000E+01, 0.21939E+02, 0.30000E+02, 0.00000E+00
 0.20000E+02, 0.40000E+01, 0.21983E+02, 0.30000E+02, 0.00000E+00
 0.21000E+02, 0.40000E+01, 0.21973E+02, 0.30000E+02, 0.00000E+00
 0.22000E+02, 0.40000E+01, 0.21977E+02, 0.30000E+02, 0.00000E+00
 0.23000E+02, 0.40000E+01, 0.22000E+02, 0.30000E+02, 0.00000E+00
 0.24000E+02, 0.40000E+01, 0.22000E+02, 0.30000E+02, 0.00000E+00
 0.25000E+02, 0.40000E+01, 0.22000E+02, 0.30000E+02, 0.00000E+00
 0.26000E+02, 0.40000E+01, 0.22000E+02, 0.30000E+02, 0.00000E+00
 0.27000E+02, 0.40000E+01, 0.22000E+02, 0.30000E+02, 0.00000E+00
 0.28000E+02, 0.40000E+01, 0.22000E+02, 0.30000E+02, 0.00000E+00
 0.29000E+02, 0.40000E+01, 0.22000E+02, 0.30000E+02, 0.00000E+00
 0.30000E+02, 0.40000E+01, 0.22000E+02, 0.30000E+02, 0.00000E+00
 0.31000E+02, 0.40000E+01, 0.22000E+02, 0.30000E+02, 0.00000E+00
 0.32000E+02, 0.40000E+01, 0.22000E+02, 0.30000E+02, 0.00000E+00
 0.33000E+02, 0.40000E+01, 0.22017E+02, 0.30000E+02, 0.00000E+00
 0.34000E+02, 0.40000E+01, 0.22000E+02, 0.30000E+02, 0.00000E+00
 0.35000E+02, 0.40000E+01, 0.22000E+02, 0.30000E+02, 0.00000E+00
 0.36000E+02, 0.40000E+01, 0.22000E+02, 0.30000E+02, 0.00000E+00
 0.37000E+02, 0.40000E+01, 0.22000E+02, 0.30000E+02, 0.00000E+00
 0.38000E+02, 0.40000E+01, 0.22000E+02, 0.30000E+02, 0.00000E+00
 0.39000E+02, 0.40000E+01, 0.22012E+02, 0.30000E+02, 0.00000E+00
 0.40000E+02, 0.40000E+01, 0.22000E+02, 0.30000E+02, 0.00000E+00
 0.41000E+02, 0.40000E+01, 0.22000E+02, 0.30000E+02, 0.00000E+00
 0.42000E+02, 0.40000E+01, 0.22000E+02, 0.30000E+02, 0.00000E+00
 0.43000E+02, 0.40000E+01, 0.22000E+02, 0.30000E+02, 0.00000E+00
 0.44000E+02, 0.40000E+01, 0.22000E+02, 0.30000E+02, 0.00000E+00
 0.45000E+02, 0.40000E+01, 0.22000E+02, 0.30000E+02, 0.00000E+00
 0.46000E+02, 0.40000E+01, 0.22000E+02, 0.30000E+02, 0.00000E+00
 0.47000E+02, 0.40000E+01, 0.22000E+02, 0.30000E+02, 0.00000E+00
 0.48000E+02, 0.40000E+01, 0.22000E+02, 0.30000E+02, 0.00000E+00
 0.49000E+02, 0.40000E+01, 0.22000E+02, 0.30000E+02, 0.00000E+00
 0.50000E+02, 0.40000E+01, 0.22000E+02, 0.30000E+02, 0.00000E+00
 0.51000E+02, 0.40000E+01, 0.21983E+02, 0.30000E+02, 0.00000E+00
 0.52000E+02, 0.40000E+01, 0.22000E+02, 0.30000E+02, 0.00000E+00
 0.53000E+02, 0.40000E+01, 0.22000E+02, 0.30000E+02, 0.00000E+00
 0.54000E+02, 0.40000E+01, 0.22000E+02, 0.30000E+02, 0.00000E+00
 0.55000E+02, 0.40000E+01, 0.22000E+02, 0.30000E+02, 0.00000E+00
 0.56000E+02, 0.40000E+01, 0.22000E+02, 0.30000E+02, 0.00000E+00
 0.57000E+02, 0.40000E+01, 0.21934E+02, 0.30000E+02, 0.00000E+00
 0.58000E+02, 0.40000E+01, 0.22001E+02, 0.30000E+02, 0.00000E+00
 0.59000E+02, 0.40000E+01, 0.22000E+02, 0.30000E+02, 0.00000E+00
 0.60000E+02, 0.40000E+01, 0.22000E+02, 0.30000E+02, 0.00000E+00
 0.61000E+02, 0.40000E+01, 0.22000E+02, 0.30000E+02, 0.00000E+00
 0.62000E+02, 0.40000E+01, 0.22000E+02, 0.30000E+02, 0.00000E+00
 0.63000E+02, 0.40000E+01, 0.22000E+02, 0.30000E+02, 0.00000E+00
 0.64000E+02, 0.40000E+01, 0.22000E+02, 0.30000E+02, 0.00000E+00
 0.65000E+02, 0.40000E+01, 0.22000E+02, 0.30000E+02, 0.00000E+00
 0.00000E+00, 0.50000E+01, 0.21968E+02, 0.30000E+02, 0.00000E+00
 0.10000E+01, 0.50000E+01, 0.21997E+02, 0.30000E+02, 0.00000E+00
 0.20000E+01, 0.50000E+01, 0.22015E+02, 0.30000E+02, 0.00000E+00
 0.30000E+01, 0.50000E+01, 0.22002E+02, 0.30000E+02, 0.00000E+00
 0.40000E+01, 0.50000E+01, 0.21977E+02, 0.30000E+02, 0.00000E+00
 0.50000E+01, 0.50000E+01, 0.21980E+02, 0.30000E+02, 0.00000E+00
 0.60000E+01, 0.50000E+01, 0.21957E+02, 0.30000E+02, 0.00000E+00
 0.70000E+01, 0.50000E+01, 0.21986E+02, 0.30000E+02, 0.00000E+00
 0.80000E+01, 0.50000E+01, 0.22000E+02, 0.30000E+02, 0.00000E+00
 0.90000E+01, 0.50000E+01, 0.22000E+02, 0.30000E+02, 0.00000E+00
 0.10000E+02, 0.50000E+01, 0.22000E+02, 0.30000E+02, 0.00000E+00
 0.11000E+02, 0.50000E+01, 0.21977E+02, 0.30000E+02, 0.00000E+00
 0.12000E+02, 0.50000E+01, 0.22000E+02, 0.30000E+02, 0.00000E+00
 0.13000E+02, 0.50000E+01, 0.22000E+02, 0.30000E+02, 0.00000E+00
 0.14000E+02, 0.50000E+01, 0.21977E+02, 0.30000E+02, 0.00000E+00
 0.15000E+02, 0.50000E+01, 0.21965E+02, 0.30000E+02, 0.00000E+00
 0.16000E+02, 0.50000E+01, 0.21926E+02, 0.30000E+02, 0.00000E+00
 0.17000E+02, 0.50000E+01, 0.22018E+02, 0.30000E+02, 0.00000E+00
 0.18000E+02, 0.50000E+01, 0.21952E+02, 0.30000E+02, 0.00000E+00
 0.19000E+02, 0.50000E+01, 0.21892E+02, 0.30000E+02, 0.00000E+00
 0.20000E+02, 0.50000E+01, 0.21935E+02, 0.30000E+02, 0.00000E+00
 0.21000E+02, 0.50000E+01, 0.21936E+02, 0.30000E+02, 0.00000E+00
 0.22000E+02, 0.50000E+01, 0.21939E+02, 0.30000E+02, 0.00000E+00
 0.23000E+02, 0.50000E+01, 0.22000E+02, 0.30000E+02, 0.00000E+00
 0.24000E+02, 0.50000E+01, 0.22000E+02, 0.30000E+02, 0.00000E+00
 0.25000E+02, 0.50000E+01, 0.22000E+02, 0.30000E+02, 0.00000E+00
 0.26000E+02, 0.50000E+01, 0.22000E+02, 0.30000E+02, 0.00000E+00
 0.27000E+02, 0.50000E+01, 0.22000E+02, 0.30000E+02, 0.00000E+00
 0.28000E+02, 0.50000E+01, 0.22000E+02, 0.30000E+02, 0.00000E+00
 0.29000E+02, 0.50000E+01, 0.22000E+02, 0.30000E+02, 0.00000E+00
 0.30000E+02, 0.50000E+01, 0.22000E+02, 0.30000E+02, 0.00000E+00
 0.31000E+02, 0.50000E+01, 0.22000E+02, 0.30000E+02, 0.00000E+00
 0.32000E+02, 0.50000E+01, 0.22000E+02, 0.30000E+02, 0.00000E+00
 0.33000E+02, 0.50000E+01, 0.22042E+02, 0.30000E+02, 0.00000E+00
 0.34000E+02, 0.50000E+01, 0.22000E+02, 0.30000E+02, 0.00000E+00
 0.35000E+02, 0.50000E+01, 0.22000E+02, 0.30000E+02, 0.00000E+00
 0.36000E+02, 0.50000E+01, 0.22000E+02, 0.30000E+02, 0.00000E+00
 0.37000E+02, 0.50000E+01, 0.22000E+02, 0.30000E+02, 0.00000E+00
 0.38000E+02, 0.50000E+01, 0.22000E+02, 0.30000E+02, 0.00000E+00
 0.39000E+02, 0.50000E+01, 0.22028E+02, 0.30000E+02, 0.00000E+00
 0.40000E+02, 0.50000E+01, 0.22000E+02, 0.30000E+02, 0.00000E+00
 0.41000E+02, 0.50000E+01, 0.22000E+02, 0.30000E+02, 0.00000E+00
 0.42000E+02, 0.50000E+01, 0.22000E+02, 0.30000E+02, 0.00000E+00
 0.43000E+02, 0.50000E+01, 0.22000E+02, 0.30000E+02, 0.00000E+00
 0.44000E+02, 0.50000E+01, 0.22000E+02, 0.30000E+02, 0.00000E+00
 0.45000E+02, 0.50000E+01, 0.22000E+02, 0.30000E+02, 0.00000E+00
 0.46000E+02, 0.50000E+01, 0.22000E+02, 0.30000E+02, 0.00000E+00
 0.47000E+02, 0.50000E+01, 0.22000E+02, 0.30000E+02, 0.00000E+00
 0.48000E+02, 0.50000E+01, 0.22000E+02, 0.30000E+02, 0.00000E+00
 0.49000E+02, 0.50000E+01, 0.22000E+02, 0.30000E+02, 0.00000E+00
 0.50000E+02, 0.50000E+01, 0.22000E+02, 0.30000E+02, 0.00000E+00
 0.51000E+02, 0.50000E+01, 0.22019E+02, 0.30000E+02, 0.00000E+00
 0.52000E+02, 0.50000E+01, 0.22000E+02, 0.30000E+02, 0.00000E+00
 0.53000E+02, 0.50000E+01, 0.22000E+02, 0.30000E+02, 0.00000E+00
 0.54000E+02, 0.50000E+01, 0.22000E+02, 0.30000E+02, 0.00000E+00
 0.55000E+02, 0.50000E+01, 0.22000E+02, 0.30000E+02, 0.00000E+00
 0.56000E+02, 0.50000E+01, 0.22000E+02, 0.30000E+02, 0.00000E+00
 0.57000E+02, 0.50000E+01, 0.21982E+02, 0.30000E+02, 0.00000E+00
 0.58000E+02, 0.50000E+01, 0.22000E+02, 0.30000E+02, 0.00000E+00
 0.59000E+02, 0.50000E+01, 0.22000E+02, 0.30000E+02, 0.00000E+00
 0.60000E+02, 0.50000E+01, 0.22000E+02, 0.30000E+02, 0.00000E+00
 0.61000E+02, 0.50000E+01, 0.22000E+02, 0.30000E+02, 0.00000E+00
 0.62000E+02, 0.50000E+01, 0.22000E+02, 0.30000E+02, 0.00000E+00
 0.63000E+02, 0.50000E+01, 0.22000E+02, 0.30000E+02, 0.00000E+00
 0.64000E+02, 0.50000E+01, 0.22000E+02, 0.30000E+02, 0.00000E+00
 0.65000E+02, 0.50000E+01, 0.22000E+02, 0.30000E+02, 0.00000E+00
 0.00000E+00, 0.60000E+01, 0.21970E+02, 0.30000E+02, 0.00000E+00
 0.10000E+01, 0.60000E+01, 0.22015E+02, 0.30000E+02, 0.00000E+00
 0.20000E+01, 0.60000E+01, 0.22036E+02, 0.30000E+02, 0.00000E+00
 0.30000E+01, 0.60000E+01, 0.22019E+02, 0.30000E+02, 0.00000E+00
 0.40000E+01, 0.60000E+01, 0.21975E+02, 0.30000E+02, 0.00000E+00
 0.50000E+01, 0.60000E+01, 0.21981E+02, 0.30000E+02, 0.00000E+00
 0.60000E+01, 0.60000E+01, 0.21985E+02, 0.30000E+02, 0.00000E+00
 0.70000E+01, 0.60000E+01, 0.21950E+02, 0.30000E+02, 0.00000E+00
 0.80000E+01, 0.60000E+01, 0.22000E+02, 0.30000E+02, 0.00000E+00
 0.90000E+01, 0.60000E+01, 0.22000E+02, 0.30000E+02, 0.00000E+00
 0.10000E+02, 0.60000E+01, 0.22000E+02, 0.30000E+02, 0.00000E+00
 0.11000E+02, 0.60000E+01, 0.22021E+02, 0.30000E+02, 0.00000E+00
 0.12000E+02, 0.60000E+01, 0.22000E+02, 0.30000E+02, 0.00000E+00
 0.13000E+02, 0.60000E+01, 0.22097E+02, 0.30000E+02, 0.00000E+00
 0.14000E+02, 0.60000E+01, 0.21796E+02, 0.30000E+02, 0.00000E+00
 0.15000E+02, 0.60000E+01, 0.21840E+02, 0.30000E+02, 0.00000E+00
 0.16000E+02, 0.60000E+01, 0.21960E+02, 0.30000E+02, 0.00000E+00
 0.17000E+02, 0.60000E+01, 0.21925E+02, 0.30000E+02, 0.00000E+00
 0.18000E+02, 0.60000E+01, 0.21937E+02, 0.30000E+02, 0.00000E+00
 0.19000E+02, 0.60000E+01, 0.21929E+02, 0.30000E+02, 0.00000E+00
 0.20000E+02, 0.60000E+01, 0.21953E+02, 0.30000E+02, 0.00000E+00
 0.21000E+02, 0.60000E+01, 0.21947E+02, 0.30000E+02, 0.00000E+00
 0.22000E+02, 0.60000E+01, 0.21805E+02, 0.30000E+02, 0.00000E+00
 0.23000E+02, 0.60000E+01, 0.22000E+02, 0.30000E+02, 0.00000E+00
 0.24000E+02, 0.60000E+01, 0.22000E+02, 0.30000E+02, 0.00000E+00
 0.25000E+02, 0.60000E+01, 0.22000E+02, 0.30000E+02, 0.00000E+00
 0.26000E+02, 0.60000E+01, 0.22000E+02, 0.30000E+02, 0.00000E+00
 0.27000E+02, 0.60000E+01, 0.22000E+02, 0.30000E+02, 0.00000E+00
 0.28000E+02, 0.60000E+01, 0.22000E+02, 0.30000E+02, 0.00000E+00
 0.29000E+02, 0.60000E+01, 0.22000E+02, 0.30000E+02, 0.00000E+00
 0.30000E+02, 0.60000E+01, 0.22000E+02, 0.30000E+02, 0.00000E+00
 0.31000E+02, 0.60000E+01, 0.22000E+02, 0.30000E+02, 0.00000E+00
 0.32000E+02, 0.60000E+01, 0.22000E+02, 0.30000E+02, 0.00000E+00
 0.33000E+02, 0.60000E+01, 0.22040E+02, 0.30000E+02, 0.00000E+00
 0.34000E+02, 0.60000E+01, 0.22000E+02, 0.30000E+02, 0.00000E+00
 0.35000E+02, 0.60000E+01, 0.22000E+02, 0.30000E+02, 0.00000E+00
 0.36000E+02, 0.60000E+01, 0.22000E+02, 0.30000E+02, 0.00000E+00
 0.37000E+02, 0.60000E+01, 0.22000E+02, 0.30000E+02, 0.00000E+00
 0.38000E+02, 0.60000E+01, 0.22000E+02, 0.30000E+02, 0.00000E+00
 0.39000E+02, 0.60000E+01, 0.22050E+02, 0.30000E+02, 0.00000E+00
 0.40000E+02, 0.60000E+01, 0.22000E+02, 0.30000E+02, 0.00000E+00
 0.41000E+02, 0.60000E+01, 0.22000E+02, 0.30000E+02, 0.00000E+00
 0.42000E+02, 0.60000E+01, 0.22000E+02, 0.30000E+02, 0.00000E+00
 0.43000E+02, 0.60000E+01, 0.22000E+02, 0.30000E+02, 0.00000E+00
 0.44000E+02, 0.60000E+01, 0.22000E+02, 0.30000E+02, 0.00000E+00
 0.45000E+02, 0.60000E+01, 0.22000E+02, 0.30000E+02, 0.00000E+00
 0.46000E+02, 0.60000E+01, 0.22000E+02, 0.30000E+02, 0.00000E+00
 0.47000E+02, 0.60000E+01, 0.22000E+02, 0.30000E+02, 0.00000E+00
 0.48000E+02, 0.60000E+01, 0.22000E+02, 0.30000E+02, 0.00000E+00
 0.49000E+02, 0.60000E+01, 0.22000E+02, 0.30000E+02, 0.00000E+00
 0.50000E+02, 0.60000E+01, 0.22000E+02, 0.30000E+02, 0.00000E+00
 0.51000E+02, 0.60000E+01, 0.21983E+02, 0.30000E+02, 0.00000E+00
 0.52000E+02, 0.60000E+01, 0.22001E+02, 0.30000E+02, 0.00000E+00
 0.53000E+02, 0.60000E+01, 0.22000E+02, 0.30000E+02, 0.00000E+00
 0.54000E+02, 0.60000E+01, 0.22000E+02, 0.30000E+02, 0.00000E+00
 0.55000E+02, 0.60000E+01, 0.22000E+02, 0.30000E+02, 0.00000E+00
 0.56000E+02, 0.60000E+01, 0.22000E+02, 0.30000E+02, 0.00000E+00
 0.57000E+02, 0.60000E+01, 0.21983E+02, 0.30000E+02, 0.00000E+00
 0.58000E+02, 0.60000E+01, 0.21999E+02, 0.30000E+02, 0.00000E+00
 0.59000E+02, 0.60000E+01, 0.22000E+02, 0.30000E+02, 0.00000E+00
 0.60000E+02, 0.60000E+01, 0.22000E+02, 0.30000E+02, 0.00000E+00
 0.61000E+02, 0.60000E+01, 0.22000E+02, 0.30000E+02, 0.00000E+00
 0.62000E+02, 0.60000E+01, 0.22000E+02, 0.30000E+02, 0.00000E+00
 0.63000E+02, 0.60000E+01, 0.22000E+02, 0.30000E+02, 0.00000E+00
 0.64000E+02, 0.60000E+01, 0.22000E+02, 0.30000E+02, 0.00000E+00
 0.65000E+02, 0.60000E+01, 0.22000E+02, 0.30000E+02, 0.00000E+00
 0.00000E+00, 0.70000E+01, 0.21947E+02, 0.30000E+02, 0.00000E+00
 0.10000E+01, 0.70000E+01, 0.22000E+02, 0.30000E+02, 0.00000E+00
 0.20000E+01, 0.70000E+01, 0.22042E+02, 0.30000E+02, 0.00000E+00
 0.30000E+01, 0.70000E+01, 0.21993E+02, 0.30000E+02, 0.00000E+00
 0.40000E+01, 0.70000E+01, 0.21987E+02, 0.30000E+02, 0.00000E+00
 0.50000E+01, 0.70000E+01, 0.21976E+02, 0.30000E+02, 0.00000E+00
 0.60000E+01, 0.70000E+01, 0.22001E+02, 0.30000E+02, 0.00000E+00
 0.70000E+01, 0.70000E+01, 0.22006E+02, 0.30000E+02, 0.00000E+00
 0.80000E+01, 0.70000E+01, 0.22000E+02, 0.30000E+02, 0.00000E+00
 0.90000E+01, 0.70000E+01, 0.22000E+02, 0.30000E+02, 0.00000E+00
 0.10000E+02, 0.70000E+01, 0.22001E+02, 0.30000E+02, 0.00000E+00
 0.11000E+02, 0.70000E+01, 0.21987E+02, 0.30000E+02, 0.00000E+00
 0.12000E+02, 0.70000E+01, 0.22000E+02, 0.30000E+02, 0.00000E+00
 0.13000E+02, 0.70000E+01, 0.22048E+02, 0.30000E+02, 0.00000E+00
 0.14000E+02, 0.70000E+01, 0.21955E+02, 0.30000E+02, 0.00000E+00
 0.15000E+02, 0.70000E+01, 0.21943E+02, 0.30000E+02, 0.00000E+00
 0.16000E+02, 0.70000E+01, 0.21980E+02, 0.30000E+02, 0.00000E+00
 0.17000E+02, 0.70000E+01, 0.21920E+02, 0.30000E+02, 0.00000E+00
 0.18000E+02, 0.70000E+01, 0.21994E+02, 0.30000E+02, 0.00000E+00
 0.19000E+02, 0.70000E+01, 0.22000E+02, 0.30000E+02, 0.00000E+00
 0.20000E+02, 0.70000E+01, 0.22073E+02, 0.30000E+02, 0.00000E+00
 0.21000E+02, 0.70000E+01, 0.21999E+02, 0.30000E+02, 0.00000E+00
 0.22000E+02, 0.70000E+01, 0.21937E+02, 0.30000E+02, 0.00000E+00
 0.23000E+02, 0.70000E+01, 0.22000E+02, 0.30000E+02, 0.00000E+00
 0.24000E+02, 0.70000E+01, 0.22000E+02, 0.30000E+02, 0.00000E+00
 0.25000E+02, 0.70000E+01, 0.22000E+02, 0.30000E+02, 0.00000E+00
 0.26000E+02, 0.70000E+01, 0.22001E+02, 0.30000E+02, 0.00000E+00
 0.27000E+02, 0.70000E+01, 0.22001E+02, 0.30000E+02, 0.00000E+00
 0.28000E+02, 0.70000E+01, 0.22001E+02, 0.30000E+02, 0.00000E+00
 0.29000E+02, 0.70000E+01, 0.22000E+02, 0.30000E+02, 0.00000E+00
 0.30000E+02, 0.70000E+01, 0.22001E+02, 0.30000E+02, 0.00000E+00
 0.31000E+02, 0.70000E+01, 0.22000E+02, 0.30000E+02, 0.00000E+00
 0.32000E+02, 0.70000E+01, 0.22000E+02, 0.30000E+02, 0.00000E+00
 0.33000E+02, 0.70000E+01, 0.22044E+02, 0.30000E+02, 0.00000E+00
 0.34000E+02, 0.70000E+01, 0.22000E+02, 0.30000E+02, 0.00000E+00
 0.35000E+02, 0.70000E+01, 0.22000E+02, 0.30000E+02, 0.00000E+00
 0.36000E+02, 0.70000E+01, 0.22000E+02, 0.30000E+02, 0.00000E+00
 0.37000E+02, 0.70000E+01, 0.22000E+02, 0.30000E+02, 0.00000E+00
 0.38000E+02, 0.70000E+01, 0.22001E+02, 0.30000E+02, 0.00000E+00
 0.39000E+02, 0.70000E+01, 0.22039E+02, 0.30000E+02, 0.00000E+00
 0.40000E+02, 0.70000E+01, 0.22000E+02, 0.30000E+02, 0.00000E+00
 0.41000E+02, 0.70000E+01, 0.22001E+02, 0.30000E+02, 0.00000E+00
 0.42000E+02, 0.70000E+01, 0.22000E+02, 0.30000E+02, 0.00000E+00
 0.43000E+02, 0.70000E+01, 0.22001E+02, 0.30000E+02, 0.00000E+00
 0.44000E+02, 0.70000E+01, 0.22000E+02, 0.30000E+02, 0.00000E+00
 0.45000E+02, 0.70000E+01, 0.22000E+02, 0.30000E+02, 0.00000E+00
 0.46000E+02, 0.70000E+01, 0.22000E+02, 0.30000E+02, 0.00000E+00
 0.47000E+02, 0.70000E+01, 0.22002E+02, 0.30000E+02, 0.00000E+00
 0.48000E+02, 0.70000E+01, 0.22000E+02, 0.30000E+02, 0.00000E+00
 0.49000E+02, 0.70000E+01, 0.22000E+02, 0.30000E+02, 0.00000E+00
 0.50000E+02, 0.70000E+01, 0.22000E+02, 0.30000E+02, 0.00000E+00
 0.51000E+02, 0.70000E+01, 0.22031E+02, 0.30000E+02, 0.00000E+00
 0.52000E+02, 0.70000E+01, 0.22000E+02, 0.30000E+02, 0.00000E+00
 0.53000E+02, 0.70000E+01, 0.22000E+02, 0.30000E+02, 0.00000E+00
 0.54000E+02, 0.70000E+01, 0.22000E+02, 0.30000E+02, 0.00000E+00
 0.55000E+02, 0.70000E+01, 0.22000E+02, 0.30000E+02, 0.00000E+00
 0.56000E+02, 0.70000E+01, 0.22000E+02, 0.30000E+02, 0.00000E+00
 0.57000E+02, 0.70000E+01, 0.21998E+02, 0.30000E+02, 0.00000E+00
 0.58000E+02, 0.70000E+01, 0.22000E+02, 0.30000E+02, 0.00000E+00
 0.59000E+02, 0.70000E+01, 0.22000E+02, 0.30000E+02, 0.00000E+00
 0.60000E+02, 0.70000E+01, 0.22001E+02, 0.30000E+02, 0.00000E+00
 0.61000E+02, 0.70000E+01, 0.22000E+02, 0.30000E+02, 0.00000E+00
 0.62000E+02, 0.70000E+01, 0.22000E+02, 0.30000E+02, 0.00000E+00
 0.63000E+02, 0.70000E+01, 0.22000E+02, 0.30000E+02, 0.00000E+00
 0.64000E+02, 0.70000E+01, 0.22000E+02, 0.30000E+02, 0.00000E+00
 0.65000E+02, 0.70000E+01, 0.22000E+02, 0.30000E+02, 0.00000E+00
 0.00000E+00, 0.80000E+01, 0.21859E+02, 0.30000E+02, 0.00000E+00
 0.10000E+01, 0.80000E+01, 0.21997E+02, 0.30000E+02, 0.00000E+00
 0.20000E+01, 0.80000E+01, 0.21998E+02, 0.30000E+02, 0.00000E+00
 0.30000E+01, 0.80000E+01, 0.21941E+02, 0.30000E+02, 0.00000E+00
 0.40000E+01, 0.80000E+01, 0.21969E+02, 0.30000E+02, 0.00000E+00
 0.50000E+01, 0.80000E+01, 0.21964E+02, 0.30000E+02, 0.00000E+00
 0.60000E+01, 0.80000E+01, 0.21962E+02, 0.30000E+02, 0.00000E+00
 0.70000E+01, 0.80000E+01, 0.21984E+02, 0.30000E+02, 0.00000E+00
 0.80000E+01, 0.80000E+01, 0.22000E+02, 0.30000E+02, 0.00000E+00
 0.90000E+01, 0.80000E+01, 0.22000E+02, 0.30000E+02, 0.00000E+00
 0.10000E+02, 0.80000E+01, 0.22000E+02, 0.30000E+02, 0.00000E+00
 0.11000E+02, 0.80000E+01, 0.21978E+02, 0.30000E+02, 0.00000E+00
 0.12000E+02, 0.80000E+01, 0.21944E+02, 0.30000E+02, 0.00000E+00
 0.13000E+02, 0.80000E+01, 0.21959E+02, 0.30000E+02, 0.00000E+00
 0.14000E+02, 0.80000E+01, 0.21986E+02, 0.30000E+02, 0.00000E+00
 0.15000E+02, 0.80000E+01, 0.22021E+02, 0.30000E+02, 0.00000E+00
 0.16000E+02, 0.80000E+01, 0.21989E+02, 0.30000E+02, 0.00000E+00
 0.17000E+02, 0.80000E+01, 0.22000E+02, 0.30000E+02, 0.00000E+00
 0.18000E+02, 0.80000E+01, 0.22000E+02, 0.30000E+02, 0.00000E+00
 0.19000E+02, 0.80000E+01, 0.21940E+02, 0.30000E+02, 0.00000E+00
 0.20000E+02, 0.80000E+01, 0.21901E+02, 0.30000E+02, 0.00000E+00
 0.21000E+02, 0.80000E+01, 0.22000E+02, 0.30000E+02, 0.00000E+00
 0.22000E+02, 0.80000E+01, 0.22000E+02, 0.30000E+02, 0.00000E+00
 0.23000E+02, 0.80000E+01, 0.21938E+02, 0.30000E+02, 0.00000E+00
 0.24000E+02, 0.80000E+01, 0.21884E+02, 0.30000E+02, 0.00000E+00
 0.25000E+02, 0.80000E+01, 0.21863E+02, 0.30000E+02, 0.00000E+00
 0.26000E+02, 0.80000E+01, 0.21836E+02, 0.30000E+02, 0.00000E+00
 0.27000E+02, 0.80000E+01, 0.21809E+02, 0.30000E+02, 0.00000E+00
 0.28000E+02, 0.80000E+01, 0.21775E+02, 0.30000E+02, 0.00000E+00
 0.29000E+02, 0.80000E+01, 0.21998E+02, 0.30000E+02, 0.00000E+00
 0.30000E+02, 0.80000E+01, 0.21786E+02, 0.30000E+02, 0.00000E+00
 0.31000E+02, 0.80000E+01, 0.21779E+02, 0.30000E+02, 0.00000E+00
 0.32000E+02, 0.80000E+01, 0.21768E+02, 0.30000E+02, 0.00000E+00
 0.33000E+02, 0.80000E+01, 0.21786E+02, 0.30000E+02, 0.00000E+00
 0.34000E+02, 0.80000E+01, 0.21843E+02, 0.30000E+02, 0.00000E+00
 0.35000E+02, 0.80000E+01, 0.21833E+02, 0.30000E+02, 0.00000E+00
 0.36000E+02, 0.80000E+01, 0.21763E+02, 0.30000E+02, 0.00000E+00
 0.37000E+02, 0.80000E+01, 0.21781E+02, 0.30000E+02, 0.00000E+00
 0.38000E+02, 0.80000E+01, 0.21776E+02, 0.30000E+02, 0.00000E+00
 0.39000E+02, 0.80000E+01, 0.21776E+02, 0.30000E+02, 0.00000E+00
 0.40000E+02, 0.80000E+01, 0.21831E+02, 0.30000E+02, 0.00000E+00
 0.41000E+02, 0.80000E+01, 0.21809E+02, 0.30000E+02, 0.00000E+00
 0.42000E+02, 0.80000E+01, 0.22000E+02, 0.30000E+02, 0.00000E+00
 0.43000E+02, 0.80000E+01, 0.21771E+02, 0.30000E+02, 0.00000E+00
 0.44000E+02, 0.80000E+01, 0.21757E+02, 0.30000E+02, 0.00000E+00
 0.45000E+02, 0.80000E+01, 0.21764E+02, 0.30000E+02, 0.00000E+00
 0.46000E+02, 0.80000E+01, 0.21771E+02, 0.30000E+02, 0.00000E+00
 0.47000E+02, 0.80000E+01, 0.21747E+02, 0.30000E+02, 0.00000E+00
 0.48000E+02, 0.80000E+01, 0.21830E+02, 0.30000E+02, 0.00000E+00
 0.49000E+02, 0.80000E+01, 0.21805E+02, 0.30000E+02, 0.00000E+00
 0.50000E+02, 0.80000E+01, 0.21850E+02, 0.30000E+02, 0.00000E+00
 0.51000E+02, 0.80000E+01, 0.21846E+02, 0.30000E+02, 0.00000E+00
 0.52000E+02, 0.80000E+01, 0.21888E+02, 0.30000E+02, 0.00000E+00
 0.53000E+02, 0.80000E+01, 0.21883E+02, 0.30000E+02, 0.00000E+00
 0.54000E+02, 0.80000E+01, 0.21860E+02, 0.30000E+02, 0.00000E+00
 0.55000E+02, 0.80000E+01, 0.22000E+02, 0.30000E+02, 0.00000E+00
 0.56000E+02, 0.80000E+01, 0.21876E+02, 0.30000E+02, 0.00000E+00
 0.57000E+02, 0.80000E+01, 0.21897E+02, 0.30000E+02, 0.00000E+00
 0.58000E+02, 0.80000E+01, 0.21932E+02, 0.30000E+02, 0.00000E+00
 0.59000E+02, 0.80000E+01, 0.21905E+02, 0.30000E+02, 0.00000E+00
 0.60000E+02, 0.80000E+01, 0.21886E+02, 0.30000E+02, 0.00000E+00
 0.61000E+02, 0.80000E+01, 0.21943E+02, 0.30000E+02, 0.00000E+00
 0.62000E+02, 0.80000E+01, 0.21951E+02, 0.30000E+02, 0.00000E+00
 0.63000E+02, 0.80000E+01, 0.22000E+02, 0.30000E+02, 0.00000E+00
 0.64000E+02, 0.80000E+01, 0.22000E+02, 0.30000E+02, 0.00000E+00
 0.65000E+02, 0.80000E+01, 0.22000E+02, 0.30000E+02, 0.00000E+00
 0.00000E+00, 0.90000E+01, 0.21870E+02, 0.30000E+02, 0.00000E+00
 0.10000E+01, 0.90000E+01, 0.21964E+02, 0.30000E+02, 0.00000E+00
 0.20000E+01, 0.90000E+01, 0.21974E+02, 0.30000E+02, 0.00000E+00
 0.30000E+01, 0.90000E+01, 0.21969E+02, 0.30000E+02, 0.00000E+00
 0.40000E+01, 0.90000E+01, 0.22001E+02, 0.30000E+02, 0.00000E+00
 0.50000E+01, 0.90000E+01, 0.22005E+02, 0.30000E+02, 0.00000E+00
 0.60000E+01, 0.90000E+01, 0.22003E+02, 0.30000E+02, 0.00000E+00
 0.70000E+01, 0.90000E+01, 0.21971E+02, 0.30000E+02, 0.00000E+00
 0.80000E+01, 0.90000E+01, 0.22000E+02, 0.30000E+02, 0.00000E+00
 0.90000E+01, 0.90000E+01, 0.22000E+02, 0.30000E+02, 0.00000E+00
 0.10000E+02, 0.90000E+01, 0.22000E+02, 0.30000E+02, 0.00000E+00
 0.11000E+02, 0.90000E+01, 0.22000E+02, 0.30000E+02, 0.00000E+00
 0.12000E+02, 0.90000E+01, 0.22000E+02, 0.30000E+02, 0.00000E+00
 0.13000E+02, 0.90000E+01, 0.22000E+02, 0.30000E+02, 0.00000E+00
 0.14000E+02, 0.90000E+01, 0.22000E+02, 0.30000E+02, 0.00000E+00
 0.15000E+02, 0.90000E+01, 0.22000E+02, 0.30000E+02, 0.00000E+00
 0.16000E+02, 0.90000E+01, 0.22000E+02, 0.30000E+02, 0.00000E+00
 0.17000E+02, 0.90000E+01, 0.22000E+02, 0.30000E+02, 0.00000E+00
 0.18000E+02, 0.90000E+01, 0.22000E+02, 0.30000E+02, 0.00000E+00
 0.19000E+02, 0.90000E+01, 0.22000E+02, 0.30000E+02, 0.00000E+00
 0.20000E+02, 0.90000E+01, 0.22000E+02, 0.30000E+02, 0.00000E+00
 0.21000E+02, 0.90000E+01, 0.22000E+02, 0.30000E+02, 0.00000E+00
 0.22000E+02, 0.90000E+01, 0.22000E+02, 0.30000E+02, 0.00000E+00
 0.23000E+02, 0.90000E+01, 0.22000E+02, 0.30000E+02, 0.00000E+00
 0.24000E+02, 0.90000E+01, 0.22000E+02, 0.30000E+02, 0.00000E+00
 0.25000E+02, 0.90000E+01, 0.22000E+02, 0.30000E+02, 0.00000E+00
 0.26000E+02, 0.90000E+01, 0.22000E+02, 0.30000E+02, 0.00000E+00
 0.27000E+02, 0.90000E+01, 0.22000E+02, 0.30000E+02, 0.00000E+00
 0.28000E+02, 0.90000E+01, 0.22000E+02, 0.30000E+02, 0.00000E+00
 0.29000E+02, 0.90000E+01, 0.22000E+02, 0.30000E+02, 0.00000E+00
 0.30000E+02, 0.90000E+01, 0.22000E+02, 0.30000E+02, 0.00000E+00
 0.31000E+02, 0.90000E+01, 0.22000E+02, 0.30000E+02, 0.00000E+00
 0.32000E+02, 0.90000E+01, 0.22000E+02, 0.30000E+02, 0.00000E+00
 0.33000E+02, 0.90000E+01, 0.22000E+02, 0.30000E+02, 0.00000E+00
 0.34000E+02, 0.90000E+01, 0.22000E+02, 0.30000E+02, 0.00000E+00
 0.35000E+02, 0.90000E+01, 0.22000E+02, 0.30000E+02, 0.00000E+00
 0.36000E+02, 0.90000E+01, 0.22000E+02, 0.30000E+02, 0.00000E+00
 0.37000E+02, 0.90000E+01, 0.22000E+02, 0.30000E+02, 0.00000E+00
 0.38000E+02, 0.90000E+01, 0.22000E+02, 0.30000E+02, 0.00000E+00
 0.39000E+02, 0.90000E+01, 0.22000E+02, 0.30000E+02, 0.00000E+00
 0.40000E+02, 0.90000E+01, 0.22000E+02, 0.30000E+02, 0.00000E+00
 0.41000E+02, 0.90000E+01, 0.22000E+02, 0.30000E+02, 0.00000E+00
 0.42000E+02, 0.90000E+01, 0.22000E+02, 0.30000E+02, 0.00000E+00
 0.43000E+02, 0.90000E+01, 0.22000E+02, 0.30000E+02, 0.00000E+00
 0.44000E+02, 0.90000E+01, 0.22000E+02, 0.30000E+02, 0.00000E+00
 0.45000E+02, 0.90000E+01, 0.22000E+02, 0.30000E+02, 0.00000E+00
 0.46000E+02, 0.90000E+01, 0.22000E+02, 0.30000E+02, 0.00000E+00
 0.47000E+02, 0.90000E+01, 0.22000E+02, 0.30000E+02, 0.00000E+00
 0.48000E+02, 0.90000E+01, 0.22000E+02, 0.30000E+02, 0.00000E+00
 0.49000E+02, 0.90000E+01, 0.22000E+02, 0.30000E+02, 0.00000E+00
 0.50000E+02, 0.90000E+01, 0.22000E+02, 0.30000E+02, 0.00000E+00
 0.51000E+02, 0.90000E+01, 0.22000E+02, 0.30000E+02, 0.00000E+00
 0.52000E+02, 0.90000E+01, 0.22000E+02, 0.30000E+02, 0.00000E+00
 0.53000E+02, 0.90000E+01, 0.22000E+02, 0.30000E+02, 0.00000E+00
 0.54000E+02, 0.90000E+01, 0.22000E+02, 0.30000E+02, 0.00000E+00
 0.55000E+02, 0.90000E+01, 0.22000E+02, 0.30000E+02, 0.00000E+00
 0.56000E+02, 0.90000E+01, 0.22000E+02, 0.30000E+02, 0.00000E+00
 0.57000E+02, 0.90000E+01, 0.22000E+02, 0.30000E+02, 0.00000E+00
 0.58000E+02, 0.90000E+01, 0.22000E+02, 0.30000E+02, 0.00000E+00
 0.59000E+02, 0.90000E+01, 0.22000E+02, 0.30000E+02, 0.00000E+00
 0.60000E+02, 0.90000E+01, 0.22000E+02, 0.30000E+02, 0.00000E+00
 0.61000E+02, 0.90000E+01, 0.22000E+02, 0.30000E+02, 0.00000E+00
 0.62000E+02, 0.90000E+01, 0.22000E+02, 0.30000E+02, 0.00000E+00
 0.63000E+02, 0.90000E+01, 0.22000E+02, 0.30000E+02, 0.00000E+00
 0.64000E+02, 0.90000E+01, 0.22000E+02, 0.30000E+02, 0.00000E+00
 0.65000E+02, 0.90000E+01, 0.22000E+02, 0.30000E+02, 0.00000E+00
 0.00000E+00, 0.10000E+02, 0.21871E+02, 0.30000E+02, 0.00000E+00
 0.10000E+01, 0.10000E+02, 0.21970E+02, 0.30000E+02, 0.00000E+00
 0.20000E+01, 0.10000E+02, 0.21997E+02, 0.30000E+02, 0.00000E+00
 0.30000E+01, 0.10000E+02, 0.21971E+02, 0.30000E+02, 0.00000E+00
 0.40000E+01, 0.10000E+02, 0.21972E+02, 0.30000E+02, 0.00000E+00
 0.50000E+01, 0.10000E+02, 0.21989E+02, 0.30000E+02, 0.00000E+00
 0.60000E+01, 0.10000E+02, 0.21992E+02, 0.30000E+02, 0.00000E+00
 0.70000E+01, 0.10000E+02, 0.21976E+02, 0.30000E+02, 0.00000E+00
 0.80000E+01, 0.10000E+02, 0.22000E+02, 0.30000E+02, 0.00000E+00
 0.90000E+01, 0.10000E+02, 0.22000E+02, 0.30000E+02, 0.00000E+00
 0.10000E+02, 0.10000E+02, 0.22000E+02, 0.30000E+02, 0.00000E+00
 0.11000E+02, 0.10000E+02, 0.22000E+02, 0.30000E+02, 0.00000E+00
 0.12000E+02, 0.10000E+02, 0.22000E+02, 0.30000E+02, 0.00000E+00
 0.13000E+02, 0.10000E+02, 0.22000E+02, 0.30000E+02, 0.00000E+00
 0.14000E+02, 0.10000E+02, 0.22000E+02, 0.30000E+02, 0.00000E+00
 0.15000E+02, 0.10000E+02, 0.22000E+02, 0.30000E+02, 0.00000E+00
 0.16000E+02, 0.10000E+02, 0.22000E+02, 0.30000E+02, 0.00000E+00
 0.17000E+02, 0.10000E+02, 0.22000E+02, 0.30000E+02, 0.00000E+00
 0.18000E+02, 0.10000E+02, 0.22000E+02, 0.30000E+02, 0.00000E+00
 0.19000E+02, 0.10000E+02, 0.22000E+02, 0.30000E+02, 0.00000E+00
 0.20000E+02, 0.10000E+02, 0.22000E+02, 0.30000E+02, 0.00000E+00
 0.21000E+02, 0.10000E+02, 0.22000E+02, 0.30000E+02, 0.00000E+00
 0.22000E+02, 0.10000E+02, 0.22000E+02, 0.30000E+02, 0.00000E+00
 0.23000E+02, 0.10000E+02, 0.22000E+02, 0.30000E+02, 0.00000E+00
 0.24000E+02, 0.10000E+02, 0.22000E+02, 0.30000E+02, 0.00000E+00
 0.25000E+02, 0.10000E+02, 0.22000E+02, 0.30000E+02, 0.00000E+00
 0.26000E+02, 0.10000E+02, 0.22000E+02, 0.30000E+02, 0.00000E+00
 0.27000E+02, 0.10000E+02, 0.22000E+02, 0.30000E+02, 0.00000E+00
 0.28000E+02, 0.10000E+02, 0.22000E+02, 0.30000E+02, 0.00000E+00
 0.29000E+02, 0.10000E+02, 0.22000E+02, 0.30000E+02, 0.00000E+00
 0.30000E+02, 0.10000E+02, 0.22000E+02, 0.30000E+02, 0.00000E+00
 0.31000E+02, 0.10000E+02, 0.22000E+02, 0.30000E+02, 0.00000E+00
 0.32000E+02, 0.10000E+02, 0.22000E+02, 0.30000E+02, 0.00000E+00
 0.33000E+02, 0.10000E+02, 0.22000E+02, 0.30000E+02, 0.00000E+00
 0.34000E+02, 0.10000E+02, 0.22000E+02, 0.30000E+02, 0.00000E+00
 0.35000E+02, 0.10000E+02, 0.22000E+02, 0.30000E+02, 0.00000E+00
 0.36000E+02, 0.10000E+02, 0.22000E+02, 0.30000E+02, 0.00000E+00
 0.37000E+02, 0.10000E+02, 0.22000E+02, 0.30000E+02, 0.00000E+00
 0.38000E+02, 0.10000E+02, 0.22000E+02, 0.30000E+02, 0.00000E+00
 0.39000E+02, 0.10000E+02, 0.22000E+02, 0.30000E+02, 0.00000E+00
 0.40000E+02, 0.10000E+02, 0.22000E+02, 0.30000E+02, 0.00000E+00
 0.41000E+02, 0.10000E+02, 0.22000E+02, 0.30000E+02, 0.00000E+00
 0.42000E+02, 0.10000E+02, 0.22000E+02, 0.30000E+02, 0.00000E+00
 0.43000E+02, 0.10000E+02, 0.22000E+02, 0.30000E+02, 0.00000E+00
 0.44000E+02, 0.10000E+02, 0.22000E+02, 0.30000E+02, 0.00000E+00
 0.45000E+02, 0.10000E+02, 0.22000E+02, 0.30000E+02, 0.00000E+00
 0.46000E+02, 0.10000E+02, 0.22000E+02, 0.30000E+02, 0.00000E+00
 0.47000E+02, 0.10000E+02, 0.22000E+02, 0.30000E+02, 0.00000E+00
 0.48000E+02, 0.10000E+02, 0.22000E+02, 0.30000E+02, 0.00000E+00
 0.49000E+02, 0.10000E+02, 0.22000E+02, 0.30000E+02, 0.00000E+00
 0.50000E+02, 0.10000E+02, 0.22000E+02, 0.30000E+02, 0.00000E+00
 0.51000E+02, 0.10000E+02, 0.22000E+02, 0.30000E+02, 0.00000E+00
 0.52000E+02, 0.10000E+02, 0.22000E+02, 0.30000E+02, 0.00000E+00
 0.53000E+02, 0.10000E+02, 0.22000E+02, 0.30000E+02, 0.00000E+00
 0.54000E+02, 0.10000E+02, 0.22000E+02, 0.30000E+02, 0.00000E+00
 0.55000E+02, 0.10000E+02, 0.22000E+02, 0.30000E+02, 0.00000E+00
 0.56000E+02, 0.10000E+02, 0.22000E+02, 0.30000E+02, 0.00000E+00
 0.57000E+02, 0.10000E+02, 0.22000E+02, 0.30000E+02, 0.00000E+00
 0.58000E+02, 0.10000E+02, 0.22000E+02, 0.30000E+02, 0.00000E+00
 0.59000E+02, 0.10000E+02, 0.22000E+02, 0.30000E+02, 0.00000E+00
 0.60000E+02, 0.10000E+02, 0.22000E+02, 0.30000E+02, 0.00000E+00
 0.61000E+02, 0.10000E+02, 0.22000E+02, 0.30000E+02, 0.00000E+00
 0.62000E+02, 0.10000E+02, 0.22000E+02, 0.30000E+02, 0.00000E+00
 0.63000E+02, 0.10000E+02, 0.22000E+02, 0.30000E+02, 0.00000E+00
 0.64000E+02, 0.10000E+02, 0.22000E+02, 0.30000E+02, 0.00000E+00
 0.65000E+02, 0.10000E+02, 0.22000E+02, 0.30000E+02, 0.00000E+00
 0.00000E+00, 0.11000E+02, 0.21882E+02, 0.30000E+02, 0.00000E+00
 0.10000E+01, 0.11000E+02, 0.21979E+02, 0.30000E+02, 0.00000E+00
 0.20000E+01, 0.11000E+02, 0.21997E+02, 0.30000E+02, 0.00000E+00
 0.30000E+01, 0.11000E+02, 0.21970E+02, 0.30000E+02, 0.00000E+00
 0.40000E+01, 0.11000E+02, 0.21934E+02, 0.30000E+02, 0.00000E+00
 0.50000E+01, 0.11000E+02, 0.21963E+02, 0.30000E+02, 0.00000E+00
 0.60000E+01, 0.11000E+02, 0.21950E+02, 0.30000E+02, 0.00000E+00
 0.70000E+01, 0.11000E+02, 0.21961E+02, 0.30000E+02, 0.00000E+00
 0.80000E+01, 0.11000E+02, 0.22000E+02, 0.30000E+02, 0.00000E+00
 0.90000E+01, 0.11000E+02, 0.22000E+02, 0.30000E+02, 0.00000E+00
 0.10000E+02, 0.11000E+02, 0.22000E+02, 0.30000E+02, 0.00000E+00
 0.11000E+02, 0.11000E+02, 0.22000E+02, 0.30000E+02, 0.00000E+00
 0.12000E+02, 0.11000E+02, 0.22000E+02, 0.30000E+02, 0.00000E+00
 0.13000E+02, 0.11000E+02, 0.22000E+02, 0.30000E+02, 0.00000E+00
 0.14000E+02, 0.11000E+02, 0.22000E+02, 0.30000E+02, 0.00000E+00
 0.15000E+02, 0.11000E+02, 0.22000E+02, 0.30000E+02, 0.00000E+00
 0.16000E+02, 0.11000E+02, 0.22000E+02, 0.30000E+02, 0.00000E+00
 0.17000E+02, 0.11000E+02, 0.22000E+02, 0.30000E+02, 0.00000E+00
 0.18000E+02, 0.11000E+02, 0.22000E+02, 0.30000E+02, 0.00000E+00
 0.19000E+02, 0.11000E+02, 0.22000E+02, 0.30000E+02, 0.00000E+00
 0.20000E+02, 0.11000E+02, 0.22000E+02, 0.30000E+02, 0.00000E+00
 0.21000E+02, 0.11000E+02, 0.22000E+02, 0.30000E+02, 0.00000E+00
 0.22000E+02, 0.11000E+02, 0.22000E+02, 0.30000E+02, 0.00000E+00
 0.23000E+02, 0.11000E+02, 0.22000E+02, 0.30000E+02, 0.00000E+00
 0.24000E+02, 0.11000E+02, 0.22000E+02, 0.30000E+02, 0.00000E+00
 0.25000E+02, 0.11000E+02, 0.22000E+02, 0.30000E+02, 0.00000E+00
 0.26000E+02, 0.11000E+02, 0.22000E+02, 0.30000E+02, 0.00000E+00
 0.27000E+02, 0.11000E+02, 0.22000E+02, 0.30000E+02, 0.00000E+00
 0.28000E+02, 0.11000E+02, 0.22000E+02, 0.30000E+02, 0.00000E+00
 0.29000E+02, 0.11000E+02, 0.22000E+02, 0.30000E+02, 0.00000E+00
 0.30000E+02, 0.11000E+02, 0.22000E+02, 0.30000E+02, 0.00000E+00
 0.31000E+02, 0.11000E+02, 0.22000E+02, 0.30000E+02, 0.00000E+00
 0.32000E+02, 0.11000E+02, 0.22000E+02, 0.30000E+02, 0.00000E+00
 0.33000E+02, 0.11000E+02, 0.22000E+02, 0.30000E+02, 0.00000E+00
 0.34000E+02, 0.11000E+02, 0.22000E+02, 0.30000E+02, 0.00000E+00
 0.35000E+02, 0.11000E+02, 0.22000E+02, 0.30000E+02, 0.00000E+00
 0.36000E+02, 0.11000E+02, 0.22000E+02, 0.30000E+02, 0.00000E+00
 0.37000E+02, 0.11000E+02, 0.22000E+02, 0.30000E+02, 0.00000E+00
 0.38000E+02, 0.11000E+02, 0.22000E+02, 0.30000E+02, 0.00000E+00
 0.39000E+02, 0.11000E+02, 0.22000E+02, 0.30000E+02, 0.00000E+00
 0.40000E+02, 0.11000E+02, 0.22000E+02, 0.30000E+02, 0.00000E+00
 0.41000E+02, 0.11000E+02, 0.22000E+02, 0.30000E+02, 0.00000E+00
 0.42000E+02, 0.11000E+02, 0.22000E+02, 0.30000E+02, 0.00000E+00
 0.43000E+02, 0.11000E+02, 0.22000E+02, 0.30000E+02, 0.00000E+00
 0.44000E+02, 0.11000E+02, 0.22000E+02, 0.30000E+02, 0.00000E+00
 0.45000E+02, 0.11000E+02, 0.22000E+02, 0.30000E+02, 0.00000E+00
 0.46000E+02, 0.11000E+02, 0.22000E+02, 0.30000E+02, 0.00000E+00
 0.47000E+02, 0.11000E+02, 0.22000E+02, 0.30000E+02, 0.00000E+00
 0.48000E+02, 0.11000E+02, 0.22000E+02, 0.30000E+02, 0.00000E+00
 0.49000E+02, 0.11000E+02, 0.22000E+02, 0.30000E+02, 0.00000E+00
 0.50000E+02, 0.11000E+02, 0.22000E+02, 0.30000E+02, 0.00000E+00
 0.51000E+02, 0.11000E+02, 0.22000E+02, 0.30000E+02, 0.00000E+00
 0.52000E+02, 0.11000E+02, 0.22000E+02, 0.30000E+02, 0.00000E+00
 0.53000E+02, 0.11000E+02, 0.22000E+02, 0.30000E+02, 0.00000E+00
 0.54000E+02, 0.11000E+02, 0.22000E+02, 0.30000E+02, 0.00000E+00
 0.55000E+02, 0.11000E+02, 0.22000E+02, 0.30000E+02, 0.00000E+00
 0.56000E+02, 0.11000E+02, 0.22000E+02, 0.30000E+02, 0.00000E+00
 0.57000E+02, 0.11000E+02, 0.22000E+02, 0.30000E+02, 0.00000E+00
 0.58000E+02, 0.11000E+02, 0.22000E+02, 0.30000E+02, 0.00000E+00
 0.59000E+02, 0.11000E+02, 0.22000E+02, 0.30000E+02, 0.00000E+00
 0.60000E+02, 0.11000E+02, 0.22000E+02, 0.30000E+02, 0.00000E+00
 0.61000E+02, 0.11000E+02, 0.22000E+02, 0.30000E+02, 0.00000E+00
 0.62000E+02, 0.11000E+02, 0.22000E+02, 0.30000E+02, 0.00000E+00
 0.63000E+02, 0.11000E+02, 0.22000E+02, 0.30000E+02, 0.00000E+00
 0.64000E+02, 0.11000E+02, 0.22000E+02, 0.30000E+02, 0.00000E+00
 0.65000E+02, 0.11000E+02, 0.22000E+02, 0.30000E+02, 0.00000E+00
 0.00000E+00, 0.12000E+02, 0.21978E+02, 0.30000E+02, 0.00000E+00
 0.10000E+01, 0.12000E+02, 0.21989E+02, 0.30000E+02, 0.00000E+00
 0.20000E+01, 0.12000E+02, 0.21953E+02, 0.30000E+02, 0.00000E+00
 0.30000E+01, 0.12000E+02, 0.21974E+02, 0.30000E+02, 0.00000E+00
 0.40000E+01, 0.12000E+02, 0.21960E+02, 0.30000E+02, 0.00000E+00
 0.50000E+01, 0.12000E+02, 0.21950E+02, 0.30000E+02, 0.00000E+00
 0.60000E+01, 0.12000E+02, 0.21982E+02, 0.30000E+02, 0.00000E+00
 0.70000E+01, 0.12000E+02, 0.21941E+02, 0.30000E+02, 0.00000E+00
 0.80000E+01, 0.12000E+02, 0.22000E+02, 0.30000E+02, 0.00000E+00
 0.90000E+01, 0.12000E+02, 0.22000E+02, 0.30000E+02, 0.00000E+00
 0.10000E+02, 0.12000E+02, 0.22000E+02, 0.30000E+02, 0.00000E+00
 0.11000E+02, 0.12000E+02, 0.22000E+02, 0.30000E+02, 0.00000E+00
 0.12000E+02, 0.12000E+02, 0.22000E+02, 0.30000E+02, 0.00000E+00
 0.13000E+02, 0.12000E+02, 0.22000E+02, 0.30000E+02, 0.00000E+00
 0.14000E+02, 0.12000E+02, 0.22000E+02, 0.30000E+02, 0.00000E+00
 0.15000E+02, 0.12000E+02, 0.22000E+02, 0.30000E+02, 0.00000E+00
 0.16000E+02, 0.12000E+02, 0.22000E+02, 0.30000E+02, 0.00000E+00
 0.17000E+02, 0.12000E+02, 0.22000E+02, 0.30000E+02, 0.00000E+00
 0.18000E+02, 0.12000E+02, 0.22000E+02, 0.30000E+02, 0.00000E+00
 0.19000E+02, 0.12000E+02, 0.22000E+02, 0.30000E+02, 0.00000E+00
 0.20000E+02, 0.12000E+02, 0.22000E+02, 0.30000E+02, 0.00000E+00
 0.21000E+02, 0.12000E+02, 0.22000E+02, 0.30000E+02, 0.00000E+00
 0.22000E+02, 0.12000E+02, 0.22000E+02, 0.30000E+02, 0.00000E+00
 0.23000E+02, 0.12000E+02, 0.22000E+02, 0.30000E+02, 0.00000E+00
 0.24000E+02, 0.12000E+02, 0.22000E+02, 0.30000E+02, 0.00000E+00
 0.25000E+02, 0.12000E+02, 0.22000E+02, 0.30000E+02, 0.00000E+00
 0.26000E+02, 0.12000E+02, 0.22000E+02, 0.30000E+02, 0.00000E+00
 0.27000E+02, 0.12000E+02, 0.22000E+02, 0.30000E+02, 0.00000E+00
 0.28000E+02, 0.12000E+02, 0.22000E+02, 0.30000E+02, 0.00000E+00
 0.29000E+02, 0.12000E+02, 0.22000E+02, 0.30000E+02, 0.00000E+00
 0.30000E+02, 0.12000E+02, 0.22000E+02, 0.30000E+02, 0.00000E+00
 0.31000E+02, 0.12000E+02, 0.22000E+02, 0.30000E+02, 0.00000E+00
 0.32000E+02, 0.12000E+02, 0.22000E+02, 0.30000E+02, 0.00000E+00
 0.33000E+02, 0.12000E+02, 0.22000E+02, 0.30000E+02, 0.00000E+00
 0.34000E+02, 0.12000E+02, 0.22000E+02, 0.30000E+02, 0.00000E+00
 0.35000E+02, 0.12000E+02, 0.22000E+02, 0.30000E+02, 0.00000E+00
 0.36000E+02, 0.12000E+02, 0.22000E+02, 0.30000E+02, 0.00000E+00
 0.37000E+02, 0.12000E+02, 0.22000E+02, 0.30000E+02, 0.00000E+00
 0.38000E+02, 0.12000E+02, 0.22000E+02, 0.30000E+02, 0.00000E+00
 0.39000E+02, 0.12000E+02, 0.22000E+02, 0.30000E+02, 0.00000E+00
 0.40000E+02, 0.12000E+02, 0.22000E+02, 0.30000E+02, 0.00000E+00
 0.41000E+02, 0.12000E+02, 0.22000E+02, 0.30000E+02, 0.00000E+00
 0.42000E+02, 0.12000E+02, 0.22000E+02, 0.30000E+02, 0.00000E+00
 0.43000E+02, 0.12000E+02, 0.22000E+02, 0.30000E+02, 0.00000E+00
 0.44000E+02, 0.12000E+02, 0.22000E+02, 0.30000E+02, 0.00000E+00
 0.45000E+02, 0.12000E+02, 0.22000E+02, 0.30000E+02, 0.00000E+00
 0.46000E+02, 0.12000E+02, 0.22000E+02, 0.30000E+02, 0.00000E+00
 0.47000E+02, 0.12000E+02, 0.22000E+02, 0.30000E+02, 0.00000E+00
 0.48000E+02, 0.12000E+02, 0.22000E+02, 0.30000E+02, 0.00000E+00
 0.49000E+02, 0.12000E+02, 0.22000E+02, 0.30000E+02, 0.00000E+00
 0.50000E+02, 0.12000E+02, 0.22000E+02, 0.30000E+02, 0.00000E+00
 0.51000E+02, 0.12000E+02, 0.22000E+02, 0.30000E+02, 0.00000E+00
 0.52000E+02, 0.12000E+02, 0.22000E+02, 0.30000E+02, 0.00000E+00
 0.53000E+02, 0.12000E+02, 0.22000E+02, 0.30000E+02, 0.00000E+00
 0.54000E+02, 0.12000E+02, 0.22000E+02, 0.30000E+02, 0.00000E+00
 0.55000E+02, 0.12000E+02, 0.22000E+02, 0.30000E+02, 0.00000E+00
 0.56000E+02, 0.12000E+02, 0.22000E+02, 0.30000E+02, 0.00000E+00
 0.57000E+02, 0.12000E+02, 0.22000E+02, 0.30000E+02, 0.00000E+00
 0.58000E+02, 0.12000E+02, 0.22000E+02, 0.30000E+02, 0.00000E+00
 0.59000E+02, 0.12000E+02, 0.22000E+02, 0.30000E+02, 0.00000E+00
 0.60000E+02, 0.12000E+02, 0.22000E+02, 0.30000E+02, 0.00000E+00
 0.61000E+02, 0.12000E+02, 0.22000E+02, 0.30000E+02, 0.00000E+00
 0.62000E+02, 0.12000E+02, 0.22000E+02, 0.30000E+02, 0.00000E+00
 0.63000E+02, 0.12000E+02, 0.22000E+02, 0.30000E+02, 0.00000E+00
 0.64000E+02, 0.12000E+02, 0.22000E+02, 0.30000E+02, 0.00000E+00
 0.65000E+02, 0.12000E+02, 0.22000E+02, 0.30000E+02, 0.00000E+00
 0.00000E+00, 0.13000E+02, 0.21898E+02, 0.30000E+02, 0.00000E+00
 0.10000E+01, 0.13000E+02, 0.21937E+02, 0.30000E+02, 0.00000E+00
 0.20000E+01, 0.13000E+02, 0.21955E+02, 0.30000E+02, 0.00000E+00
 0.30000E+01, 0.13000E+02, 0.21955E+02, 0.30000E+02, 0.00000E+00
 0.40000E+01, 0.13000E+02, 0.21954E+02, 0.30000E+02, 0.00000E+00
 0.50000E+01, 0.13000E+02, 0.21936E+02, 0.30000E+02, 0.00000E+00
 0.60000E+01, 0.13000E+02, 0.21970E+02, 0.30000E+02, 0.00000E+00
 0.70000E+01, 0.13000E+02, 0.21968E+02, 0.30000E+02, 0.00000E+00
 0.80000E+01, 0.13000E+02, 0.22000E+02, 0.30000E+02, 0.00000E+00
 0.90000E+01, 0.13000E+02, 0.22000E+02, 0.30000E+02, 0.00000E+00
 0.10000E+02, 0.13000E+02, 0.22000E+02, 0.30000E+02, 0.00000E+00
 0.11000E+02, 0.13000E+02, 0.22000E+02, 0.30000E+02, 0.00000E+00
 0.12000E+02, 0.13000E+02, 0.22000E+02, 0.30000E+02, 0.00000E+00
 0.13000E+02, 0.13000E+02, 0.22000E+02, 0.30000E+02, 0.00000E+00
 0.14000E+02, 0.13000E+02, 0.22000E+02, 0.30000E+02, 0.00000E+00
 0.15000E+02, 0.13000E+02, 0.22000E+02, 0.30000E+02, 0.00000E+00
 0.16000E+02, 0.13000E+02, 0.22000E+02, 0.30000E+02, 0.00000E+00
 0.17000E+02, 0.13000E+02, 0.22000E+02, 0.30000E+02, 0.00000E+00
 0.18000E+02, 0.13000E+02, 0.22000E+02, 0.30000E+02, 0.00000E+00
 0.19000E+02, 0.13000E+02, 0.22000E+02, 0.30000E+02, 0.00000E+00
 0.20000E+02, 0.13000E+02, 0.22000E+02, 0.30000E+02, 0.00000E+00
 0.21000E+02, 0.13000E+02, 0.22000E+02, 0.30000E+02, 0.00000E+00
 0.22000E+02, 0.13000E+02, 0.22000E+02, 0.30000E+02, 0.00000E+00
 0.23000E+02, 0.13000E+02, 0.22000E+02, 0.30000E+02, 0.00000E+00
 0.24000E+02, 0.13000E+02, 0.22000E+02, 0.30000E+02, 0.00000E+00
 0.25000E+02, 0.13000E+02, 0.22000E+02, 0.30000E+02, 0.00000E+00
 0.26000E+02, 0.13000E+02, 0.22000E+02, 0.30000E+02, 0.00000E+00
 0.27000E+02, 0.13000E+02, 0.22000E+02, 0.30000E+02, 0.00000E+00
 0.28000E+02, 0.13000E+02, 0.22000E+02, 0.30000E+02, 0.00000E+00
 0.29000E+02, 0.13000E+02, 0.22000E+02, 0.30000E+02, 0.00000E+00
 0.30000E+02, 0.13000E+02, 0.22000E+02, 0.30000E+02, 0.00000E+00
 0.31000E+02, 0.13000E+02, 0.22000E+02, 0.30000E+02, 0.00000E+00
 0.32000E+02, 0.13000E+02, 0.22000E+02, 0.30000E+02, 0.00000E+00
 0.33000E+02, 0.13000E+02, 0.22000E+02, 0.30000E+02, 0.00000E+00
 0.34000E+02, 0.13000E+02, 0.22000E+02, 0.30000E+02, 0.00000E+00
 0.35000E+02, 0.13000E+02, 0.22000E+02, 0.30000E+02, 0.00000E+00
 0.36000E+02, 0.13000E+02, 0.22000E+02, 0.30000E+02, 0.00000E+00
 0.37000E+02, 0.13000E+02, 0.22000E+02, 0.30000E+02, 0.00000E+00
 0.38000E+02, 0.13000E+02, 0.22000E+02, 0.30000E+02, 0.00000E+00
 0.39000E+02, 0.13000E+02, 0.22000E+02, 0.30000E+02, 0.00000E+00
 0.40000E+02, 0.13000E+02, 0.22000E+02, 0.30000E+02, 0.00000E+00
 0.41000E+02, 0.13000E+02, 0.22000E+02, 0.30000E+02, 0.00000E+00
 0.42000E+02, 0.13000E+02, 0.22000E+02, 0.30000E+02, 0.00000E+00
 0.43000E+02, 0.13000E+02, 0.22000E+02, 0.30000E+02, 0.00000E+00
 0.44000E+02, 0.13000E+02, 0.22000E+02, 0.30000E+02, 0.00000E+00
 0.45000E+02, 0.13000E+02, 0.22000E+02, 0.30000E+02, 0.00000E+00
 0.46000E+02, 0.13000E+02, 0.22000E+02, 0.30000E+02, 0.00000E+00
 0.47000E+02, 0.13000E+02, 0.22000E+02, 0.30000E+02, 0.00000E+00
 0.48000E+02, 0.13000E+02, 0.22000E+02, 0.30000E+02, 0.00000E+00
 0.49000E+02, 0.13000E+02, 0.22000E+02, 0.30000E+02, 0.00000E+00
 0.50000E+02, 0.13000E+02, 0.22000E+02, 0.30000E+02, 0.00000E+00
 0.51000E+02, 0.13000E+02, 0.22000E+02, 0.30000E+02, 0.00000E+00
 0.52000E+02, 0.13000E+02, 0.22000E+02, 0.30000E+02, 0.00000E+00
 0.53000E+02, 0.13000E+02, 0.22000E+02, 0.30000E+02, 0.00000E+00
 0.54000E+02, 0.13000E+02, 0.22000E+02, 0.30000E+02, 0.00000E+00
 0.55000E+02, 0.13000E+02, 0.22000E+02, 0.30000E+02, 0.00000E+00
 0.56000E+02, 0.13000E+02, 0.22000E+02, 0.30000E+02, 0.00000E+00
 0.57000E+02, 0.13000E+02, 0.22000E+02, 0.30000E+02, 0.00000E+00
 0.58000E+02, 0.13000E+02, 0.22000E+02, 0.30000E+02, 0.00000E+00
 0.59000E+02, 0.13000E+02, 0.22000E+02, 0.30000E+02, 0.00000E+00
 0.60000E+02, 0.13000E+02, 0.22000E+02, 0.30000E+02, 0.00000E+00
 0.61000E+02, 0.13000E+02, 0.22000E+02, 0.30000E+02, 0.00000E+00
 0.62000E+02, 0.13000E+02, 0.22000E+02, 0.30000E+02, 0.00000E+00
 0.63000E+02, 0.13000E+02, 0.22000E+02, 0.30000E+02, 0.00000E+00
 0.64000E+02, 0.13000E+02, 0.22000E+02, 0.30000E+02, 0.00000E+00
 0.65000E+02, 0.13000E+02, 0.22000E+02, 0.30000E+02, 0.00000E+00
 0.00000E+00, 0.14000E+02, 0.21804E+02, 0.30000E+02, 0.00000E+00
 0.10000E+01, 0.14000E+02, 0.21969E+02, 0.30000E+02, 0.00000E+00
 0.20000E+01, 0.14000E+02, 0.21986E+02, 0.30000E+02, 0.00000E+00
 0.30000E+01, 0.14000E+02, 0.21954E+02, 0.30000E+02, 0.00000E+00
 0.40000E+01, 0.14000E+02, 0.21928E+02, 0.30000E+02, 0.00000E+00
 0.50000E+01, 0.14000E+02, 0.21939E+02, 0.30000E+02, 0.00000E+00
 0.60000E+01, 0.14000E+02, 0.21934E+02, 0.30000E+02, 0.00000E+00
 0.70000E+01, 0.14000E+02, 0.21933E+02, 0.30000E+02, 0.00000E+00
 0.80000E+01, 0.14000E+02, 0.22000E+02, 0.30000E+02, 0.00000E+00
 0.90000E+01, 0.14000E+02, 0.22000E+02, 0.30000E+02, 0.00000E+00
 0.10000E+02, 0.14000E+02, 0.22000E+02, 0.30000E+02, 0.00000E+00
 0.11000E+02, 0.14000E+02, 0.22000E+02, 0.30000E+02, 0.00000E+00
 0.12000E+02, 0.14000E+02, 0.22000E+02, 0.30000E+02, 0.00000E+00
 0.13000E+02, 0.14000E+02, 0.22000E+02, 0.30000E+02, 0.00000E+00
 0.14000E+02, 0.14000E+02, 0.22000E+02, 0.30000E+02, 0.00000E+00
 0.15000E+02, 0.14000E+02, 0.22000E+02, 0.30000E+02, 0.00000E+00
 0.16000E+02, 0.14000E+02, 0.22000E+02, 0.30000E+02, 0.00000E+00
 0.17000E+02, 0.14000E+02, 0.22000E+02, 0.30000E+02, 0.00000E+00
 0.18000E+02, 0.14000E+02, 0.22000E+02, 0.30000E+02, 0.00000E+00
 0.19000E+02, 0.14000E+02, 0.22000E+02, 0.30000E+02, 0.00000E+00
 0.20000E+02, 0.14000E+02, 0.22000E+02, 0.30000E+02, 0.00000E+00
 0.21000E+02, 0.14000E+02, 0.22000E+02, 0.30000E+02, 0.00000E+00
 0.22000E+02, 0.14000E+02, 0.22000E+02, 0.30000E+02, 0.00000E+00
 0.23000E+02, 0.14000E+02, 0.22000E+02, 0.30000E+02, 0.00000E+00
 0.24000E+02, 0.14000E+02, 0.22000E+02, 0.30000E+02, 0.00000E+00
 0.25000E+02, 0.14000E+02, 0.22000E+02, 0.30000E+02, 0.00000E+00
 0.26000E+02, 0.14000E+02, 0.22000E+02, 0.30000E+02, 0.00000E+00
 0.27000E+02, 0.14000E+02, 0.22000E+02, 0.30000E+02, 0.00000E+00
 0.28000E+02, 0.14000E+02, 0.22000E+02, 0.30000E+02, 0.00000E+00
 0.29000E+02, 0.14000E+02, 0.22000E+02, 0.30000E+02, 0.00000E+00
 0.30000E+02, 0.14000E+02, 0.22000E+02, 0.30000E+02, 0.00000E+00
 0.31000E+02, 0.14000E+02, 0.22000E+02, 0.30000E+02, 0.00000E+00
 0.32000E+02, 0.14000E+02, 0.22000E+02, 0.30000E+02, 0.00000E+00
 0.33000E+02, 0.14000E+02, 0.22000E+02, 0.30000E+02, 0.00000E+00
 0.34000E+02, 0.14000E+02, 0.22000E+02, 0.30000E+02, 0.00000E+00
 0.35000E+02, 0.14000E+02, 0.22000E+02, 0.30000E+02, 0.00000E+00
 0.36000E+02, 0.14000E+02, 0.22000E+02, 0.30000E+02, 0.00000E+00
 0.37000E+02, 0.14000E+02, 0.22000E+02, 0.30000E+02, 0.00000E+00
 0.38000E+02, 0.14000E+02, 0.22000E+02, 0.30000E+02, 0.00000E+00
 0.39000E+02, 0.14000E+02, 0.22000E+02, 0.30000E+02, 0.00000E+00
 0.40000E+02, 0.14000E+02, 0.22000E+02, 0.30000E+02, 0.00000E+00
 0.41000E+02, 0.14000E+02, 0.22000E+02, 0.30000E+02, 0.00000E+00
 0.42000E+02, 0.14000E+02, 0.22000E+02, 0.30000E+02, 0.00000E+00
 0.43000E+02, 0.14000E+02, 0.22000E+02, 0.30000E+02, 0.00000E+00
 0.44000E+02, 0.14000E+02, 0.22000E+02, 0.30000E+02, 0.00000E+00
 0.45000E+02, 0.14000E+02, 0.22000E+02, 0.30000E+02, 0.00000E+00
 0.46000E+02, 0.14000E+02, 0.22000E+02, 0.30000E+02, 0.00000E+00
 0.47000E+02, 0.14000E+02, 0.22000E+02, 0.30000E+02, 0.00000E+00
 0.48000E+02, 0.14000E+02, 0.22000E+02, 0.30000E+02, 0.00000E+00
 0.49000E+02, 0.14000E+02, 0.22000E+02, 0.30000E+02, 0.00000E+00
 0.50000E+02, 0.14000E+02, 0.22000E+02, 0.30000E+02, 0.00000E+00
 0.51000E+02, 0.14000E+02, 0.22000E+02, 0.30000E+02, 0.00000E+00
 0.52000E+02, 0.14000E+02, 0.22000E+02, 0.30000E+02, 0.00000E+00
 0.53000E+02, 0.14000E+02, 0.22000E+02, 0.30000E+02, 0.00000E+00
 0.54000E+02, 0.14000E+02, 0.22000E+02, 0.30000E+02, 0.00000E+00
 0.55000E+02, 0.14000E+02, 0.22000E+02, 0.30000E+02, 0.00000E+00
 0.56000E+02, 0.14000E+02, 0.22000E+02, 0.30000E+02, 0.00000E+00
 0.57000E+02, 0.14000E+02, 0.22000E+02, 0.30000E+02, 0.00000E+00
 0.58000E+02, 0.14000E+02, 0.22000E+02, 0.30000E+02, 0.00000E+00
 0.59000E+02, 0.14000E+02, 0.22000E+02, 0.30000E+02, 0.00000E+00
 0.60000E+02, 0.14000E+02, 0.22000E+02, 0.30000E+02, 0.00000E+00
 0.61000E+02, 0.14000E+02, 0.22000E+02, 0.30000E+02, 0.00000E+00
 0.62000E+02, 0.14000E+02, 0.22000E+02, 0.30000E+02, 0.00000E+00
 0.63000E+02, 0.14000E+02, 0.22000E+02, 0.30000E+02, 0.00000E+00
 0.64000E+02, 0.14000E+02, 0.22000E+02, 0.30000E+02, 0.00000E+00
 0.65000E+02, 0.14000E+02, 0.22000E+02, 0.30000E+02, 0.00000E+00
 0.00000E+00, 0.15000E+02, 0.21914E+02, 0.30000E+02, 0.00000E+00
 0.10000E+01, 0.15000E+02, 0.22088E+02, 0.30000E+02, 0.00000E+00
 0.20000E+01, 0.15000E+02, 0.21943E+02, 0.30000E+02, 0.00000E+00
 0.30000E+01, 0.15000E+02, 0.21864E+02, 0.30000E+02, 0.00000E+00
 0.40000E+01, 0.15000E+02, 0.21950E+02, 0.30000E+02, 0.00000E+00
 0.50000E+01, 0.15000E+02, 0.22001E+02, 0.30000E+02, 0.00000E+00
 0.60000E+01, 0.15000E+02, 0.21988E+02, 0.30000E+02, 0.00000E+00
 0.70000E+01, 0.15000E+02, 0.21931E+02, 0.30000E+02, 0.00000E+00
 0.80000E+01, 0.15000E+02, 0.22000E+02, 0.30000E+02, 0.00000E+00
 0.90000E+01, 0.15000E+02, 0.22000E+02, 0.30000E+02, 0.00000E+00
 0.10000E+02, 0.15000E+02, 0.22000E+02, 0.30000E+02, 0.00000E+00
 0.11000E+02, 0.15000E+02, 0.22000E+02, 0.30000E+02, 0.00000E+00
 0.12000E+02, 0.15000E+02, 0.22000E+02, 0.30000E+02, 0.00000E+00
 0.13000E+02, 0.15000E+02, 0.22000E+02, 0.30000E+02, 0.00000E+00
 0.14000E+02, 0.15000E+02, 0.22000E+02, 0.30000E+02, 0.00000E+00
 0.15000E+02, 0.15000E+02, 0.22000E+02, 0.30000E+02, 0.00000E+00
 0.16000E+02, 0.15000E+02, 0.22000E+02, 0.30000E+02, 0.00000E+00
 0.17000E+02, 0.15000E+02, 0.22000E+02, 0.30000E+02, 0.00000E+00
 0.18000E+02, 0.15000E+02, 0.22000E+02, 0.30000E+02, 0.00000E+00
 0.19000E+02, 0.15000E+02, 0.22000E+02, 0.30000E+02, 0.00000E+00
 0.20000E+02, 0.15000E+02, 0.22000E+02, 0.30000E+02, 0.00000E+00
 0.21000E+02, 0.15000E+02, 0.22000E+02, 0.30000E+02, 0.00000E+00
 0.22000E+02, 0.15000E+02, 0.22000E+02, 0.30000E+02, 0.00000E+00
 0.23000E+02, 0.15000E+02, 0.22000E+02, 0.30000E+02, 0.00000E+00
 0.24000E+02, 0.15000E+02, 0.22000E+02, 0.30000E+02, 0.00000E+00
 0.25000E+02, 0.15000E+02, 0.22000E+02, 0.30000E+02, 0.00000E+00
 0.26000E+02, 0.15000E+02, 0.22000E+02, 0.30000E+02, 0.00000E+00
 0.27000E+02, 0.15000E+02, 0.22000E+02, 0.30000E+02, 0.00000E+00
 0.28000E+02, 0.15000E+02, 0.22000E+02, 0.30000E+02, 0.00000E+00
 0.29000E+02, 0.15000E+02, 0.22000E+02, 0.30000E+02, 0.00000E+00
 0.30000E+02, 0.15000E+02, 0.22000E+02, 0.30000E+02, 0.00000E+00
 0.31000E+02, 0.15000E+02, 0.22000E+02, 0.30000E+02, 0.00000E+00
 0.32000E+02, 0.15000E+02, 0.22000E+02, 0.30000E+02, 0.00000E+00
 0.33000E+02, 0.15000E+02, 0.22000E+02, 0.30000E+02, 0.00000E+00
 0.34000E+02, 0.15000E+02, 0.22000E+02, 0.30000E+02, 0.00000E+00
 0.35000E+02, 0.15000E+02, 0.22000E+02, 0.30000E+02, 0.00000E+00
 0.36000E+02, 0.15000E+02, 0.22000E+02, 0.30000E+02, 0.00000E+00
 0.37000E+02, 0.15000E+02, 0.22000E+02, 0.30000E+02, 0.00000E+00
 0.38000E+02, 0.15000E+02, 0.22000E+02, 0.30000E+02, 0.00000E+00
 0.39000E+02, 0.15000E+02, 0.22000E+02, 0.30000E+02, 0.00000E+00
 0.40000E+02, 0.15000E+02, 0.22000E+02, 0.30000E+02, 0.00000E+00
 0.41000E+02, 0.15000E+02, 0.22000E+02, 0.30000E+02, 0.00000E+00
 0.42000E+02, 0.15000E+02, 0.22000E+02, 0.30000E+02, 0.00000E+00
 0.43000E+02, 0.15000E+02, 0.22000E+02, 0.30000E+02, 0.00000E+00
 0.44000E+02, 0.15000E+02, 0.22000E+02, 0.30000E+02, 0.00000E+00
 0.45000E+02, 0.15000E+02, 0.22000E+02, 0.30000E+02, 0.00000E+00
 0.46000E+02, 0.15000E+02, 0.22000E+02, 0.30000E+02, 0.00000E+00
 0.47000E+02, 0.15000E+02, 0.22000E+02, 0.30000E+02, 0.00000E+00
 0.48000E+02, 0.15000E+02, 0.22000E+02, 0.30000E+02, 0.00000E+00
 0.49000E+02, 0.15000E+02, 0.22000E+02, 0.30000E+02, 0.00000E+00
 0.50000E+02, 0.15000E+02, 0.22000E+02, 0.30000E+02, 0.00000E+00
 0.51000E+02, 0.15000E+02, 0.22000E+02, 0.30000E+02, 0.00000E+00
 0.52000E+02, 0.15000E+02, 0.22000E+02, 0.30000E+02, 0.00000E+00
 0.53000E+02, 0.15000E+02, 0.22000E+02, 0.30000E+02, 0.00000E+00
 0.54000E+02, 0.15000E+02, 0.22000E+02, 0.30000E+02, 0.00000E+00
 0.55000E+02, 0.15000E+02, 0.22000E+02, 0.30000E+02, 0.00000E+00
 0.56000E+02, 0.15000E+02, 0.22000E+02, 0.30000E+02, 0.00000E+00
 0.57000E+02, 0.15000E+02, 0.22000E+02, 0.30000E+02, 0.00000E+00
 0.58000E+02, 0.15000E+02, 0.22000E+02, 0.30000E+02, 0.00000E+00
 0.59000E+02, 0.15000E+02, 0.22000E+02, 0.30000E+02, 0.00000E+00
 0.60000E+02, 0.15000E+02, 0.22000E+02, 0.30000E+02, 0.00000E+00
 0.61000E+02, 0.15000E+02, 0.22000E+02, 0.30000E+02, 0.00000E+00
 0.62000E+02, 0.15000E+02, 0.22000E+02, 0.30000E+02, 0.00000E+00
 0.63000E+02, 0.15000E+02, 0.22000E+02, 0.30000E+02, 0.00000E+00
 0.64000E+02, 0.15000E+02, 0.22000E+02, 0.30000E+02, 0.00000E+00
 0.65000E+02, 0.15000E+02, 0.22000E+02, 0.30000E+02, 0.00000E+00
 0.00000E+00, 0.16000E+02, 0.21895E+02, 0.30000E+02, 0.00000E+00
 0.10000E+01, 0.16000E+02, 0.21952E+02, 0.30000E+02, 0.00000E+00
 0.20000E+01, 0.16000E+02, 0.21987E+02, 0.30000E+02, 0.00000E+00
 0.30000E+01, 0.16000E+02, 0.21956E+02, 0.30000E+02, 0.00000E+00
 0.40000E+01, 0.16000E+02, 0.21953E+02, 0.30000E+02, 0.00000E+00
 0.50000E+01, 0.16000E+02, 0.21945E+02, 0.30000E+02, 0.00000E+00
 0.60000E+01, 0.16000E+02, 0.21914E+02, 0.30000E+02, 0.00000E+00
 0.70000E+01, 0.16000E+02, 0.21906E+02, 0.30000E+02, 0.00000E+00
 0.80000E+01, 0.16000E+02, 0.22000E+02, 0.30000E+02, 0.00000E+00
 0.90000E+01, 0.16000E+02, 0.22000E+02, 0.30000E+02, 0.00000E+00
 0.10000E+02, 0.16000E+02, 0.22000E+02, 0.30000E+02, 0.00000E+00
 0.11000E+02, 0.16000E+02, 0.22000E+02, 0.30000E+02, 0.00000E+00
 0.12000E+02, 0.16000E+02, 0.22000E+02, 0.30000E+02, 0.00000E+00
 0.13000E+02, 0.16000E+02, 0.22000E+02, 0.30000E+02, 0.00000E+00
 0.14000E+02, 0.16000E+02, 0.22000E+02, 0.30000E+02, 0.00000E+00
 0.15000E+02, 0.16000E+02, 0.22000E+02, 0.30000E+02, 0.00000E+00
 0.16000E+02, 0.16000E+02, 0.22000E+02, 0.30000E+02, 0.00000E+00
 0.17000E+02, 0.16000E+02, 0.22000E+02, 0.30000E+02, 0.00000E+00
 0.18000E+02, 0.16000E+02, 0.22000E+02, 0.30000E+02, 0.00000E+00
 0.19000E+02, 0.16000E+02, 0.22000E+02, 0.30000E+02, 0.00000E+00
 0.20000E+02, 0.16000E+02, 0.22000E+02, 0.30000E+02, 0.00000E+00
 0.21000E+02, 0.16000E+02, 0.22000E+02, 0.30000E+02, 0.00000E+00
 0.22000E+02, 0.16000E+02, 0.22000E+02, 0.30000E+02, 0.00000E+00
 0.23000E+02, 0.16000E+02, 0.22000E+02, 0.30000E+02, 0.00000E+00
 0.24000E+02, 0.16000E+02, 0.22000E+02, 0.30000E+02, 0.00000E+00
 0.25000E+02, 0.16000E+02, 0.22000E+02, 0.30000E+02, 0.00000E+00
 0.26000E+02, 0.16000E+02, 0.22000E+02, 0.30000E+02, 0.00000E+00
 0.27000E+02, 0.16000E+02, 0.22000E+02, 0.30000E+02, 0.00000E+00
 0.28000E+02, 0.16000E+02, 0.22000E+02, 0.30000E+02, 0.00000E+00
 0.29000E+02, 0.16000E+02, 0.22000E+02, 0.30000E+02, 0.00000E+00
 0.30000E+02, 0.16000E+02, 0.22000E+02, 0.30000E+02, 0.00000E+00
 0.31000E+02, 0.16000E+02, 0.22000E+02, 0.30000E+02, 0.00000E+00
 0.32000E+02, 0.16000E+02, 0.22000E+02, 0.30000E+02, 0.00000E+00
 0.33000E+02, 0.16000E+02, 0.22000E+02, 0.30000E+02, 0.00000E+00
 0.34000E+02, 0.16000E+02, 0.22000E+02, 0.30000E+02, 0.00000E+00
 0.35000E+02, 0.16000E+02, 0.22000E+02, 0.30000E+02, 0.00000E+00
 0.36000E+02, 0.16000E+02, 0.22000E+02, 0.30000E+02, 0.00000E+00
 0.37000E+02, 0.16000E+02, 0.22000E+02, 0.30000E+02, 0.00000E+00
 0.38000E+02, 0.16000E+02, 0.22000E+02, 0.30000E+02, 0.00000E+00
 0.39000E+02, 0.16000E+02, 0.22000E+02, 0.30000E+02, 0.00000E+00
 0.40000E+02, 0.16000E+02, 0.22000E+02, 0.30000E+02, 0.00000E+00
 0.41000E+02, 0.16000E+02, 0.22000E+02, 0.30000E+02, 0.00000E+00
 0.42000E+02, 0.16000E+02, 0.22000E+02, 0.30000E+02, 0.00000E+00
 0.43000E+02, 0.16000E+02, 0.22000E+02, 0.30000E+02, 0.00000E+00
 0.44000E+02, 0.16000E+02, 0.22000E+02, 0.30000E+02, 0.00000E+00
 0.45000E+02, 0.16000E+02, 0.22000E+02, 0.30000E+02, 0.00000E+00
 0.46000E+02, 0.16000E+02, 0.22000E+02, 0.30000E+02, 0.00000E+00
 0.47000E+02, 0.16000E+02, 0.22000E+02, 0.30000E+02, 0.00000E+00
 0.48000E+02, 0.16000E+02, 0.22000E+02, 0.30000E+02, 0.00000E+00
 0.49000E+02, 0.16000E+02, 0.22000E+02, 0.30000E+02, 0.00000E+00
 0.50000E+02, 0.16000E+02, 0.22000E+02, 0.30000E+02, 0.00000E+00
 0.51000E+02, 0.16000E+02, 0.22000E+02, 0.30000E+02, 0.00000E+00
 0.52000E+02, 0.16000E+02, 0.22000E+02, 0.30000E+02, 0.00000E+00
 0.53000E+02, 0.16000E+02, 0.22000E+02, 0.30000E+02, 0.00000E+00
 0.54000E+02, 0.16000E+02, 0.22000E+02, 0.30000E+02, 0.00000E+00
 0.55000E+02, 0.16000E+02, 0.22000E+02, 0.30000E+02, 0.00000E+00
 0.56000E+02, 0.16000E+02, 0.22000E+02, 0.30000E+02, 0.00000E+00
 0.57000E+02, 0.16000E+02, 0.22000E+02, 0.30000E+02, 0.00000E+00
 0.58000E+02, 0.16000E+02, 0.22000E+02, 0.30000E+02, 0.00000E+00
 0.59000E+02, 0.16000E+02, 0.22000E+02, 0.30000E+02, 0.00000E+00
 0.60000E+02, 0.16000E+02, 0.22000E+02, 0.30000E+02, 0.00000E+00
 0.61000E+02, 0.16000E+02, 0.22000E+02, 0.30000E+02, 0.00000E+00
 0.62000E+02, 0.16000E+02, 0.22000E+02, 0.30000E+02, 0.00000E+00
 0.63000E+02, 0.16000E+02, 0.22000E+02, 0.30000E+02, 0.00000E+00
 0.64000E+02, 0.16000E+02, 0.22000E+02, 0.30000E+02, 0.00000E+00
 0.65000E+02, 0.16000E+02, 0.22000E+02, 0.30000E+02, 0.00000E+00
 0.00000E+00, 0.17000E+02, 0.22022E+02, 0.30000E+02, 0.00000E+00
 0.10000E+01, 0.17000E+02, 0.21914E+02, 0.30000E+02, 0.00000E+00
 0.20000E+01, 0.17000E+02, 0.21951E+02, 0.30000E+02, 0.00000E+00
 0.30000E+01, 0.17000E+02, 0.21950E+02, 0.30000E+02, 0.00000E+00
 0.40000E+01, 0.17000E+02, 0.21967E+02, 0.30000E+02, 0.00000E+00
 0.50000E+01, 0.17000E+02, 0.21919E+02, 0.30000E+02, 0.00000E+00
 0.60000E+01, 0.17000E+02, 0.21901E+02, 0.30000E+02, 0.00000E+00
 0.70000E+01, 0.17000E+02, 0.21928E+02, 0.30000E+02, 0.00000E+00
 0.80000E+01, 0.17000E+02, 0.22000E+02, 0.30000E+02, 0.00000E+00
 0.90000E+01, 0.17000E+02, 0.22000E+02, 0.30000E+02, 0.00000E+00
 0.10000E+02, 0.17000E+02, 0.22000E+02, 0.30000E+02, 0.00000E+00
 0.11000E+02, 0.17000E+02, 0.22000E+02, 0.30000E+02, 0.00000E+00
 0.12000E+02, 0.17000E+02, 0.22000E+02, 0.30000E+02, 0.00000E+00
 0.13000E+02, 0.17000E+02, 0.22000E+02, 0.30000E+02, 0.00000E+00
 0.14000E+02, 0.17000E+02, 0.22000E+02, 0.30000E+02, 0.00000E+00
 0.15000E+02, 0.17000E+02, 0.22000E+02, 0.30000E+02, 0.00000E+00
 0.16000E+02, 0.17000E+02, 0.22000E+02, 0.30000E+02, 0.00000E+00
 0.17000E+02, 0.17000E+02, 0.22000E+02, 0.30000E+02, 0.00000E+00
 0.18000E+02, 0.17000E+02, 0.22000E+02, 0.30000E+02, 0.00000E+00
 0.19000E+02, 0.17000E+02, 0.22000E+02, 0.30000E+02, 0.00000E+00
 0.20000E+02, 0.17000E+02, 0.22000E+02, 0.30000E+02, 0.00000E+00
 0.21000E+02, 0.17000E+02, 0.22000E+02, 0.30000E+02, 0.00000E+00
 0.22000E+02, 0.17000E+02, 0.22000E+02, 0.30000E+02, 0.00000E+00
 0.23000E+02, 0.17000E+02, 0.22000E+02, 0.30000E+02, 0.00000E+00
 0.24000E+02, 0.17000E+02, 0.22000E+02, 0.30000E+02, 0.00000E+00
 0.25000E+02, 0.17000E+02, 0.22000E+02, 0.30000E+02, 0.00000E+00
 0.26000E+02, 0.17000E+02, 0.22000E+02, 0.30000E+02, 0.00000E+00
 0.27000E+02, 0.17000E+02, 0.22000E+02, 0.30000E+02, 0.00000E+00
 0.28000E+02, 0.17000E+02, 0.22000E+02, 0.30000E+02, 0.00000E+00
 0.29000E+02, 0.17000E+02, 0.22000E+02, 0.30000E+02, 0.00000E+00
 0.30000E+02, 0.17000E+02, 0.22000E+02, 0.30000E+02, 0.00000E+00
 0.31000E+02, 0.17000E+02, 0.22000E+02, 0.30000E+02, 0.00000E+00
 0.32000E+02, 0.17000E+02, 0.22000E+02, 0.30000E+02, 0.00000E+00
 0.33000E+02, 0.17000E+02, 0.22000E+02, 0.30000E+02, 0.00000E+00
 0.34000E+02, 0.17000E+02, 0.22000E+02, 0.30000E+02, 0.00000E+00
 0.35000E+02, 0.17000E+02, 0.22000E+02, 0.30000E+02, 0.00000E+00
 0.36000E+02, 0.17000E+02, 0.22000E+02, 0.30000E+02, 0.00000E+00
 0.37000E+02, 0.17000E+02, 0.22000E+02, 0.30000E+02, 0.00000E+00
 0.38000E+02, 0.17000E+02, 0.22000E+02, 0.30000E+02, 0.00000E+00
 0.39000E+02, 0.17000E+02, 0.22000E+02, 0.30000E+02, 0.00000E+00
 0.40000E+02, 0.17000E+02, 0.22000E+02, 0.30000E+02, 0.00000E+00
 0.41000E+02, 0.17000E+02, 0.22000E+02, 0.30000E+02, 0.00000E+00
 0.42000E+02, 0.17000E+02, 0.22000E+02, 0.30000E+02, 0.00000E+00
 0.43000E+02, 0.17000E+02, 0.22000E+02, 0.30000E+02, 0.00000E+00
 0.44000E+02, 0.17000E+02, 0.22000E+02, 0.30000E+02, 0.00000E+00
 0.45000E+02, 0.17000E+02, 0.22000E+02, 0.30000E+02, 0.00000E+00
 0.46000E+02, 0.17000E+02, 0.22000E+02, 0.30000E+02, 0.00000E+00
 0.47000E+02, 0.17000E+02, 0.22000E+02, 0.30000E+02, 0.00000E+00
 0.48000E+02, 0.17000E+02, 0.22000E+02, 0.30000E+02, 0.00000E+00
 0.49000E+02, 0.17000E+02, 0.22000E+02, 0.30000E+02, 0.00000E+00
 0.50000E+02, 0.17000E+02, 0.22000E+02, 0.30000E+02, 0.00000E+00
 0.51000E+02, 0.17000E+02, 0.22000E+02, 0.30000E+02, 0.00000E+00
 0.52000E+02, 0.17000E+02, 0.22000E+02, 0.30000E+02, 0.00000E+00
 0.53000E+02, 0.17000E+02, 0.22000E+02, 0.30000E+02, 0.00000E+00
 0.54000E+02, 0.17000E+02, 0.22000E+02, 0.30000E+02, 0.00000E+00
 0.55000E+02, 0.17000E+02, 0.22000E+02, 0.30000E+02, 0.00000E+00
 0.56000E+02, 0.17000E+02, 0.22000E+02, 0.30000E+02, 0.00000E+00
 0.57000E+02, 0.17000E+02, 0.22000E+02, 0.30000E+02, 0.00000E+00
 0.58000E+02, 0.17000E+02, 0.22000E+02, 0.30000E+02, 0.00000E+00
 0.59000E+02, 0.17000E+02, 0.22000E+02, 0.30000E+02, 0.00000E+00
 0.60000E+02, 0.17000E+02, 0.22000E+02, 0.30000E+02, 0.00000E+00
 0.61000E+02, 0.17000E+02, 0.22000E+02, 0.30000E+02, 0.00000E+00
 0.62000E+02, 0.17000E+02, 0.22000E+02, 0.30000E+02, 0.00000E+00
 0.63000E+02, 0.17000E+02, 0.22000E+02, 0.30000E+02, 0.00000E+00
 0.64000E+02, 0.17000E+02, 0.22000E+02, 0.30000E+02, 0.00000E+00
 0.65000E+02, 0.17000E+02, 0.22000E+02, 0.30000E+02, 0.00000E+00
 0.00000E+00, 0.18000E+02, 0.21953E+02, 0.30000E+02, 0.00000E+00
 0.10000E+01, 0.18000E+02, 0.21983E+02, 0.30000E+02, 0.00000E+00
 0.20000E+01, 0.18000E+02, 0.21947E+02, 0.30000E+02, 0.00000E+00
 0.30000E+01, 0.18000E+02, 0.21958E+02, 0.30000E+02, 0.00000E+00
 0.40000E+01, 0.18000E+02, 0.21967E+02, 0.30000E+02, 0.00000E+00
 0.50000E+01, 0.18000E+02, 0.21937E+02, 0.30000E+02, 0.00000E+00
 0.60000E+01, 0.18000E+02, 0.21941E+02, 0.30000E+02, 0.00000E+00
 0.70000E+01, 0.18000E+02, 0.21920E+02, 0.30000E+02, 0.00000E+00
 0.80000E+01, 0.18000E+02, 0.22000E+02, 0.30000E+02, 0.00000E+00
 0.90000E+01, 0.18000E+02, 0.22000E+02, 0.30000E+02, 0.00000E+00
 0.10000E+02, 0.18000E+02, 0.22000E+02, 0.30000E+02, 0.00000E+00
 0.11000E+02, 0.18000E+02, 0.22000E+02, 0.30000E+02, 0.00000E+00
 0.12000E+02, 0.18000E+02, 0.22000E+02, 0.30000E+02, 0.00000E+00
 0.13000E+02, 0.18000E+02, 0.22000E+02, 0.30000E+02, 0.00000E+00
 0.14000E+02, 0.18000E+02, 0.22000E+02, 0.30000E+02, 0.00000E+00
 0.15000E+02, 0.18000E+02, 0.22000E+02, 0.30000E+02, 0.00000E+00
 0.16000E+02, 0.18000E+02, 0.22000E+02, 0.30000E+02, 0.00000E+00
 0.17000E+02, 0.18000E+02, 0.22000E+02, 0.30000E+02, 0.00000E+00
 0.18000E+02, 0.18000E+02, 0.22000E+02, 0.30000E+02, 0.00000E+00
 0.19000E+02, 0.18000E+02, 0.22001E+02, 0.30000E+02, 0.00000E+00
 0.20000E+02, 0.18000E+02, 0.22000E+02, 0.30000E+02, 0.00000E+00
 0.21000E+02, 0.18000E+02, 0.22000E+02, 0.30000E+02, 0.00000E+00
 0.22000E+02, 0.18000E+02, 0.22001E+02, 0.30000E+02, 0.00000E+00
 0.23000E+02, 0.18000E+02, 0.22002E+02, 0.30000E+02, 0.00000E+00
 0.24000E+02, 0.18000E+02, 0.22002E+02, 0.30000E+02, 0.00000E+00
 0.25000E+02, 0.18000E+02, 0.22003E+02, 0.30000E+02, 0.00000E+00
 0.26000E+02, 0.18000E+02, 0.22003E+02, 0.30000E+02, 0.00000E+00
 0.27000E+02, 0.18000E+02, 0.22000E+02, 0.30000E+02, 0.00000E+00
 0.28000E+02, 0.18000E+02, 0.22000E+02, 0.30000E+02, 0.00000E+00
 0.29000E+02, 0.18000E+02, 0.22000E+02, 0.30000E+02, 0.00000E+00
 0.30000E+02, 0.18000E+02, 0.22002E+02, 0.30000E+02, 0.00000E+00
 0.31000E+02, 0.18000E+02, 0.22002E+02, 0.30000E+02, 0.00000E+00
 0.32000E+02, 0.18000E+02, 0.22002E+02, 0.30000E+02, 0.00000E+00
 0.33000E+02, 0.18000E+02, 0.22000E+02, 0.30000E+02, 0.00000E+00
 0.34000E+02, 0.18000E+02, 0.22003E+02, 0.30000E+02, 0.00000E+00
 0.35000E+02, 0.18000E+02, 0.22000E+02, 0.30000E+02, 0.00000E+00
 0.36000E+02, 0.18000E+02, 0.22003E+02, 0.30000E+02, 0.00000E+00
 0.37000E+02, 0.18000E+02, 0.22003E+02, 0.30000E+02, 0.00000E+00
 0.38000E+02, 0.18000E+02, 0.22000E+02, 0.30000E+02, 0.00000E+00
 0.39000E+02, 0.18000E+02, 0.22004E+02, 0.30000E+02, 0.00000E+00
 0.40000E+02, 0.18000E+02, 0.22000E+02, 0.30000E+02, 0.00000E+00
 0.41000E+02, 0.18000E+02, 0.22002E+02, 0.30000E+02, 0.00000E+00
 0.42000E+02, 0.18000E+02, 0.22001E+02, 0.30000E+02, 0.00000E+00
 0.43000E+02, 0.18000E+02, 0.22000E+02, 0.30000E+02, 0.00000E+00
 0.44000E+02, 0.18000E+02, 0.22000E+02, 0.30000E+02, 0.00000E+00
 0.45000E+02, 0.18000E+02, 0.22001E+02, 0.30000E+02, 0.00000E+00
 0.46000E+02, 0.18000E+02, 0.22004E+02, 0.30000E+02, 0.00000E+00
 0.47000E+02, 0.18000E+02, 0.22001E+02, 0.30000E+02, 0.00000E+00
 0.48000E+02, 0.18000E+02, 0.22000E+02, 0.30000E+02, 0.00000E+00
 0.49000E+02, 0.18000E+02, 0.22001E+02, 0.30000E+02, 0.00000E+00
 0.50000E+02, 0.18000E+02, 0.22003E+02, 0.30000E+02, 0.00000E+00
 0.51000E+02, 0.18000E+02, 0.22000E+02, 0.30000E+02, 0.00000E+00
 0.52000E+02, 0.18000E+02, 0.22001E+02, 0.30000E+02, 0.00000E+00
 0.53000E+02, 0.18000E+02, 0.22002E+02, 0.30000E+02, 0.00000E+00
 0.54000E+02, 0.18000E+02, 0.22001E+02, 0.30000E+02, 0.00000E+00
 0.55000E+02, 0.18000E+02, 0.22001E+02, 0.30000E+02, 0.00000E+00
 0.56000E+02, 0.18000E+02, 0.22000E+02, 0.30000E+02, 0.00000E+00
 0.57000E+02, 0.18000E+02, 0.22001E+02, 0.30000E+02, 0.00000E+00
 0.58000E+02, 0.18000E+02, 0.22001E+02, 0.30000E+02, 0.00000E+00
 0.59000E+02, 0.18000E+02, 0.22000E+02, 0.30000E+02, 0.00000E+00
 0.60000E+02, 0.18000E+02, 0.22000E+02, 0.30000E+02, 0.00000E+00
 0.61000E+02, 0.18000E+02, 0.22000E+02, 0.30000E+02, 0.00000E+00
 0.62000E+02, 0.18000E+02, 0.22000E+02, 0.30000E+02, 0.00000E+00
 0.63000E+02, 0.18000E+02, 0.22000E+02, 0.30000E+02, 0.00000E+00
 0.64000E+02, 0.18000E+02, 0.22000E+02, 0.30000E+02, 0.00000E+00
 0.65000E+02, 0.18000E+02, 0.22000E+02, 0.30000E+02, 0.00000E+00
 0.00000E+00, 0.19000E+02, 0.21754E+02, 0.30000E+02, 0.00000E+00
 0.10000E+01, 0.19000E+02, 0.22005E+02, 0.30000E+02, 0.00000E+00
 0.20000E+01, 0.19000E+02, 0.21991E+02, 0.30000E+02, 0.00000E+00
 0.30000E+01, 0.19000E+02, 0.21999E+02, 0.30000E+02, 0.00000E+00
 0.40000E+01, 0.19000E+02, 0.21949E+02, 0.30000E+02, 0.00000E+00
 0.50000E+01, 0.19000E+02, 0.22046E+02, 0.30000E+02, 0.00000E+00
 0.60000E+01, 0.19000E+02, 0.21913E+02, 0.30000E+02, 0.00000E+00
 0.70000E+01, 0.19000E+02, 0.22050E+02, 0.30000E+02, 0.00000E+00
 0.80000E+01, 0.19000E+02, 0.22000E+02, 0.30000E+02, 0.00000E+00
 0.90000E+01, 0.19000E+02, 0.22000E+02, 0.30000E+02, 0.00000E+00
 0.10000E+02, 0.19000E+02, 0.22000E+02, 0.30000E+02, 0.00000E+00
 0.11000E+02, 0.19000E+02, 0.22000E+02, 0.30000E+02, 0.00000E+00
 0.12000E+02, 0.19000E+02, 0.22001E+02, 0.30000E+02, 0.00000E+00
 0.13000E+02, 0.19000E+02, 0.22000E+02, 0.30000E+02, 0.00000E+00
 0.14000E+02, 0.19000E+02, 0.22000E+02, 0.30000E+02, 0.00000E+00
 0.15000E+02, 0.19000E+02, 0.22000E+02, 0.30000E+02, 0.00000E+00
 0.16000E+02, 0.19000E+02, 0.22000E+02, 0.30000E+02, 0.00000E+00
 0.17000E+02, 0.19000E+02, 0.22000E+02, 0.30000E+02, 0.00000E+00
 0.18000E+02, 0.19000E+02, 0.22171E+02, 0.30000E+02, 0.00000E+00
 0.19000E+02, 0.19000E+02, 0.21733E+02, 0.30000E+02, 0.00000E+00
 0.20000E+02, 0.19000E+02, 0.21729E+02, 0.30000E+02, 0.00000E+00
 0.21000E+02, 0.19000E+02, 0.21688E+02, 0.30000E+02, 0.00000E+00
 0.22000E+02, 0.19000E+02, 0.21693E+02, 0.30000E+02, 0.00000E+00
 0.23000E+02, 0.19000E+02, 0.21661E+02, 0.30000E+02, 0.00000E+00
 0.24000E+02, 0.19000E+02, 0.21659E+02, 0.30000E+02, 0.00000E+00
 0.25000E+02, 0.19000E+02, 0.21686E+02, 0.30000E+02, 0.00000E+00
 0.26000E+02, 0.19000E+02, 0.21708E+02, 0.30000E+02, 0.00000E+00
 0.27000E+02, 0.19000E+02, 0.21714E+02, 0.30000E+02, 0.00000E+00
 0.28000E+02, 0.19000E+02, 0.21754E+02, 0.30000E+02, 0.00000E+00
 0.29000E+02, 0.19000E+02, 0.22128E+02, 0.30000E+02, 0.00000E+00
 0.30000E+02, 0.19000E+02, 0.21415E+02, 0.30000E+02, 0.00000E+00
 0.31000E+02, 0.19000E+02, 0.21402E+02, 0.30000E+02, 0.00000E+00
 0.32000E+02, 0.19000E+02, 0.21448E+02, 0.30000E+02, 0.00000E+00
 0.33000E+02, 0.19000E+02, 0.21443E+02, 0.30000E+02, 0.00000E+00
 0.34000E+02, 0.19000E+02, 0.21464E+02, 0.30000E+02, 0.00000E+00
 0.35000E+02, 0.19000E+02, 0.21468E+02, 0.30000E+02, 0.00000E+00
 0.36000E+02, 0.19000E+02, 0.21519E+02, 0.30000E+02, 0.00000E+00
 0.37000E+02, 0.19000E+02, 0.21604E+02, 0.30000E+02, 0.00000E+00
 0.38000E+02, 0.19000E+02, 0.21570E+02, 0.30000E+02, 0.00000E+00
 0.39000E+02, 0.19000E+02, 0.21474E+02, 0.30000E+02, 0.00000E+00
 0.40000E+02, 0.19000E+02, 0.21455E+02, 0.30000E+02, 0.00000E+00
 0.41000E+02, 0.19000E+02, 0.21447E+02, 0.30000E+02, 0.00000E+00
 0.42000E+02, 0.19000E+02, 0.21457E+02, 0.30000E+02, 0.00000E+00
 0.43000E+02, 0.19000E+02, 0.21455E+02, 0.30000E+02, 0.00000E+00
 0.44000E+02, 0.19000E+02, 0.21503E+02, 0.30000E+02, 0.00000E+00
 0.45000E+02, 0.19000E+02, 0.21591E+02, 0.30000E+02, 0.00000E+00
 0.46000E+02, 0.19000E+02, 0.21606E+02, 0.30000E+02, 0.00000E+00
 0.47000E+02, 0.19000E+02, 0.21445E+02, 0.30000E+02, 0.00000E+00
 0.48000E+02, 0.19000E+02, 0.21629E+02, 0.30000E+02, 0.00000E+00
 0.49000E+02, 0.19000E+02, 0.21628E+02, 0.30000E+02, 0.00000E+00
 0.50000E+02, 0.19000E+02, 0.21598E+02, 0.30000E+02, 0.00000E+00
 0.51000E+02, 0.19000E+02, 0.21595E+02, 0.30000E+02, 0.00000E+00
 0.52000E+02, 0.19000E+02, 0.21617E+02, 0.30000E+02, 0.00000E+00
 0.53000E+02, 0.19000E+02, 0.21585E+02, 0.30000E+02, 0.00000E+00
 0.54000E+02, 0.19000E+02, 0.21650E+02, 0.30000E+02, 0.00000E+00
 0.55000E+02, 0.19000E+02, 0.21613E+02, 0.30000E+02, 0.00000E+00
 0.56000E+02, 0.19000E+02, 0.21687E+02, 0.30000E+02, 0.00000E+00
 0.57000E+02, 0.19000E+02, 0.21682E+02, 0.30000E+02, 0.00000E+00
 0.58000E+02, 0.19000E+02, 0.21698E+02, 0.30000E+02, 0.00000E+00
 0.59000E+02, 0.19000E+02, 0.22000E+02, 0.30000E+02, 0.00000E+00
 0.60000E+02, 0.19000E+02, 0.22000E+02, 0.30000E+02, 0.00000E+00
 0.61000E+02, 0.19000E+02, 0.22000E+02, 0.30000E+02, 0.00000E+00
 0.62000E+02, 0.19000E+02, 0.22000E+02, 0.30000E+02, 0.00000E+00
 0.63000E+02, 0.19000E+02, 0.22000E+02, 0.30000E+02, 0.00000E+00
 0.64000E+02, 0.19000E+02, 0.22000E+02, 0.30000E+02, 0.00000E+00
 0.65000E+02, 0.19000E+02, 0.22000E+02, 0.30000E+02, 0.00000E+00
 0.00000E+00, 0.20000E+02, 0.21669E+02, 0.30000E+02, 0.00000E+00
 0.10000E+01, 0.20000E+02, 0.21926E+02, 0.30000E+02, 0.00000E+00
 0.20000E+01, 0.20000E+02, 0.21958E+02, 0.30000E+02, 0.00000E+00
 0.30000E+01, 0.20000E+02, 0.21918E+02, 0.30000E+02, 0.00000E+00
 0.40000E+01, 0.20000E+02, 0.21945E+02, 0.30000E+02, 0.00000E+00
 0.50000E+01, 0.20000E+02, 0.21890E+02, 0.30000E+02, 0.00000E+00
 0.60000E+01, 0.20000E+02, 0.21933E+02, 0.30000E+02, 0.00000E+00
 0.70000E+01, 0.20000E+02, 0.21931E+02, 0.30000E+02, 0.00000E+00
 0.80000E+01, 0.20000E+02, 0.22000E+02, 0.30000E+02, 0.00000E+00
 0.90000E+01, 0.20000E+02, 0.22000E+02, 0.30000E+02, 0.00000E+00
 0.10000E+02, 0.20000E+02, 0.22000E+02, 0.30000E+02, 0.00000E+00
 0.11000E+02, 0.20000E+02, 0.22000E+02, 0.30000E+02, 0.00000E+00
 0.12000E+02, 0.20000E+02, 0.22020E+02, 0.30000E+02, 0.00000E+00
 0.13000E+02, 0.20000E+02, 0.22000E+02, 0.30000E+02, 0.00000E+00
 0.14000E+02, 0.20000E+02, 0.22000E+02, 0.30000E+02, 0.00000E+00
 0.15000E+02, 0.20000E+02, 0.22000E+02, 0.30000E+02, 0.00000E+00
 0.16000E+02, 0.20000E+02, 0.22000E+02, 0.30000E+02, 0.00000E+00
 0.17000E+02, 0.20000E+02, 0.22000E+02, 0.30000E+02, 0.00000E+00
 0.18000E+02, 0.20000E+02, 0.22133E+02, 0.30000E+02, 0.00000E+00
 0.19000E+02, 0.20000E+02, 0.22000E+02, 0.30000E+02, 0.00000E+00
 0.20000E+02, 0.20000E+02, 0.22000E+02, 0.30000E+02, 0.00000E+00
 0.21000E+02, 0.20000E+02, 0.22000E+02, 0.30000E+02, 0.00000E+00
 0.22000E+02, 0.20000E+02, 0.22000E+02, 0.30000E+02, 0.00000E+00
 0.23000E+02, 0.20000E+02, 0.22000E+02, 0.30000E+02, 0.00000E+00
 0.24000E+02, 0.20000E+02, 0.22000E+02, 0.30000E+02, 0.00000E+00
 0.25000E+02, 0.20000E+02, 0.22000E+02, 0.30000E+02, 0.00000E+00
 0.26000E+02, 0.20000E+02, 0.22000E+02, 0.30000E+02, 0.00000E+00
 0.27000E+02, 0.20000E+02, 0.22000E+02, 0.30000E+02, 0.00000E+00
 0.28000E+02, 0.20000E+02, 0.22000E+02, 0.30000E+02, 0.00000E+00
 0.29000E+02, 0.20000E+02, 0.22385E+02, 0.30000E+02, 0.00000E+00
 0.30000E+02, 0.20000E+02, 0.21999E+02, 0.30000E+02, 0.00000E+00
 0.31000E+02, 0.20000E+02, 0.22000E+02, 0.30000E+02, 0.00000E+00
 0.32000E+02, 0.20000E+02, 0.22000E+02, 0.30000E+02, 0.00000E+00
 0.33000E+02, 0.20000E+02, 0.22000E+02, 0.30000E+02, 0.00000E+00
 0.34000E+02, 0.20000E+02, 0.22000E+02, 0.30000E+02, 0.00000E+00
 0.35000E+02, 0.20000E+02, 0.22000E+02, 0.30000E+02, 0.00000E+00
 0.36000E+02, 0.20000E+02, 0.22000E+02, 0.30000E+02, 0.00000E+00
 0.37000E+02, 0.20000E+02, 0.22000E+02, 0.30000E+02, 0.00000E+00
 0.38000E+02, 0.20000E+02, 0.22000E+02, 0.30000E+02, 0.00000E+00
 0.39000E+02, 0.20000E+02, 0.22000E+02, 0.30000E+02, 0.00000E+00
 0.40000E+02, 0.20000E+02, 0.22000E+02, 0.30000E+02, 0.00000E+00
 0.41000E+02, 0.20000E+02, 0.22000E+02, 0.30000E+02, 0.00000E+00
 0.42000E+02, 0.20000E+02, 0.22000E+02, 0.30000E+02, 0.00000E+00
 0.43000E+02, 0.20000E+02, 0.22000E+02, 0.30000E+02, 0.00000E+00
 0.44000E+02, 0.20000E+02, 0.22000E+02, 0.30000E+02, 0.00000E+00
 0.45000E+02, 0.20000E+02, 0.22000E+02, 0.30000E+02, 0.00000E+00
 0.46000E+02, 0.20000E+02, 0.22000E+02, 0.30000E+02, 0.00000E+00
 0.47000E+02, 0.20000E+02, 0.21850E+02, 0.30000E+02, 0.00000E+00
 0.48000E+02, 0.20000E+02, 0.22000E+02, 0.30000E+02, 0.00000E+00
 0.49000E+02, 0.20000E+02, 0.22000E+02, 0.30000E+02, 0.00000E+00
 0.50000E+02, 0.20000E+02, 0.22000E+02, 0.30000E+02, 0.00000E+00
 0.51000E+02, 0.20000E+02, 0.22000E+02, 0.30000E+02, 0.00000E+00
 0.52000E+02, 0.20000E+02, 0.22000E+02, 0.30000E+02, 0.00000E+00
 0.53000E+02, 0.20000E+02, 0.22000E+02, 0.30000E+02, 0.00000E+00
 0.54000E+02, 0.20000E+02, 0.22000E+02, 0.30000E+02, 0.00000E+00
 0.55000E+02, 0.20000E+02, 0.22000E+02, 0.30000E+02, 0.00000E+00
 0.56000E+02, 0.20000E+02, 0.22000E+02, 0.30000E+02, 0.00000E+00
 0.57000E+02, 0.20000E+02, 0.22000E+02, 0.30000E+02, 0.00000E+00
 0.58000E+02, 0.20000E+02, 0.22000E+02, 0.30000E+02, 0.00000E+00
 0.59000E+02, 0.20000E+02, 0.22000E+02, 0.30000E+02, 0.00000E+00
 0.60000E+02, 0.20000E+02, 0.22000E+02, 0.30000E+02, 0.00000E+00
 0.61000E+02, 0.20000E+02, 0.22000E+02, 0.30000E+02, 0.00000E+00
 0.62000E+02, 0.20000E+02, 0.22000E+02, 0.30000E+02, 0.00000E+00
 0.63000E+02, 0.20000E+02, 0.22000E+02, 0.30000E+02, 0.00000E+00
 0.64000E+02, 0.20000E+02, 0.22000E+02, 0.30000E+02, 0.00000E+00
 0.65000E+02, 0.20000E+02, 0.22000E+02, 0.30000E+02, 0.00000E+00
 0.00000E+00, 0.21000E+02, 0.21898E+02, 0.30000E+02, 0.00000E+00
 0.10000E+01, 0.21000E+02, 0.21963E+02, 0.30000E+02, 0.00000E+00
 0.20000E+01, 0.21000E+02, 0.21919E+02, 0.30000E+02, 0.00000E+00
 0.30000E+01, 0.21000E+02, 0.21896E+02, 0.30000E+02, 0.00000E+00
 0.40000E+01, 0.21000E+02, 0.21904E+02, 0.30000E+02, 0.00000E+00
 0.50000E+01, 0.21000E+02, 0.21920E+02, 0.30000E+02, 0.00000E+00
 0.60000E+01, 0.21000E+02, 0.21931E+02, 0.30000E+02, 0.00000E+00
 0.70000E+01, 0.21000E+02, 0.21907E+02, 0.30000E+02, 0.00000E+00
 0.80000E+01, 0.21000E+02, 0.22000E+02, 0.30000E+02, 0.00000E+00
 0.90000E+01, 0.21000E+02, 0.22000E+02, 0.30000E+02, 0.00000E+00
 0.10000E+02, 0.21000E+02, 0.22000E+02, 0.30000E+02, 0.00000E+00
 0.11000E+02, 0.21000E+02, 0.22000E+02, 0.30000E+02, 0.00000E+00
 0.12000E+02, 0.21000E+02, 0.22017E+02, 0.30000E+02, 0.00000E+00
 0.13000E+02, 0.21000E+02, 0.22000E+02, 0.30000E+02, 0.00000E+00
 0.14000E+02, 0.21000E+02, 0.22000E+02, 0.30000E+02, 0.00000E+00
 0.15000E+02, 0.21000E+02, 0.22000E+02, 0.30000E+02, 0.00000E+00
 0.16000E+02, 0.21000E+02, 0.22000E+02, 0.30000E+02, 0.00000E+00
 0.17000E+02, 0.21000E+02, 0.22000E+02, 0.30000E+02, 0.00000E+00
 0.18000E+02, 0.21000E+02, 0.22111E+02, 0.30000E+02, 0.00000E+00
 0.19000E+02, 0.21000E+02, 0.21999E+02, 0.30000E+02, 0.00000E+00
 0.20000E+02, 0.21000E+02, 0.22000E+02, 0.30000E+02, 0.00000E+00
 0.21000E+02, 0.21000E+02, 0.22000E+02, 0.30000E+02, 0.00000E+00
 0.22000E+02, 0.21000E+02, 0.22000E+02, 0.30000E+02, 0.00000E+00
 0.23000E+02, 0.21000E+02, 0.22000E+02, 0.30000E+02, 0.00000E+00
 0.24000E+02, 0.21000E+02, 0.22000E+02, 0.30000E+02, 0.00000E+00
 0.25000E+02, 0.21000E+02, 0.22000E+02, 0.30000E+02, 0.00000E+00
 0.26000E+02, 0.21000E+02, 0.22000E+02, 0.30000E+02, 0.00000E+00
 0.27000E+02, 0.21000E+02, 0.22000E+02, 0.30000E+02, 0.00000E+00
 0.28000E+02, 0.21000E+02, 0.22000E+02, 0.30000E+02, 0.00000E+00
 0.29000E+02, 0.21000E+02, 0.22381E+02, 0.30000E+02, 0.00000E+00
 0.30000E+02, 0.21000E+02, 0.22000E+02, 0.30000E+02, 0.00000E+00
 0.31000E+02, 0.21000E+02, 0.22000E+02, 0.30000E+02, 0.00000E+00
 0.32000E+02, 0.21000E+02, 0.22000E+02, 0.30000E+02, 0.00000E+00
 0.33000E+02, 0.21000E+02, 0.22000E+02, 0.30000E+02, 0.00000E+00
 0.34000E+02, 0.21000E+02, 0.22000E+02, 0.30000E+02, 0.00000E+00
 0.35000E+02, 0.21000E+02, 0.22000E+02, 0.30000E+02, 0.00000E+00
 0.36000E+02, 0.21000E+02, 0.22000E+02, 0.30000E+02, 0.00000E+00
 0.37000E+02, 0.21000E+02, 0.22000E+02, 0.30000E+02, 0.00000E+00
 0.38000E+02, 0.21000E+02, 0.22000E+02, 0.30000E+02, 0.00000E+00
 0.39000E+02, 0.21000E+02, 0.22000E+02, 0.30000E+02, 0.00000E+00
 0.40000E+02, 0.21000E+02, 0.22000E+02, 0.30000E+02, 0.00000E+00
 0.41000E+02, 0.21000E+02, 0.22000E+02, 0.30000E+02, 0.00000E+00
 0.42000E+02, 0.21000E+02, 0.22000E+02, 0.30000E+02, 0.00000E+00
 0.43000E+02, 0.21000E+02, 0.22000E+02, 0.30000E+02, 0.00000E+00
 0.44000E+02, 0.21000E+02, 0.22000E+02, 0.30000E+02, 0.00000E+00
 0.45000E+02, 0.21000E+02, 0.22000E+02, 0.30000E+02, 0.00000E+00
 0.46000E+02, 0.21000E+02, 0.22000E+02, 0.30000E+02, 0.00000E+00
 0.47000E+02, 0.21000E+02, 0.21807E+02, 0.30000E+02, 0.00000E+00
 0.48000E+02, 0.21000E+02, 0.22000E+02, 0.30000E+02, 0.00000E+00
 0.49000E+02, 0.21000E+02, 0.22000E+02, 0.30000E+02, 0.00000E+00
 0.50000E+02, 0.21000E+02, 0.22000E+02, 0.30000E+02, 0.00000E+00
 0.51000E+02, 0.21000E+02, 0.22000E+02, 0.30000E+02, 0.00000E+00
 0.52000E+02, 0.21000E+02, 0.22000E+02, 0.30000E+02, 0.00000E+00
 0.53000E+02, 0.21000E+02, 0.22000E+02, 0.30000E+02, 0.00000E+00
 0.54000E+02, 0.21000E+02, 0.22000E+02, 0.30000E+02, 0.00000E+00
 0.55000E+02, 0.21000E+02, 0.22000E+02, 0.30000E+02, 0.00000E+00
 0.56000E+02, 0.21000E+02, 0.22000E+02, 0.30000E+02, 0.00000E+00
 0.57000E+02, 0.21000E+02, 0.22000E+02, 0.30000E+02, 0.00000E+00
 0.58000E+02, 0.21000E+02, 0.22000E+02, 0.30000E+02, 0.00000E+00
 0.59000E+02, 0.21000E+02, 0.22000E+02, 0.30000E+02, 0.00000E+00
 0.60000E+02, 0.21000E+02, 0.22000E+02, 0.30000E+02, 0.00000E+00
 0.61000E+02, 0.21000E+02, 0.22000E+02, 0.30000E+02, 0.00000E+00
 0.62000E+02, 0.21000E+02, 0.22000E+02, 0.30000E+02, 0.00000E+00
 0.63000E+02, 0.21000E+02, 0.22000E+02, 0.30000E+02, 0.00000E+00
 0.64000E+02, 0.21000E+02, 0.22000E+02, 0.30000E+02, 0.00000E+00
 0.65000E+02, 0.21000E+02, 0.22000E+02, 0.30000E+02, 0.00000E+00
 0.00000E+00, 0.22000E+02, 0.21888E+02, 0.30000E+02, 0.00000E+00
 0.10000E+01, 0.22000E+02, 0.21959E+02, 0.30000E+02, 0.00000E+00
 0.20000E+01, 0.22000E+02, 0.21938E+02, 0.30000E+02, 0.00000E+00
 0.30000E+01, 0.22000E+02, 0.21929E+02, 0.30000E+02, 0.00000E+00
 0.40000E+01, 0.22000E+02, 0.21922E+02, 0.30000E+02, 0.00000E+00
 0.50000E+01, 0.22000E+02, 0.21920E+02, 0.30000E+02, 0.00000E+00
 0.60000E+01, 0.22000E+02, 0.21943E+02, 0.30000E+02, 0.00000E+00
 0.70000E+01, 0.22000E+02, 0.21923E+02, 0.30000E+02, 0.00000E+00
 0.80000E+01, 0.22000E+02, 0.22000E+02, 0.30000E+02, 0.00000E+00
 0.90000E+01, 0.22000E+02, 0.22000E+02, 0.30000E+02, 0.00000E+00
 0.10000E+02, 0.22000E+02, 0.22000E+02, 0.30000E+02, 0.00000E+00
 0.11000E+02, 0.22000E+02, 0.21999E+02, 0.30000E+02, 0.00000E+00
 0.12000E+02, 0.22000E+02, 0.21897E+02, 0.30000E+02, 0.00000E+00
 0.13000E+02, 0.22000E+02, 0.22000E+02, 0.30000E+02, 0.00000E+00
 0.14000E+02, 0.22000E+02, 0.22000E+02, 0.30000E+02, 0.00000E+00
 0.15000E+02, 0.22000E+02, 0.22000E+02, 0.30000E+02, 0.00000E+00
 0.16000E+02, 0.22000E+02, 0.22000E+02, 0.30000E+02, 0.00000E+00
 0.17000E+02, 0.22000E+02, 0.22000E+02, 0.30000E+02, 0.00000E+00
 0.18000E+02, 0.22000E+02, 0.22103E+02, 0.30000E+02, 0.00000E+00
 0.19000E+02, 0.22000E+02, 0.22000E+02, 0.30000E+02, 0.00000E+00
 0.20000E+02, 0.22000E+02, 0.22000E+02, 0.30000E+02, 0.00000E+00
 0.21000E+02, 0.22000E+02, 0.22000E+02, 0.30000E+02, 0.00000E+00
 0.22000E+02, 0.22000E+02, 0.22000E+02, 0.30000E+02, 0.00000E+00
 0.23000E+02, 0.22000E+02, 0.22000E+02, 0.30000E+02, 0.00000E+00
 0.24000E+02, 0.22000E+02, 0.22000E+02, 0.30000E+02, 0.00000E+00
 0.25000E+02, 0.22000E+02, 0.22000E+02, 0.30000E+02, 0.00000E+00
 0.26000E+02, 0.22000E+02, 0.22000E+02, 0.30000E+02, 0.00000E+00
 0.27000E+02, 0.22000E+02, 0.22000E+02, 0.30000E+02, 0.00000E+00
 0.28000E+02, 0.22000E+02, 0.22000E+02, 0.30000E+02, 0.00000E+00
 0.29000E+02, 0.22000E+02, 0.22330E+02, 0.30000E+02, 0.00000E+00
 0.30000E+02, 0.22000E+02, 0.21999E+02, 0.30000E+02, 0.00000E+00
 0.31000E+02, 0.22000E+02, 0.22000E+02, 0.30000E+02, 0.00000E+00
 0.32000E+02, 0.22000E+02, 0.22000E+02, 0.30000E+02, 0.00000E+00
 0.33000E+02, 0.22000E+02, 0.22000E+02, 0.30000E+02, 0.00000E+00
 0.34000E+02, 0.22000E+02, 0.22000E+02, 0.30000E+02, 0.00000E+00
 0.35000E+02, 0.22000E+02, 0.22000E+02, 0.30000E+02, 0.00000E+00
 0.36000E+02, 0.22000E+02, 0.22000E+02, 0.30000E+02, 0.00000E+00
 0.37000E+02, 0.22000E+02, 0.22000E+02, 0.30000E+02, 0.00000E+00
 0.38000E+02, 0.22000E+02, 0.22000E+02, 0.30000E+02, 0.00000E+00
 0.39000E+02, 0.22000E+02, 0.22000E+02, 0.30000E+02, 0.00000E+00
 0.40000E+02, 0.22000E+02, 0.22000E+02, 0.30000E+02, 0.00000E+00
 0.41000E+02, 0.22000E+02, 0.22000E+02, 0.30000E+02, 0.00000E+00
 0.42000E+02, 0.22000E+02, 0.22000E+02, 0.30000E+02, 0.00000E+00
 0.43000E+02, 0.22000E+02, 0.22000E+02, 0.30000E+02, 0.00000E+00
 0.44000E+02, 0.22000E+02, 0.22000E+02, 0.30000E+02, 0.00000E+00
 0.45000E+02, 0.22000E+02, 0.22000E+02, 0.30000E+02, 0.00000E+00
 0.46000E+02, 0.22000E+02, 0.22000E+02, 0.30000E+02, 0.00000E+00
 0.47000E+02, 0.22000E+02, 0.21774E+02, 0.30000E+02, 0.00000E+00
 0.48000E+02, 0.22000E+02, 0.22001E+02, 0.30000E+02, 0.00000E+00
 0.49000E+02, 0.22000E+02, 0.22000E+02, 0.30000E+02, 0.00000E+00
 0.50000E+02, 0.22000E+02, 0.22000E+02, 0.30000E+02, 0.00000E+00
 0.51000E+02, 0.22000E+02, 0.22000E+02, 0.30000E+02, 0.00000E+00
 0.52000E+02, 0.22000E+02, 0.22000E+02, 0.30000E+02, 0.00000E+00
 0.53000E+02, 0.22000E+02, 0.22000E+02, 0.30000E+02, 0.00000E+00
 0.54000E+02, 0.22000E+02, 0.22000E+02, 0.30000E+02, 0.00000E+00
 0.55000E+02, 0.22000E+02, 0.22000E+02, 0.30000E+02, 0.00000E+00
 0.56000E+02, 0.22000E+02, 0.22000E+02, 0.30000E+02, 0.00000E+00
 0.57000E+02, 0.22000E+02, 0.22000E+02, 0.30000E+02, 0.00000E+00
 0.58000E+02, 0.22000E+02, 0.22000E+02, 0.30000E+02, 0.00000E+00
 0.59000E+02, 0.22000E+02, 0.22000E+02, 0.30000E+02, 0.00000E+00
 0.60000E+02, 0.22000E+02, 0.22000E+02, 0.30000E+02, 0.00000E+00
 0.61000E+02, 0.22000E+02, 0.22000E+02, 0.30000E+02, 0.00000E+00
 0.62000E+02, 0.22000E+02, 0.22000E+02, 0.30000E+02, 0.00000E+00
 0.63000E+02, 0.22000E+02, 0.22000E+02, 0.30000E+02, 0.00000E+00
 0.64000E+02, 0.22000E+02, 0.22000E+02, 0.30000E+02, 0.00000E+00
 0.65000E+02, 0.22000E+02, 0.22000E+02, 0.30000E+02, 0.00000E+00
 0.00000E+00, 0.23000E+02, 0.21858E+02, 0.30000E+02, 0.00000E+00
 0.10000E+01, 0.23000E+02, 0.21967E+02, 0.30000E+02, 0.00000E+00
 0.20000E+01, 0.23000E+02, 0.21981E+02, 0.30000E+02, 0.00000E+00
 0.30000E+01, 0.23000E+02, 0.21961E+02, 0.30000E+02, 0.00000E+00
 0.40000E+01, 0.23000E+02, 0.21911E+02, 0.30000E+02, 0.00000E+00
 0.50000E+01, 0.23000E+02, 0.21920E+02, 0.30000E+02, 0.00000E+00
 0.60000E+01, 0.23000E+02, 0.21949E+02, 0.30000E+02, 0.00000E+00
 0.70000E+01, 0.23000E+02, 0.21924E+02, 0.30000E+02, 0.00000E+00
 0.80000E+01, 0.23000E+02, 0.22000E+02, 0.30000E+02, 0.00000E+00
 0.90000E+01, 0.23000E+02, 0.22000E+02, 0.30000E+02, 0.00000E+00
 0.10000E+02, 0.23000E+02, 0.22000E+02, 0.30000E+02, 0.00000E+00
 0.11000E+02, 0.23000E+02, 0.22000E+02, 0.30000E+02, 0.00000E+00
 0.12000E+02, 0.23000E+02, 0.22000E+02, 0.30000E+02, 0.00000E+00
 0.13000E+02, 0.23000E+02, 0.22000E+02, 0.30000E+02, 0.00000E+00
 0.14000E+02, 0.23000E+02, 0.22000E+02, 0.30000E+02, 0.00000E+00
 0.15000E+02, 0.23000E+02, 0.22000E+02, 0.30000E+02, 0.00000E+00
 0.16000E+02, 0.23000E+02, 0.22000E+02, 0.30000E+02, 0.00000E+00
 0.17000E+02, 0.23000E+02, 0.22000E+02, 0.30000E+02, 0.00000E+00
 0.18000E+02, 0.23000E+02, 0.22094E+02, 0.30000E+02, 0.00000E+00
 0.19000E+02, 0.23000E+02, 0.22000E+02, 0.30000E+02, 0.00000E+00
 0.20000E+02, 0.23000E+02, 0.22000E+02, 0.30000E+02, 0.00000E+00
 0.21000E+02, 0.23000E+02, 0.22000E+02, 0.30000E+02, 0.00000E+00
 0.22000E+02, 0.23000E+02, 0.22000E+02, 0.30000E+02, 0.00000E+00
 0.23000E+02, 0.23000E+02, 0.22000E+02, 0.30000E+02, 0.00000E+00
 0.24000E+02, 0.23000E+02, 0.22000E+02, 0.30000E+02, 0.00000E+00
 0.25000E+02, 0.23000E+02, 0.22000E+02, 0.30000E+02, 0.00000E+00
 0.26000E+02, 0.23000E+02, 0.22000E+02, 0.30000E+02, 0.00000E+00
 0.27000E+02, 0.23000E+02, 0.22000E+02, 0.30000E+02, 0.00000E+00
 0.28000E+02, 0.23000E+02, 0.22000E+02, 0.30000E+02, 0.00000E+00
 0.29000E+02, 0.23000E+02, 0.22367E+02, 0.30000E+02, 0.00000E+00
 0.30000E+02, 0.23000E+02, 0.22000E+02, 0.30000E+02, 0.00000E+00
 0.31000E+02, 0.23000E+02, 0.22000E+02, 0.30000E+02, 0.00000E+00
 0.32000E+02, 0.23000E+02, 0.22000E+02, 0.30000E+02, 0.00000E+00
 0.33000E+02, 0.23000E+02, 0.22000E+02, 0.30000E+02, 0.00000E+00
 0.34000E+02, 0.23000E+02, 0.22000E+02, 0.30000E+02, 0.00000E+00
 0.35000E+02, 0.23000E+02, 0.22000E+02, 0.30000E+02, 0.00000E+00
 0.36000E+02, 0.23000E+02, 0.22000E+02, 0.30000E+02, 0.00000E+00
 0.37000E+02, 0.23000E+02, 0.22000E+02, 0.30000E+02, 0.00000E+00
 0.38000E+02, 0.23000E+02, 0.22000E+02, 0.30000E+02, 0.00000E+00
 0.39000E+02, 0.23000E+02, 0.22000E+02, 0.30000E+02, 0.00000E+00
 0.40000E+02, 0.23000E+02, 0.22000E+02, 0.30000E+02, 0.00000E+00
 0.41000E+02, 0.23000E+02, 0.22000E+02, 0.30000E+02, 0.00000E+00
 0.42000E+02, 0.23000E+02, 0.22000E+02, 0.30000E+02, 0.00000E+00
 0.43000E+02, 0.23000E+02, 0.22000E+02, 0.30000E+02, 0.00000E+00
 0.44000E+02, 0.23000E+02, 0.22000E+02, 0.30000E+02, 0.00000E+00
 0.45000E+02, 0.23000E+02, 0.22000E+02, 0.30000E+02, 0.00000E+00
 0.46000E+02, 0.23000E+02, 0.22000E+02, 0.30000E+02, 0.00000E+00
 0.47000E+02, 0.23000E+02, 0.21724E+02, 0.30000E+02, 0.00000E+00
 0.48000E+02, 0.23000E+02, 0.22000E+02, 0.30000E+02, 0.00000E+00
 0.49000E+02, 0.23000E+02, 0.22000E+02, 0.30000E+02, 0.00000E+00
 0.50000E+02, 0.23000E+02, 0.22000E+02, 0.30000E+02, 0.00000E+00
 0.51000E+02, 0.23000E+02, 0.22000E+02, 0.30000E+02, 0.00000E+00
 0.52000E+02, 0.23000E+02, 0.22000E+02, 0.30000E+02, 0.00000E+00
 0.53000E+02, 0.23000E+02, 0.22000E+02, 0.30000E+02, 0.00000E+00
 0.54000E+02, 0.23000E+02, 0.22000E+02, 0.30000E+02, 0.00000E+00
 0.55000E+02, 0.23000E+02, 0.22000E+02, 0.30000E+02, 0.00000E+00
 0.56000E+02, 0.23000E+02, 0.22000E+02, 0.30000E+02, 0.00000E+00
 0.57000E+02, 0.23000E+02, 0.22000E+02, 0.30000E+02, 0.00000E+00
 0.58000E+02, 0.23000E+02, 0.22000E+02, 0.30000E+02, 0.00000E+00
 0.59000E+02, 0.23000E+02, 0.22000E+02, 0.30000E+02, 0.00000E+00
 0.60000E+02, 0.23000E+02, 0.22000E+02, 0.30000E+02, 0.00000E+00
 0.61000E+02, 0.23000E+02, 0.22000E+02, 0.30000E+02, 0.00000E+00
 0.62000E+02, 0.23000E+02, 0.22000E+02, 0.30000E+02, 0.00000E+00
 0.63000E+02, 0.23000E+02, 0.22000E+02, 0.30000E+02, 0.00000E+00
 0.64000E+02, 0.23000E+02, 0.22000E+02, 0.30000E+02, 0.00000E+00
 0.65000E+02, 0.23000E+02, 0.22000E+02, 0.30000E+02, 0.00000E+00
 0.00000E+00, 0.24000E+02, 0.21805E+02, 0.30000E+02, 0.00000E+00
 0.10000E+01, 0.24000E+02, 0.21983E+02, 0.30000E+02, 0.00000E+00
 0.20000E+01, 0.24000E+02, 0.21960E+02, 0.30000E+02, 0.00000E+00
 0.30000E+01, 0.24000E+02, 0.21951E+02, 0.30000E+02, 0.00000E+00
 0.40000E+01, 0.24000E+02, 0.21913E+02, 0.30000E+02, 0.00000E+00
 0.50000E+01, 0.24000E+02, 0.21948E+02, 0.30000E+02, 0.00000E+00
 0.60000E+01, 0.24000E+02, 0.21965E+02, 0.30000E+02, 0.00000E+00
 0.70000E+01, 0.24000E+02, 0.21921E+02, 0.30000E+02, 0.00000E+00
 0.80000E+01, 0.24000E+02, 0.22000E+02, 0.30000E+02, 0.00000E+00
 0.90000E+01, 0.24000E+02, 0.22000E+02, 0.30000E+02, 0.00000E+00
 0.10000E+02, 0.24000E+02, 0.22000E+02, 0.30000E+02, 0.00000E+00
 0.11000E+02, 0.24000E+02, 0.22000E+02, 0.30000E+02, 0.00000E+00
 0.12000E+02, 0.24000E+02, 0.22000E+02, 0.30000E+02, 0.00000E+00
 0.13000E+02, 0.24000E+02, 0.22000E+02, 0.30000E+02, 0.00000E+00
 0.14000E+02, 0.24000E+02, 0.22000E+02, 0.30000E+02, 0.00000E+00
 0.15000E+02, 0.24000E+02, 0.22000E+02, 0.30000E+02, 0.00000E+00
 0.16000E+02, 0.24000E+02, 0.22000E+02, 0.30000E+02, 0.00000E+00
 0.17000E+02, 0.24000E+02, 0.22000E+02, 0.30000E+02, 0.00000E+00
 0.18000E+02, 0.24000E+02, 0.22108E+02, 0.30000E+02, 0.00000E+00
 0.19000E+02, 0.24000E+02, 0.21999E+02, 0.30000E+02, 0.00000E+00
 0.20000E+02, 0.24000E+02, 0.22000E+02, 0.30000E+02, 0.00000E+00
 0.21000E+02, 0.24000E+02, 0.22000E+02, 0.30000E+02, 0.00000E+00
 0.22000E+02, 0.24000E+02, 0.22000E+02, 0.30000E+02, 0.00000E+00
 0.23000E+02, 0.24000E+02, 0.22000E+02, 0.30000E+02, 0.00000E+00
 0.24000E+02, 0.24000E+02, 0.22000E+02, 0.30000E+02, 0.00000E+00
 0.25000E+02, 0.24000E+02, 0.22000E+02, 0.30000E+02, 0.00000E+00
 0.26000E+02, 0.24000E+02, 0.22000E+02, 0.30000E+02, 0.00000E+00
 0.27000E+02, 0.24000E+02, 0.22000E+02, 0.30000E+02, 0.00000E+00
 0.28000E+02, 0.24000E+02, 0.22000E+02, 0.30000E+02, 0.00000E+00
 0.29000E+02, 0.24000E+02, 0.22380E+02, 0.30000E+02, 0.00000E+00
 0.30000E+02, 0.24000E+02, 0.22000E+02, 0.30000E+02, 0.00000E+00
 0.31000E+02, 0.24000E+02, 0.22000E+02, 0.30000E+02, 0.00000E+00
 0.32000E+02, 0.24000E+02, 0.22000E+02, 0.30000E+02, 0.00000E+00
 0.33000E+02, 0.24000E+02, 0.22000E+02, 0.30000E+02, 0.00000E+00
 0.34000E+02, 0.24000E+02, 0.22000E+02, 0.30000E+02, 0.00000E+00
 0.35000E+02, 0.24000E+02, 0.22000E+02, 0.30000E+02, 0.00000E+00
 0.36000E+02, 0.24000E+02, 0.22000E+02, 0.30000E+02, 0.00000E+00
 0.37000E+02, 0.24000E+02, 0.22000E+02, 0.30000E+02, 0.00000E+00
 0.38000E+02, 0.24000E+02, 0.22000E+02, 0.30000E+02, 0.00000E+00
 0.39000E+02, 0.24000E+02, 0.22000E+02, 0.30000E+02, 0.00000E+00
 0.40000E+02, 0.24000E+02, 0.22000E+02, 0.30000E+02, 0.00000E+00
 0.41000E+02, 0.24000E+02, 0.22000E+02, 0.30000E+02, 0.00000E+00
 0.42000E+02, 0.24000E+02, 0.22000E+02, 0.30000E+02, 0.00000E+00
 0.43000E+02, 0.24000E+02, 0.22000E+02, 0.30000E+02, 0.00000E+00
 0.44000E+02, 0.24000E+02, 0.22000E+02, 0.30000E+02, 0.00000E+00
 0.45000E+02, 0.24000E+02, 0.22000E+02, 0.30000E+02, 0.00000E+00
 0.46000E+02, 0.24000E+02, 0.22000E+02, 0.30000E+02, 0.00000E+00
 0.47000E+02, 0.24000E+02, 0.21699E+02, 0.30000E+02, 0.00000E+00
 0.48000E+02, 0.24000E+02, 0.22002E+02, 0.30000E+02, 0.00000E+00
 0.49000E+02, 0.24000E+02, 0.22000E+02, 0.30000E+02, 0.00000E+00
 0.50000E+02, 0.24000E+02, 0.22000E+02, 0.30000E+02, 0.00000E+00
 0.51000E+02, 0.24000E+02, 0.22000E+02, 0.30000E+02, 0.00000E+00
 0.52000E+02, 0.24000E+02, 0.22000E+02, 0.30000E+02, 0.00000E+00
 0.53000E+02, 0.24000E+02, 0.22000E+02, 0.30000E+02, 0.00000E+00
 0.54000E+02, 0.24000E+02, 0.22000E+02, 0.30000E+02, 0.00000E+00
 0.55000E+02, 0.24000E+02, 0.22000E+02, 0.30000E+02, 0.00000E+00
 0.56000E+02, 0.24000E+02, 0.22000E+02, 0.30000E+02, 0.00000E+00
 0.57000E+02, 0.24000E+02, 0.22000E+02, 0.30000E+02, 0.00000E+00
 0.58000E+02, 0.24000E+02, 0.22000E+02, 0.30000E+02, 0.00000E+00
 0.59000E+02, 0.24000E+02, 0.22000E+02, 0.30000E+02, 0.00000E+00
 0.60000E+02, 0.24000E+02, 0.22000E+02, 0.30000E+02, 0.00000E+00
 0.61000E+02, 0.24000E+02, 0.22000E+02, 0.30000E+02, 0.00000E+00
 0.62000E+02, 0.24000E+02, 0.22000E+02, 0.30000E+02, 0.00000E+00
 0.63000E+02, 0.24000E+02, 0.22000E+02, 0.30000E+02, 0.00000E+00
 0.64000E+02, 0.24000E+02, 0.22000E+02, 0.30000E+02, 0.00000E+00
 0.65000E+02, 0.24000E+02, 0.22000E+02, 0.30000E+02, 0.00000E+00
 0.00000E+00, 0.25000E+02, 0.21852E+02, 0.30000E+02, 0.00000E+00
 0.10000E+01, 0.25000E+02, 0.22021E+02, 0.30000E+02, 0.00000E+00
 0.20000E+01, 0.25000E+02, 0.21994E+02, 0.30000E+02, 0.00000E+00
 0.30000E+01, 0.25000E+02, 0.22013E+02, 0.30000E+02, 0.00000E+00
 0.40000E+01, 0.25000E+02, 0.22019E+02, 0.30000E+02, 0.00000E+00
 0.50000E+01, 0.25000E+02, 0.21976E+02, 0.30000E+02, 0.00000E+00
 0.60000E+01, 0.25000E+02, 0.21989E+02, 0.30000E+02, 0.00000E+00
 0.70000E+01, 0.25000E+02, 0.21897E+02, 0.30000E+02, 0.00000E+00
 0.80000E+01, 0.25000E+02, 0.22000E+02, 0.30000E+02, 0.00000E+00
 0.90000E+01, 0.25000E+02, 0.22000E+02, 0.30000E+02, 0.00000E+00
 0.10000E+02, 0.25000E+02, 0.22000E+02, 0.30000E+02, 0.00000E+00
 0.11000E+02, 0.25000E+02, 0.22000E+02, 0.30000E+02, 0.00000E+00
 0.12000E+02, 0.25000E+02, 0.22000E+02, 0.30000E+02, 0.00000E+00
 0.13000E+02, 0.25000E+02, 0.22000E+02, 0.30000E+02, 0.00000E+00
 0.14000E+02, 0.25000E+02, 0.22000E+02, 0.30000E+02, 0.00000E+00
 0.15000E+02, 0.25000E+02, 0.22000E+02, 0.30000E+02, 0.00000E+00
 0.16000E+02, 0.25000E+02, 0.22000E+02, 0.30000E+02, 0.00000E+00
 0.17000E+02, 0.25000E+02, 0.22000E+02, 0.30000E+02, 0.00000E+00
 0.18000E+02, 0.25000E+02, 0.22089E+02, 0.30000E+02, 0.00000E+00
 0.19000E+02, 0.25000E+02, 0.22000E+02, 0.30000E+02, 0.00000E+00
 0.20000E+02, 0.25000E+02, 0.22000E+02, 0.30000E+02, 0.00000E+00
 0.21000E+02, 0.25000E+02, 0.22000E+02, 0.30000E+02, 0.00000E+00
 0.22000E+02, 0.25000E+02, 0.22000E+02, 0.30000E+02, 0.00000E+00
 0.23000E+02, 0.25000E+02, 0.22000E+02, 0.30000E+02, 0.00000E+00
 0.24000E+02, 0.25000E+02, 0.22000E+02, 0.30000E+02, 0.00000E+00
 0.25000E+02, 0.25000E+02, 0.22000E+02, 0.30000E+02, 0.00000E+00
 0.26000E+02, 0.25000E+02, 0.22000E+02, 0.30000E+02, 0.00000E+00
 0.27000E+02, 0.25000E+02, 0.22000E+02, 0.30000E+02, 0.00000E+00
 0.28000E+02, 0.25000E+02, 0.22000E+02, 0.30000E+02, 0.00000E+00
 0.29000E+02, 0.25000E+02, 0.22399E+02, 0.30000E+02, 0.00000E+00
 0.30000E+02, 0.25000E+02, 0.21996E+02, 0.30000E+02, 0.00000E+00
 0.31000E+02, 0.25000E+02, 0.22000E+02, 0.30000E+02, 0.00000E+00
 0.32000E+02, 0.25000E+02, 0.22000E+02, 0.30000E+02, 0.00000E+00
 0.33000E+02, 0.25000E+02, 0.22000E+02, 0.30000E+02, 0.00000E+00
 0.34000E+02, 0.25000E+02, 0.22000E+02, 0.30000E+02, 0.00000E+00
 0.35000E+02, 0.25000E+02, 0.22000E+02, 0.30000E+02, 0.00000E+00
 0.36000E+02, 0.25000E+02, 0.22000E+02, 0.30000E+02, 0.00000E+00
 0.37000E+02, 0.25000E+02, 0.22000E+02, 0.30000E+02, 0.00000E+00
 0.38000E+02, 0.25000E+02, 0.22000E+02, 0.30000E+02, 0.00000E+00
 0.39000E+02, 0.25000E+02, 0.22000E+02, 0.30000E+02, 0.00000E+00
 0.40000E+02, 0.25000E+02, 0.22000E+02, 0.30000E+02, 0.00000E+00
 0.41000E+02, 0.25000E+02, 0.22000E+02, 0.30000E+02, 0.00000E+00
 0.42000E+02, 0.25000E+02, 0.22000E+02, 0.30000E+02, 0.00000E+00
 0.43000E+02, 0.25000E+02, 0.22000E+02, 0.30000E+02, 0.00000E+00
 0.44000E+02, 0.25000E+02, 0.22000E+02, 0.30000E+02, 0.00000E+00
 0.45000E+02, 0.25000E+02, 0.22000E+02, 0.30000E+02, 0.00000E+00
 0.46000E+02, 0.25000E+02, 0.22000E+02, 0.30000E+02, 0.00000E+00
 0.47000E+02, 0.25000E+02, 0.21651E+02, 0.30000E+02, 0.00000E+00
 0.48000E+02, 0.25000E+02, 0.22001E+02, 0.30000E+02, 0.00000E+00
 0.49000E+02, 0.25000E+02, 0.22000E+02, 0.30000E+02, 0.00000E+00
 0.50000E+02, 0.25000E+02, 0.22000E+02, 0.30000E+02, 0.00000E+00
 0.51000E+02, 0.25000E+02, 0.22000E+02, 0.30000E+02, 0.00000E+00
 0.52000E+02, 0.25000E+02, 0.22000E+02, 0.30000E+02, 0.00000E+00
 0.53000E+02, 0.25000E+02, 0.22000E+02, 0.30000E+02, 0.00000E+00
 0.54000E+02, 0.25000E+02, 0.22000E+02, 0.30000E+02, 0.00000E+00
 0.55000E+02, 0.25000E+02, 0.22000E+02, 0.30000E+02, 0.00000E+00
 0.56000E+02, 0.25000E+02, 0.22000E+02, 0.30000E+02, 0.00000E+00
 0.57000E+02, 0.25000E+02, 0.22000E+02, 0.30000E+02, 0.00000E+00
 0.58000E+02, 0.25000E+02, 0.22000E+02, 0.30000E+02, 0.00000E+00
 0.59000E+02, 0.25000E+02, 0.22000E+02, 0.30000E+02, 0.00000E+00
 0.60000E+02, 0.25000E+02, 0.22000E+02, 0.30000E+02, 0.00000E+00
 0.61000E+02, 0.25000E+02, 0.22000E+02, 0.30000E+02, 0.00000E+00
 0.62000E+02, 0.25000E+02, 0.22000E+02, 0.30000E+02, 0.00000E+00
 0.63000E+02, 0.25000E+02, 0.22000E+02, 0.30000E+02, 0.00000E+00
 0.64000E+02, 0.25000E+02, 0.22000E+02, 0.30000E+02, 0.00000E+00
 0.65000E+02, 0.25000E+02, 0.22000E+02, 0.30000E+02, 0.00000E+00
 0.00000E+00, 0.26000E+02, 0.22000E+02, 0.30000E+02, 0.00000E+00
 0.10000E+01, 0.26000E+02, 0.22000E+02, 0.30000E+02, 0.00000E+00
 0.20000E+01, 0.26000E+02, 0.22053E+02, 0.30000E+02, 0.00000E+00
 0.30000E+01, 0.26000E+02, 0.22000E+02, 0.30000E+02, 0.00000E+00
 0.40000E+01, 0.26000E+02, 0.22000E+02, 0.30000E+02, 0.00000E+00
 0.50000E+01, 0.26000E+02, 0.22000E+02, 0.30000E+02, 0.00000E+00
 0.60000E+01, 0.26000E+02, 0.22000E+02, 0.30000E+02, 0.00000E+00
 0.70000E+01, 0.26000E+02, 0.22000E+02, 0.30000E+02, 0.00000E+00
 0.80000E+01, 0.26000E+02, 0.22000E+02, 0.30000E+02, 0.00000E+00
 0.90000E+01, 0.26000E+02, 0.22000E+02, 0.30000E+02, 0.00000E+00
 0.10000E+02, 0.26000E+02, 0.22000E+02, 0.30000E+02, 0.00000E+00
 0.11000E+02, 0.26000E+02, 0.22000E+02, 0.30000E+02, 0.00000E+00
 0.12000E+02, 0.26000E+02, 0.22000E+02, 0.30000E+02, 0.00000E+00
 0.13000E+02, 0.26000E+02, 0.22000E+02, 0.30000E+02, 0.00000E+00
 0.14000E+02, 0.26000E+02, 0.22000E+02, 0.30000E+02, 0.00000E+00
 0.15000E+02, 0.26000E+02, 0.22000E+02, 0.30000E+02, 0.00000E+00
 0.16000E+02, 0.26000E+02, 0.22000E+02, 0.30000E+02, 0.00000E+00
 0.17000E+02, 0.26000E+02, 0.22000E+02, 0.30000E+02, 0.00000E+00
 0.18000E+02, 0.26000E+02, 0.22110E+02, 0.30000E+02, 0.00000E+00
 0.19000E+02, 0.26000E+02, 0.22000E+02, 0.30000E+02, 0.00000E+00
 0.20000E+02, 0.26000E+02, 0.22000E+02, 0.30000E+02, 0.00000E+00
 0.21000E+02, 0.26000E+02, 0.22003E+02, 0.30000E+02, 0.00000E+00
 0.22000E+02, 0.26000E+02, 0.22001E+02, 0.30000E+02, 0.00000E+00
 0.23000E+02, 0.26000E+02, 0.22003E+02, 0.30000E+02, 0.00000E+00
 0.24000E+02, 0.26000E+02, 0.22000E+02, 0.30000E+02, 0.00000E+00
 0.25000E+02, 0.26000E+02, 0.22003E+02, 0.30000E+02, 0.00000E+00
 0.26000E+02, 0.26000E+02, 0.22003E+02, 0.30000E+02, 0.00000E+00
 0.27000E+02, 0.26000E+02, 0.22003E+02, 0.30000E+02, 0.00000E+00
 0.28000E+02, 0.26000E+02, 0.22000E+02, 0.30000E+02, 0.00000E+00
 0.29000E+02, 0.26000E+02, 0.22389E+02, 0.30000E+02, 0.00000E+00
 0.30000E+02, 0.26000E+02, 0.22010E+02, 0.30000E+02, 0.00000E+00
 0.31000E+02, 0.26000E+02, 0.22003E+02, 0.30000E+02, 0.00000E+00
 0.32000E+02, 0.26000E+02, 0.22012E+02, 0.30000E+02, 0.00000E+00
 0.33000E+02, 0.26000E+02, 0.22006E+02, 0.30000E+02, 0.00000E+00
 0.34000E+02, 0.26000E+02, 0.22001E+02, 0.30000E+02, 0.00000E+00
 0.35000E+02, 0.26000E+02, 0.22011E+02, 0.30000E+02, 0.00000E+00
 0.36000E+02, 0.26000E+02, 0.22001E+02, 0.30000E+02, 0.00000E+00
 0.37000E+02, 0.26000E+02, 0.22008E+02, 0.30000E+02, 0.00000E+00
 0.38000E+02, 0.26000E+02, 0.22002E+02, 0.30000E+02, 0.00000E+00
 0.39000E+02, 0.26000E+02, 0.22007E+02, 0.30000E+02, 0.00000E+00
 0.40000E+02, 0.26000E+02, 0.22001E+02, 0.30000E+02, 0.00000E+00
 0.41000E+02, 0.26000E+02, 0.22001E+02, 0.30000E+02, 0.00000E+00
 0.42000E+02, 0.26000E+02, 0.22006E+02, 0.30000E+02, 0.00000E+00
 0.43000E+02, 0.26000E+02, 0.22001E+02, 0.30000E+02, 0.00000E+00
 0.44000E+02, 0.26000E+02, 0.22015E+02, 0.30000E+02, 0.00000E+00
 0.45000E+02, 0.26000E+02, 0.22001E+02, 0.30000E+02, 0.00000E+00
 0.46000E+02, 0.26000E+02, 0.22009E+02, 0.30000E+02, 0.00000E+00
 0.47000E+02, 0.26000E+02, 0.21662E+02, 0.30000E+02, 0.00000E+00
 0.48000E+02, 0.26000E+02, 0.22002E+02, 0.30000E+02, 0.00000E+00
 0.49000E+02, 0.26000E+02, 0.22001E+02, 0.30000E+02, 0.00000E+00
 0.50000E+02, 0.26000E+02, 0.22001E+02, 0.30000E+02, 0.00000E+00
 0.51000E+02, 0.26000E+02, 0.22010E+02, 0.30000E+02, 0.00000E+00
 0.52000E+02, 0.26000E+02, 0.22003E+02, 0.30000E+02, 0.00000E+00
 0.53000E+02, 0.26000E+02, 0.22005E+02, 0.30000E+02, 0.00000E+00
 0.54000E+02, 0.26000E+02, 0.22000E+02, 0.30000E+02, 0.00000E+00
 0.55000E+02, 0.26000E+02, 0.22001E+02, 0.30000E+02, 0.00000E+00
 0.56000E+02, 0.26000E+02, 0.22000E+02, 0.30000E+02, 0.00000E+00
 0.57000E+02, 0.26000E+02, 0.22000E+02, 0.30000E+02, 0.00000E+00
 0.58000E+02, 0.26000E+02, 0.22001E+02, 0.30000E+02, 0.00000E+00
 0.59000E+02, 0.26000E+02, 0.22000E+02, 0.30000E+02, 0.00000E+00
 0.60000E+02, 0.26000E+02, 0.22000E+02, 0.30000E+02, 0.00000E+00
 0.61000E+02, 0.26000E+02, 0.22000E+02, 0.30000E+02, 0.00000E+00
 0.62000E+02, 0.26000E+02, 0.22000E+02, 0.30000E+02, 0.00000E+00
 0.63000E+02, 0.26000E+02, 0.22000E+02, 0.30000E+02, 0.00000E+00
 0.64000E+02, 0.26000E+02, 0.22000E+02, 0.30000E+02, 0.00000E+00
 0.65000E+02, 0.26000E+02, 0.22000E+02, 0.30000E+02, 0.00000E+00
 0.00000E+00, 0.27000E+02, 0.22000E+02, 0.30000E+02, 0.00000E+00
 0.10000E+01, 0.27000E+02, 0.22000E+02, 0.30000E+02, 0.00000E+00
 0.20000E+01, 0.27000E+02, 0.22070E+02, 0.30000E+02, 0.00000E+00
 0.30000E+01, 0.27000E+02, 0.22000E+02, 0.30000E+02, 0.00000E+00
 0.40000E+01, 0.27000E+02, 0.22000E+02, 0.30000E+02, 0.00000E+00
 0.50000E+01, 0.27000E+02, 0.22000E+02, 0.30000E+02, 0.00000E+00
 0.60000E+01, 0.27000E+02, 0.22000E+02, 0.30000E+02, 0.00000E+00
 0.70000E+01, 0.27000E+02, 0.22000E+02, 0.30000E+02, 0.00000E+00
 0.80000E+01, 0.27000E+02, 0.22000E+02, 0.30000E+02, 0.00000E+00
 0.90000E+01, 0.27000E+02, 0.22000E+02, 0.30000E+02, 0.00000E+00
 0.10000E+02, 0.27000E+02, 0.22000E+02, 0.30000E+02, 0.00000E+00
 0.11000E+02, 0.27000E+02, 0.22000E+02, 0.30000E+02, 0.00000E+00
 0.12000E+02, 0.27000E+02, 0.22000E+02, 0.30000E+02, 0.00000E+00
 0.13000E+02, 0.27000E+02, 0.22000E+02, 0.30000E+02, 0.00000E+00
 0.14000E+02, 0.27000E+02, 0.22000E+02, 0.30000E+02, 0.00000E+00
 0.15000E+02, 0.27000E+02, 0.22000E+02, 0.30000E+02, 0.00000E+00
 0.16000E+02, 0.27000E+02, 0.22000E+02, 0.30000E+02, 0.00000E+00
 0.17000E+02, 0.27000E+02, 0.22000E+02, 0.30000E+02, 0.00000E+00
 0.18000E+02, 0.27000E+02, 0.22526E+02, 0.30000E+02, 0.00000E+00
 0.19000E+02, 0.27000E+02, 0.21545E+02, 0.30000E+02, 0.00000E+00
 0.20000E+02, 0.27000E+02, 0.21497E+02, 0.30000E+02, 0.00000E+00
 0.21000E+02, 0.27000E+02, 0.21507E+02, 0.30000E+02, 0.00000E+00
 0.22000E+02, 0.27000E+02, 0.21475E+02, 0.30000E+02, 0.00000E+00
 0.23000E+02, 0.27000E+02, 0.21394E+02, 0.30000E+02, 0.00000E+00
 0.24000E+02, 0.27000E+02, 0.21359E+02, 0.30000E+02, 0.00000E+00
 0.25000E+02, 0.27000E+02, 0.21327E+02, 0.30000E+02, 0.00000E+00
 0.26000E+02, 0.27000E+02, 0.21315E+02, 0.30000E+02, 0.00000E+00
 0.27000E+02, 0.27000E+02, 0.21270E+02, 0.30000E+02, 0.00000E+00
 0.28000E+02, 0.27000E+02, 0.21273E+02, 0.30000E+02, 0.00000E+00
 0.29000E+02, 0.27000E+02, 0.22165E+02, 0.30000E+02, 0.00000E+00
 0.30000E+02, 0.27000E+02, 0.20708E+02, 0.30000E+02, 0.00000E+00
 0.31000E+02, 0.27000E+02, 0.20715E+02, 0.30000E+02, 0.00000E+00
 0.32000E+02, 0.27000E+02, 0.20647E+02, 0.30000E+02, 0.00000E+00
 0.33000E+02, 0.27000E+02, 0.20606E+02, 0.30000E+02, 0.00000E+00
 0.34000E+02, 0.27000E+02, 0.20635E+02, 0.30000E+02, 0.00000E+00
 0.35000E+02, 0.27000E+02, 0.20566E+02, 0.30000E+02, 0.00000E+00
 0.36000E+02, 0.27000E+02, 0.20572E+02, 0.30000E+02, 0.00000E+00
 0.37000E+02, 0.27000E+02, 0.20556E+02, 0.30000E+02, 0.00000E+00
 0.38000E+02, 0.27000E+02, 0.20555E+02, 0.30000E+02, 0.00000E+00
 0.39000E+02, 0.27000E+02, 0.20530E+02, 0.30000E+02, 0.00000E+00
 0.40000E+02, 0.27000E+02, 0.20549E+02, 0.30000E+02, 0.00000E+00
 0.41000E+02, 0.27000E+02, 0.20544E+02, 0.30000E+02, 0.00000E+00
 0.42000E+02, 0.27000E+02, 0.20556E+02, 0.30000E+02, 0.00000E+00
 0.43000E+02, 0.27000E+02, 0.20559E+02, 0.30000E+02, 0.00000E+00
 0.44000E+02, 0.27000E+02, 0.20596E+02, 0.30000E+02, 0.00000E+00
 0.45000E+02, 0.27000E+02, 0.20588E+02, 0.30000E+02, 0.00000E+00
 0.46000E+02, 0.27000E+02, 0.20624E+02, 0.30000E+02, 0.00000E+00
 0.47000E+02, 0.27000E+02, 0.19976E+02, 0.30000E+02, 0.00000E+00
 0.48000E+02, 0.27000E+02, 0.20966E+02, 0.30000E+02, 0.00000E+00
 0.49000E+02, 0.27000E+02, 0.21024E+02, 0.30000E+02, 0.00000E+00
 0.50000E+02, 0.27000E+02, 0.21073E+02, 0.30000E+02, 0.00000E+00
 0.51000E+02, 0.27000E+02, 0.21057E+02, 0.30000E+02, 0.00000E+00
 0.52000E+02, 0.27000E+02, 0.21095E+02, 0.30000E+02, 0.00000E+00
 0.53000E+02, 0.27000E+02, 0.21160E+02, 0.30000E+02, 0.00000E+00
 0.54000E+02, 0.27000E+02, 0.21189E+02, 0.30000E+02, 0.00000E+00
 0.55000E+02, 0.27000E+02, 0.21233E+02, 0.30000E+02, 0.00000E+00
 0.56000E+02, 0.27000E+02, 0.21289E+02, 0.30000E+02, 0.00000E+00
 0.57000E+02, 0.27000E+02, 0.21319E+02, 0.30000E+02, 0.00000E+00
 0.58000E+02, 0.27000E+02, 0.21368E+02, 0.30000E+02, 0.00000E+00
 0.59000E+02, 0.27000E+02, 0.22000E+02, 0.30000E+02, 0.00000E+00
 0.60000E+02, 0.27000E+02, 0.22000E+02, 0.30000E+02, 0.00000E+00
 0.61000E+02, 0.27000E+02, 0.22000E+02, 0.30000E+02, 0.00000E+00
 0.62000E+02, 0.27000E+02, 0.22000E+02, 0.30000E+02, 0.00000E+00
 0.63000E+02, 0.27000E+02, 0.22000E+02, 0.30000E+02, 0.00000E+00
 0.64000E+02, 0.27000E+02, 0.22000E+02, 0.30000E+02, 0.00000E+00
 0.65000E+02, 0.27000E+02, 0.22000E+02, 0.30000E+02, 0.00000E+00
 0.00000E+00, 0.28000E+02, 0.22000E+02, 0.30000E+02, 0.00000E+00
 0.10000E+01, 0.28000E+02, 0.22000E+02, 0.30000E+02, 0.00000E+00
 0.20000E+01, 0.28000E+02, 0.22103E+02, 0.30000E+02, 0.00000E+00
 0.30000E+01, 0.28000E+02, 0.21999E+02, 0.30000E+02, 0.00000E+00
 0.40000E+01, 0.28000E+02, 0.22000E+02, 0.30000E+02, 0.00000E+00
 0.50000E+01, 0.28000E+02, 0.22000E+02, 0.30000E+02, 0.00000E+00
 0.60000E+01, 0.28000E+02, 0.22000E+02, 0.30000E+02, 0.00000E+00
 0.70000E+01, 0.28000E+02, 0.22000E+02, 0.30000E+02, 0.00000E+00
 0.80000E+01, 0.28000E+02, 0.22000E+02, 0.30000E+02, 0.00000E+00
 0.90000E+01, 0.28000E+02, 0.22000E+02, 0.30000E+02, 0.00000E+00
 0.10000E+02, 0.28000E+02, 0.22000E+02, 0.30000E+02, 0.00000E+00
 0.11000E+02, 0.28000E+02, 0.22000E+02, 0.30000E+02, 0.00000E+00
 0.12000E+02, 0.28000E+02, 0.22000E+02, 0.30000E+02, 0.00000E+00
 0.13000E+02, 0.28000E+02, 0.22000E+02, 0.30000E+02, 0.00000E+00
 0.14000E+02, 0.28000E+02, 0.22000E+02, 0.30000E+02, 0.00000E+00
 0.15000E+02, 0.28000E+02, 0.22000E+02, 0.30000E+02, 0.00000E+00
 0.16000E+02, 0.28000E+02, 0.22000E+02, 0.30000E+02, 0.00000E+00
 0.17000E+02, 0.28000E+02, 0.22000E+02, 0.30000E+02, 0.00000E+00
 0.18000E+02, 0.28000E+02, 0.22396E+02, 0.30000E+02, 0.00000E+00
 0.19000E+02, 0.28000E+02, 0.22000E+02, 0.30000E+02, 0.00000E+00
 0.20000E+02, 0.28000E+02, 0.22000E+02, 0.30000E+02, 0.00000E+00
 0.21000E+02, 0.28000E+02, 0.22000E+02, 0.30000E+02, 0.00000E+00
 0.22000E+02, 0.28000E+02, 0.22000E+02, 0.30000E+02, 0.00000E+00
 0.23000E+02, 0.28000E+02, 0.22000E+02, 0.30000E+02, 0.00000E+00
 0.24000E+02, 0.28000E+02, 0.22000E+02, 0.30000E+02, 0.00000E+00
 0.25000E+02, 0.28000E+02, 0.22000E+02, 0.30000E+02, 0.00000E+00
 0.26000E+02, 0.28000E+02, 0.22000E+02, 0.30000E+02, 0.00000E+00
 0.27000E+02, 0.28000E+02, 0.22000E+02, 0.30000E+02, 0.00000E+00
 0.28000E+02, 0.28000E+02, 0.22000E+02, 0.30000E+02, 0.00000E+00
 0.29000E+02, 0.28000E+02, 0.22949E+02, 0.30000E+02, 0.00000E+00
 0.30000E+02, 0.28000E+02, 0.21999E+02, 0.30000E+02, 0.00000E+00
 0.31000E+02, 0.28000E+02, 0.22000E+02, 0.30000E+02, 0.00000E+00
 0.32000E+02, 0.28000E+02, 0.22000E+02, 0.30000E+02, 0.00000E+00
 0.33000E+02, 0.28000E+02, 0.22000E+02, 0.30000E+02, 0.00000E+00
 0.34000E+02, 0.28000E+02, 0.22000E+02, 0.30000E+02, 0.00000E+00
 0.35000E+02, 0.28000E+02, 0.22000E+02, 0.30000E+02, 0.00000E+00
 0.36000E+02, 0.28000E+02, 0.22000E+02, 0.30000E+02, 0.00000E+00
 0.37000E+02, 0.28000E+02, 0.22000E+02, 0.30000E+02, 0.00000E+00
 0.38000E+02, 0.28000E+02, 0.22000E+02, 0.30000E+02, 0.00000E+00
 0.39000E+02, 0.28000E+02, 0.22000E+02, 0.30000E+02, 0.00000E+00
 0.40000E+02, 0.28000E+02, 0.22000E+02, 0.30000E+02, 0.00000E+00
 0.41000E+02, 0.28000E+02, 0.22000E+02, 0.30000E+02, 0.00000E+00
 0.42000E+02, 0.28000E+02, 0.22000E+02, 0.30000E+02, 0.00000E+00
 0.43000E+02, 0.28000E+02, 0.22000E+02, 0.30000E+02, 0.00000E+00
 0.44000E+02, 0.28000E+02, 0.22000E+02, 0.30000E+02, 0.00000E+00
 0.45000E+02, 0.28000E+02, 0.22000E+02, 0.30000E+02, 0.00000E+00
 0.46000E+02, 0.28000E+02, 0.22000E+02, 0.30000E+02, 0.00000E+00
 0.47000E+02, 0.28000E+02, 0.21289E+02, 0.30000E+02, 0.00000E+00
 0.48000E+02, 0.28000E+02, 0.22003E+02, 0.30000E+02, 0.00000E+00
 0.49000E+02, 0.28000E+02, 0.22000E+02, 0.30000E+02, 0.00000E+00
 0.50000E+02, 0.28000E+02, 0.22000E+02, 0.30000E+02, 0.00000E+00
 0.51000E+02, 0.28000E+02, 0.22000E+02, 0.30000E+02, 0.00000E+00
 0.52000E+02, 0.28000E+02, 0.22000E+02, 0.30000E+02, 0.00000E+00
 0.53000E+02, 0.28000E+02, 0.22000E+02, 0.30000E+02, 0.00000E+00
 0.54000E+02, 0.28000E+02, 0.22000E+02, 0.30000E+02, 0.00000E+00
 0.55000E+02, 0.28000E+02, 0.22000E+02, 0.30000E+02, 0.00000E+00
 0.56000E+02, 0.28000E+02, 0.22000E+02, 0.30000E+02, 0.00000E+00
 0.57000E+02, 0.28000E+02, 0.22000E+02, 0.30000E+02, 0.00000E+00
 0.58000E+02, 0.28000E+02, 0.22000E+02, 0.30000E+02, 0.00000E+00
 0.59000E+02, 0.28000E+02, 0.22000E+02, 0.30000E+02, 0.00000E+00
 0.60000E+02, 0.28000E+02, 0.22000E+02, 0.30000E+02, 0.00000E+00
 0.61000E+02, 0.28000E+02, 0.22000E+02, 0.30000E+02, 0.00000E+00
 0.62000E+02, 0.28000E+02, 0.22000E+02, 0.30000E+02, 0.00000E+00
 0.63000E+02, 0.28000E+02, 0.22000E+02, 0.30000E+02, 0.00000E+00
 0.64000E+02, 0.28000E+02, 0.22000E+02, 0.30000E+02, 0.00000E+00
 0.65000E+02, 0.28000E+02, 0.22000E+02, 0.30000E+02, 0.00000E+00
 0.00000E+00, 0.29000E+02, 0.22000E+02, 0.30000E+02, 0.00000E+00
 0.10000E+01, 0.29000E+02, 0.22000E+02, 0.30000E+02, 0.00000E+00
 0.20000E+01, 0.29000E+02, 0.22000E+02, 0.30000E+02, 0.00000E+00
 0.30000E+01, 0.29000E+02, 0.22000E+02, 0.30000E+02, 0.00000E+00
 0.40000E+01, 0.29000E+02, 0.22000E+02, 0.30000E+02, 0.00000E+00
 0.50000E+01, 0.29000E+02, 0.22000E+02, 0.30000E+02, 0.00000E+00
 0.60000E+01, 0.29000E+02, 0.22000E+02, 0.30000E+02, 0.00000E+00
 0.70000E+01, 0.29000E+02, 0.22000E+02, 0.30000E+02, 0.00000E+00
 0.80000E+01, 0.29000E+02, 0.22000E+02, 0.30000E+02, 0.00000E+00
 0.90000E+01, 0.29000E+02, 0.22000E+02, 0.30000E+02, 0.00000E+00
 0.10000E+02, 0.29000E+02, 0.22000E+02, 0.30000E+02, 0.00000E+00
 0.11000E+02, 0.29000E+02, 0.22000E+02, 0.30000E+02, 0.00000E+00
 0.12000E+02, 0.29000E+02, 0.22000E+02, 0.30000E+02, 0.00000E+00
 0.13000E+02, 0.29000E+02, 0.22000E+02, 0.30000E+02, 0.00000E+00
 0.14000E+02, 0.29000E+02, 0.22000E+02, 0.30000E+02, 0.00000E+00
 0.15000E+02, 0.29000E+02, 0.22000E+02, 0.30000E+02, 0.00000E+00
 0.16000E+02, 0.29000E+02, 0.22000E+02, 0.30000E+02, 0.00000E+00
 0.17000E+02, 0.29000E+02, 0.22000E+02, 0.30000E+02, 0.00000E+00
 0.18000E+02, 0.29000E+02, 0.22316E+02, 0.30000E+02, 0.00000E+00
 0.19000E+02, 0.29000E+02, 0.22000E+02, 0.30000E+02, 0.00000E+00
 0.20000E+02, 0.29000E+02, 0.22000E+02, 0.30000E+02, 0.00000E+00
 0.21000E+02, 0.29000E+02, 0.22000E+02, 0.30000E+02, 0.00000E+00
 0.22000E+02, 0.29000E+02, 0.22000E+02, 0.30000E+02, 0.00000E+00
 0.23000E+02, 0.29000E+02, 0.22000E+02, 0.30000E+02, 0.00000E+00
 0.24000E+02, 0.29000E+02, 0.22000E+02, 0.30000E+02, 0.00000E+00
 0.25000E+02, 0.29000E+02, 0.22000E+02, 0.30000E+02, 0.00000E+00
 0.26000E+02, 0.29000E+02, 0.22000E+02, 0.30000E+02, 0.00000E+00
 0.27000E+02, 0.29000E+02, 0.22000E+02, 0.30000E+02, 0.00000E+00
 0.28000E+02, 0.29000E+02, 0.22000E+02, 0.30000E+02, 0.00000E+00
 0.29000E+02, 0.29000E+02, 0.23004E+02, 0.30000E+02, 0.00000E+00
 0.30000E+02, 0.29000E+02, 0.21997E+02, 0.30000E+02, 0.00000E+00
 0.31000E+02, 0.29000E+02, 0.22000E+02, 0.30000E+02, 0.00000E+00
 0.32000E+02, 0.29000E+02, 0.22000E+02, 0.30000E+02, 0.00000E+00
 0.33000E+02, 0.29000E+02, 0.22000E+02, 0.30000E+02, 0.00000E+00
 0.34000E+02, 0.29000E+02, 0.22000E+02, 0.30000E+02, 0.00000E+00
 0.35000E+02, 0.29000E+02, 0.22000E+02, 0.30000E+02, 0.00000E+00
 0.36000E+02, 0.29000E+02, 0.22000E+02, 0.30000E+02, 0.00000E+00
 0.37000E+02, 0.29000E+02, 0.22000E+02, 0.30000E+02, 0.00000E+00
 0.38000E+02, 0.29000E+02, 0.22000E+02, 0.30000E+02, 0.00000E+00
 0.39000E+02, 0.29000E+02, 0.22000E+02, 0.30000E+02, 0.00000E+00
 0.40000E+02, 0.29000E+02, 0.22000E+02, 0.30000E+02, 0.00000E+00
 0.41000E+02, 0.29000E+02, 0.22000E+02, 0.30000E+02, 0.00000E+00
 0.42000E+02, 0.29000E+02, 0.22000E+02, 0.30000E+02, 0.00000E+00
 0.43000E+02, 0.29000E+02, 0.22000E+02, 0.30000E+02, 0.00000E+00
 0.44000E+02, 0.29000E+02, 0.22000E+02, 0.30000E+02, 0.00000E+00
 0.45000E+02, 0.29000E+02, 0.22000E+02, 0.30000E+02, 0.00000E+00
 0.46000E+02, 0.29000E+02, 0.22000E+02, 0.30000E+02, 0.00000E+00
 0.47000E+02, 0.29000E+02, 0.21300E+02, 0.30000E+02, 0.00000E+00
 0.48000E+02, 0.29000E+02, 0.22003E+02, 0.30000E+02, 0.00000E+00
 0.49000E+02, 0.29000E+02, 0.22000E+02, 0.30000E+02, 0.00000E+00
 0.50000E+02, 0.29000E+02, 0.22000E+02, 0.30000E+02, 0.00000E+00
 0.51000E+02, 0.29000E+02, 0.22000E+02, 0.30000E+02, 0.00000E+00
 0.52000E+02, 0.29000E+02, 0.22000E+02, 0.30000E+02, 0.00000E+00
 0.53000E+02, 0.29000E+02, 0.22000E+02, 0.30000E+02, 0.00000E+00
 0.54000E+02, 0.29000E+02, 0.22000E+02, 0.30000E+02, 0.00000E+00
 0.55000E+02, 0.29000E+02, 0.22000E+02, 0.30000E+02, 0.00000E+00
 0.56000E+02, 0.29000E+02, 0.22000E+02, 0.30000E+02, 0.00000E+00
 0.57000E+02, 0.29000E+02, 0.22000E+02, 0.30000E+02, 0.00000E+00
 0.58000E+02, 0.29000E+02, 0.22000E+02, 0.30000E+02, 0.00000E+00
 0.59000E+02, 0.29000E+02, 0.22000E+02, 0.30000E+02, 0.00000E+00
 0.60000E+02, 0.29000E+02, 0.22000E+02, 0.30000E+02, 0.00000E+00
 0.61000E+02, 0.29000E+02, 0.22000E+02, 0.30000E+02, 0.00000E+00
 0.62000E+02, 0.29000E+02, 0.22000E+02, 0.30000E+02, 0.00000E+00
 0.63000E+02, 0.29000E+02, 0.22000E+02, 0.30000E+02, 0.00000E+00
 0.64000E+02, 0.29000E+02, 0.22000E+02, 0.30000E+02, 0.00000E+00
 0.65000E+02, 0.29000E+02, 0.22000E+02, 0.30000E+02, 0.00000E+00
 0.00000E+00, 0.30000E+02, 0.22000E+02, 0.30000E+02, 0.00000E+00
 0.10000E+01, 0.30000E+02, 0.22000E+02, 0.30000E+02, 0.00000E+00
 0.20000E+01, 0.30000E+02, 0.22000E+02, 0.30000E+02, 0.00000E+00
 0.30000E+01, 0.30000E+02, 0.22000E+02, 0.30000E+02, 0.00000E+00
 0.40000E+01, 0.30000E+02, 0.22000E+02, 0.30000E+02, 0.00000E+00
 0.50000E+01, 0.30000E+02, 0.22217E+02, 0.30000E+02, 0.00000E+00
 0.60000E+01, 0.30000E+02, 0.22000E+02, 0.30000E+02, 0.00000E+00
 0.70000E+01, 0.30000E+02, 0.22000E+02, 0.30000E+02, 0.00000E+00
 0.80000E+01, 0.30000E+02, 0.21739E+02, 0.30000E+02, 0.00000E+00
 0.90000E+01, 0.30000E+02, 0.22000E+02, 0.30000E+02, 0.00000E+00
 0.10000E+02, 0.30000E+02, 0.22000E+02, 0.30000E+02, 0.00000E+00
 0.11000E+02, 0.30000E+02, 0.22000E+02, 0.30000E+02, 0.00000E+00
 0.12000E+02, 0.30000E+02, 0.21985E+02, 0.30000E+02, 0.00000E+00
 0.13000E+02, 0.30000E+02, 0.22000E+02, 0.30000E+02, 0.00000E+00
 0.14000E+02, 0.30000E+02, 0.22000E+02, 0.30000E+02, 0.00000E+00
 0.15000E+02, 0.30000E+02, 0.22000E+02, 0.30000E+02, 0.00000E+00
 0.16000E+02, 0.30000E+02, 0.22000E+02, 0.30000E+02, 0.00000E+00
 0.17000E+02, 0.30000E+02, 0.22000E+02, 0.30000E+02, 0.00000E+00
 0.18000E+02, 0.30000E+02, 0.22270E+02, 0.30000E+02, 0.00000E+00
 0.19000E+02, 0.30000E+02, 0.22000E+02, 0.30000E+02, 0.00000E+00
 0.20000E+02, 0.30000E+02, 0.22000E+02, 0.30000E+02, 0.00000E+00
 0.21000E+02, 0.30000E+02, 0.22000E+02, 0.30000E+02, 0.00000E+00
 0.22000E+02, 0.30000E+02, 0.22000E+02, 0.30000E+02, 0.00000E+00
 0.23000E+02, 0.30000E+02, 0.22000E+02, 0.30000E+02, 0.00000E+00
 0.24000E+02, 0.30000E+02, 0.22000E+02, 0.30000E+02, 0.00000E+00
 0.25000E+02, 0.30000E+02, 0.22000E+02, 0.30000E+02, 0.00000E+00
 0.26000E+02, 0.30000E+02, 0.22000E+02, 0.30000E+02, 0.00000E+00
 0.27000E+02, 0.30000E+02, 0.22000E+02, 0.30000E+02, 0.00000E+00
 0.28000E+02, 0.30000E+02, 0.22000E+02, 0.30000E+02, 0.00000E+00
 0.29000E+02, 0.30000E+02, 0.23040E+02, 0.30000E+02, 0.00000E+00
 0.30000E+02, 0.30000E+02, 0.21999E+02, 0.30000E+02, 0.00000E+00
 0.31000E+02, 0.30000E+02, 0.22000E+02, 0.30000E+02, 0.00000E+00
 0.32000E+02, 0.30000E+02, 0.22000E+02, 0.30000E+02, 0.00000E+00
 0.33000E+02, 0.30000E+02, 0.22000E+02, 0.30000E+02, 0.00000E+00
 0.34000E+02, 0.30000E+02, 0.22000E+02, 0.30000E+02, 0.00000E+00
 0.35000E+02, 0.30000E+02, 0.22000E+02, 0.30000E+02, 0.00000E+00
 0.36000E+02, 0.30000E+02, 0.22000E+02, 0.30000E+02, 0.00000E+00
 0.37000E+02, 0.30000E+02, 0.22000E+02, 0.30000E+02, 0.00000E+00
 0.38000E+02, 0.30000E+02, 0.22000E+02, 0.30000E+02, 0.00000E+00
 0.39000E+02, 0.30000E+02, 0.22000E+02, 0.30000E+02, 0.00000E+00
 0.40000E+02, 0.30000E+02, 0.22000E+02, 0.30000E+02, 0.00000E+00
 0.41000E+02, 0.30000E+02, 0.22000E+02, 0.30000E+02, 0.00000E+00
 0.42000E+02, 0.30000E+02, 0.22000E+02, 0.30000E+02, 0.00000E+00
 0.43000E+02, 0.30000E+02, 0.22000E+02, 0.30000E+02, 0.00000E+00
 0.44000E+02, 0.30000E+02, 0.22000E+02, 0.30000E+02, 0.00000E+00
 0.45000E+02, 0.30000E+02, 0.22000E+02, 0.30000E+02, 0.00000E+00
 0.46000E+02, 0.30000E+02, 0.22000E+02, 0.30000E+02, 0.00000E+00
 0.47000E+02, 0.30000E+02, 0.21370E+02, 0.30000E+02, 0.00000E+00
 0.48000E+02, 0.30000E+02, 0.22005E+02, 0.30000E+02, 0.00000E+00
 0.49000E+02, 0.30000E+02, 0.22000E+02, 0.30000E+02, 0.00000E+00
 0.50000E+02, 0.30000E+02, 0.22000E+02, 0.30000E+02, 0.00000E+00
 0.51000E+02, 0.30000E+02, 0.22000E+02, 0.30000E+02, 0.00000E+00
 0.52000E+02, 0.30000E+02, 0.22000E+02, 0.30000E+02, 0.00000E+00
 0.53000E+02, 0.30000E+02, 0.22000E+02, 0.30000E+02, 0.00000E+00
 0.54000E+02, 0.30000E+02, 0.22000E+02, 0.30000E+02, 0.00000E+00
 0.55000E+02, 0.30000E+02, 0.22000E+02, 0.30000E+02, 0.00000E+00
 0.56000E+02, 0.30000E+02, 0.22000E+02, 0.30000E+02, 0.00000E+00
 0.57000E+02, 0.30000E+02, 0.22000E+02, 0.30000E+02, 0.00000E+00
 0.58000E+02, 0.30000E+02, 0.22000E+02, 0.30000E+02, 0.00000E+00
 0.59000E+02, 0.30000E+02, 0.22000E+02, 0.30000E+02, 0.00000E+00
 0.60000E+02, 0.30000E+02, 0.22000E+02, 0.30000E+02, 0.00000E+00
 0.61000E+02, 0.30000E+02, 0.22000E+02, 0.30000E+02, 0.00000E+00
 0.62000E+02, 0.30000E+02, 0.22000E+02, 0.30000E+02, 0.00000E+00
 0.63000E+02, 0.30000E+02, 0.22000E+02, 0.30000E+02, 0.00000E+00
 0.64000E+02, 0.30000E+02, 0.22000E+02, 0.30000E+02, 0.00000E+00
 0.65000E+02, 0.30000E+02, 0.22000E+02, 0.30000E+02, 0.00000E+00
 0.00000E+00, 0.31000E+02, 0.22000E+02, 0.30000E+02, 0.00000E+00
 0.10000E+01, 0.31000E+02, 0.22000E+02, 0.30000E+02, 0.00000E+00
 0.20000E+01, 0.31000E+02, 0.22000E+02, 0.30000E+02, 0.00000E+00
 0.30000E+01, 0.31000E+02, 0.22000E+02, 0.30000E+02, 0.00000E+00
 0.40000E+01, 0.31000E+02, 0.22000E+02, 0.30000E+02, 0.00000E+00
 0.50000E+01, 0.31000E+02, 0.22212E+02, 0.30000E+02, 0.00000E+00
 0.60000E+01, 0.31000E+02, 0.22000E+02, 0.30000E+02, 0.00000E+00
 0.70000E+01, 0.31000E+02, 0.22001E+02, 0.30000E+02, 0.00000E+00
 0.80000E+01, 0.31000E+02, 0.21729E+02, 0.30000E+02, 0.00000E+00
 0.90000E+01, 0.31000E+02, 0.22000E+02, 0.30000E+02, 0.00000E+00
 0.10000E+02, 0.31000E+02, 0.22000E+02, 0.30000E+02, 0.00000E+00
 0.11000E+02, 0.31000E+02, 0.21999E+02, 0.30000E+02, 0.00000E+00
 0.12000E+02, 0.31000E+02, 0.21965E+02, 0.30000E+02, 0.00000E+00
 0.13000E+02, 0.31000E+02, 0.22000E+02, 0.30000E+02, 0.00000E+00
 0.14000E+02, 0.31000E+02, 0.22000E+02, 0.30000E+02, 0.00000E+00
 0.15000E+02, 0.31000E+02, 0.22000E+02, 0.30000E+02, 0.00000E+00
 0.16000E+02, 0.31000E+02, 0.22000E+02, 0.30000E+02, 0.00000E+00
 0.17000E+02, 0.31000E+02, 0.22000E+02, 0.30000E+02, 0.00000E+00
 0.18000E+02, 0.31000E+02, 0.22252E+02, 0.30000E+02, 0.00000E+00
 0.19000E+02, 0.31000E+02, 0.21999E+02, 0.30000E+02, 0.00000E+00
 0.20000E+02, 0.31000E+02, 0.22000E+02, 0.30000E+02, 0.00000E+00
 0.21000E+02, 0.31000E+02, 0.22000E+02, 0.30000E+02, 0.00000E+00
 0.22000E+02, 0.31000E+02, 0.22000E+02, 0.30000E+02, 0.00000E+00
 0.23000E+02, 0.31000E+02, 0.22000E+02, 0.30000E+02, 0.00000E+00
 0.24000E+02, 0.31000E+02, 0.22000E+02, 0.30000E+02, 0.00000E+00
 0.25000E+02, 0.31000E+02, 0.22000E+02, 0.30000E+02, 0.00000E+00
 0.26000E+02, 0.31000E+02, 0.22000E+02, 0.30000E+02, 0.00000E+00
 0.27000E+02, 0.31000E+02, 0.22000E+02, 0.30000E+02, 0.00000E+00
 0.28000E+02, 0.31000E+02, 0.22000E+02, 0.30000E+02, 0.00000E+00
 0.29000E+02, 0.31000E+02, 0.23067E+02, 0.30000E+02, 0.00000E+00
 0.30000E+02, 0.31000E+02, 0.21997E+02, 0.30000E+02, 0.00000E+00
 0.31000E+02, 0.31000E+02, 0.22000E+02, 0.30000E+02, 0.00000E+00
 0.32000E+02, 0.31000E+02, 0.22000E+02, 0.30000E+02, 0.00000E+00
 0.33000E+02, 0.31000E+02, 0.22000E+02, 0.30000E+02, 0.00000E+00
 0.34000E+02, 0.31000E+02, 0.22000E+02, 0.30000E+02, 0.00000E+00
 0.35000E+02, 0.31000E+02, 0.22000E+02, 0.30000E+02, 0.00000E+00
 0.36000E+02, 0.31000E+02, 0.22000E+02, 0.30000E+02, 0.00000E+00
 0.37000E+02, 0.31000E+02, 0.22000E+02, 0.30000E+02, 0.00000E+00
 0.38000E+02, 0.31000E+02, 0.22000E+02, 0.30000E+02, 0.00000E+00
 0.39000E+02, 0.31000E+02, 0.22000E+02, 0.30000E+02, 0.00000E+00
 0.40000E+02, 0.31000E+02, 0.22000E+02, 0.30000E+02, 0.00000E+00
 0.41000E+02, 0.31000E+02, 0.22000E+02, 0.30000E+02, 0.00000E+00
 0.42000E+02, 0.31000E+02, 0.22000E+02, 0.30000E+02, 0.00000E+00
 0.43000E+02, 0.31000E+02, 0.22000E+02, 0.30000E+02, 0.00000E+00
 0.44000E+02, 0.31000E+02, 0.22000E+02, 0.30000E+02, 0.00000E+00
 0.45000E+02, 0.31000E+02, 0.22000E+02, 0.30000E+02, 0.00000E+00
 0.46000E+02, 0.31000E+02, 0.22000E+02, 0.30000E+02, 0.00000E+00
 0.47000E+02, 0.31000E+02, 0.21421E+02, 0.30000E+02, 0.00000E+00
 0.48000E+02, 0.31000E+02, 0.22002E+02, 0.30000E+02, 0.00000E+00
 0.49000E+02, 0.31000E+02, 0.22000E+02, 0.30000E+02, 0.00000E+00
 0.50000E+02, 0.31000E+02, 0.22000E+02, 0.30000E+02, 0.00000E+00
 0.51000E+02, 0.31000E+02, 0.22000E+02, 0.30000E+02, 0.00000E+00
 0.52000E+02, 0.31000E+02, 0.22000E+02, 0.30000E+02, 0.00000E+00
 0.53000E+02, 0.31000E+02, 0.22000E+02, 0.30000E+02, 0.00000E+00
 0.54000E+02, 0.31000E+02, 0.22000E+02, 0.30000E+02, 0.00000E+00
 0.55000E+02, 0.31000E+02, 0.22000E+02, 0.30000E+02, 0.00000E+00
 0.56000E+02, 0.31000E+02, 0.22000E+02, 0.30000E+02, 0.00000E+00
 0.57000E+02, 0.31000E+02, 0.22000E+02, 0.30000E+02, 0.00000E+00
 0.58000E+02, 0.31000E+02, 0.22000E+02, 0.30000E+02, 0.00000E+00
 0.59000E+02, 0.31000E+02, 0.22000E+02, 0.30000E+02, 0.00000E+00
 0.60000E+02, 0.31000E+02, 0.22000E+02, 0.30000E+02, 0.00000E+00
 0.61000E+02, 0.31000E+02, 0.22000E+02, 0.30000E+02, 0.00000E+00
 0.62000E+02, 0.31000E+02, 0.22000E+02, 0.30000E+02, 0.00000E+00
 0.63000E+02, 0.31000E+02, 0.22000E+02, 0.30000E+02, 0.00000E+00
 0.64000E+02, 0.31000E+02, 0.22000E+02, 0.30000E+02, 0.00000E+00
 0.65000E+02, 0.31000E+02, 0.22000E+02, 0.30000E+02, 0.00000E+00
 0.00000E+00, 0.32000E+02, 0.22000E+02, 0.30000E+02, 0.00000E+00
 0.10000E+01, 0.32000E+02, 0.22000E+02, 0.30000E+02, 0.00000E+00
 0.20000E+01, 0.32000E+02, 0.22000E+02, 0.30000E+02, 0.00000E+00
 0.30000E+01, 0.32000E+02, 0.22000E+02, 0.30000E+02, 0.00000E+00
 0.40000E+01, 0.32000E+02, 0.22000E+02, 0.30000E+02, 0.00000E+00
 0.50000E+01, 0.32000E+02, 0.22246E+02, 0.30000E+02, 0.00000E+00
 0.60000E+01, 0.32000E+02, 0.22000E+02, 0.30000E+02, 0.00000E+00
 0.70000E+01, 0.32000E+02, 0.22000E+02, 0.30000E+02, 0.00000E+00
 0.80000E+01, 0.32000E+02, 0.21711E+02, 0.30000E+02, 0.00000E+00
 0.90000E+01, 0.32000E+02, 0.22000E+02, 0.30000E+02, 0.00000E+00
 0.10000E+02, 0.32000E+02, 0.22000E+02, 0.30000E+02, 0.00000E+00
 0.11000E+02, 0.32000E+02, 0.22001E+02, 0.30000E+02, 0.00000E+00
 0.12000E+02, 0.32000E+02, 0.22022E+02, 0.30000E+02, 0.00000E+00
 0.13000E+02, 0.32000E+02, 0.22000E+02, 0.30000E+02, 0.00000E+00
 0.14000E+02, 0.32000E+02, 0.22000E+02, 0.30000E+02, 0.00000E+00
 0.15000E+02, 0.32000E+02, 0.22000E+02, 0.30000E+02, 0.00000E+00
 0.16000E+02, 0.32000E+02, 0.22000E+02, 0.30000E+02, 0.00000E+00
 0.17000E+02, 0.32000E+02, 0.22000E+02, 0.30000E+02, 0.00000E+00
 0.18000E+02, 0.32000E+02, 0.22224E+02, 0.30000E+02, 0.00000E+00
 0.19000E+02, 0.32000E+02, 0.22000E+02, 0.30000E+02, 0.00000E+00
 0.20000E+02, 0.32000E+02, 0.22000E+02, 0.30000E+02, 0.00000E+00
 0.21000E+02, 0.32000E+02, 0.22000E+02, 0.30000E+02, 0.00000E+00
 0.22000E+02, 0.32000E+02, 0.22000E+02, 0.30000E+02, 0.00000E+00
 0.23000E+02, 0.32000E+02, 0.22000E+02, 0.30000E+02, 0.00000E+00
 0.24000E+02, 0.32000E+02, 0.22000E+02, 0.30000E+02, 0.00000E+00
 0.25000E+02, 0.32000E+02, 0.22000E+02, 0.30000E+02, 0.00000E+00
 0.26000E+02, 0.32000E+02, 0.22000E+02, 0.30000E+02, 0.00000E+00
 0.27000E+02, 0.32000E+02, 0.22000E+02, 0.30000E+02, 0.00000E+00
 0.28000E+02, 0.32000E+02, 0.22000E+02, 0.30000E+02, 0.00000E+00
 0.29000E+02, 0.32000E+02, 0.23108E+02, 0.30000E+02, 0.00000E+00
 0.30000E+02, 0.32000E+02, 0.21994E+02, 0.30000E+02, 0.00000E+00
 0.31000E+02, 0.32000E+02, 0.22000E+02, 0.30000E+02, 0.00000E+00
 0.32000E+02, 0.32000E+02, 0.22000E+02, 0.30000E+02, 0.00000E+00
 0.33000E+02, 0.32000E+02, 0.22000E+02, 0.30000E+02, 0.00000E+00
 0.34000E+02, 0.32000E+02, 0.22000E+02, 0.30000E+02, 0.00000E+00
 0.35000E+02, 0.32000E+02, 0.22000E+02, 0.30000E+02, 0.00000E+00
 0.36000E+02, 0.32000E+02, 0.22000E+02, 0.30000E+02, 0.00000E+00
 0.37000E+02, 0.32000E+02, 0.22000E+02, 0.30000E+02, 0.00000E+00
 0.38000E+02, 0.32000E+02, 0.22000E+02, 0.30000E+02, 0.00000E+00
 0.39000E+02, 0.32000E+02, 0.22000E+02, 0.30000E+02, 0.00000E+00
 0.40000E+02, 0.32000E+02, 0.22000E+02, 0.30000E+02, 0.00000E+00
 0.41000E+02, 0.32000E+02, 0.22000E+02, 0.30000E+02, 0.00000E+00
 0.42000E+02, 0.32000E+02, 0.22000E+02, 0.30000E+02, 0.00000E+00
 0.43000E+02, 0.32000E+02, 0.22000E+02, 0.30000E+02, 0.00000E+00
 0.44000E+02, 0.32000E+02, 0.22000E+02, 0.30000E+02, 0.00000E+00
 0.45000E+02, 0.32000E+02, 0.22000E+02, 0.30000E+02, 0.00000E+00
 0.46000E+02, 0.32000E+02, 0.22000E+02, 0.30000E+02, 0.00000E+00
 0.47000E+02, 0.32000E+02, 0.21537E+02, 0.30000E+02, 0.00000E+00
 0.48000E+02, 0.32000E+02, 0.22001E+02, 0.30000E+02, 0.00000E+00
 0.49000E+02, 0.32000E+02, 0.22000E+02, 0.30000E+02, 0.00000E+00
 0.50000E+02, 0.32000E+02, 0.22000E+02, 0.30000E+02, 0.00000E+00
 0.51000E+02, 0.32000E+02, 0.22000E+02, 0.30000E+02, 0.00000E+00
 0.52000E+02, 0.32000E+02, 0.22000E+02, 0.30000E+02, 0.00000E+00
 0.53000E+02, 0.32000E+02, 0.22000E+02, 0.30000E+02, 0.00000E+00
 0.54000E+02, 0.32000E+02, 0.22000E+02, 0.30000E+02, 0.00000E+00
 0.55000E+02, 0.32000E+02, 0.22000E+02, 0.30000E+02, 0.00000E+00
 0.56000E+02, 0.32000E+02, 0.22000E+02, 0.30000E+02, 0.00000E+00
 0.57000E+02, 0.32000E+02, 0.22000E+02, 0.30000E+02, 0.00000E+00
 0.58000E+02, 0.32000E+02, 0.22000E+02, 0.30000E+02, 0.00000E+00
 0.59000E+02, 0.32000E+02, 0.22000E+02, 0.30000E+02, 0.00000E+00
 0.60000E+02, 0.32000E+02, 0.22000E+02, 0.30000E+02, 0.00000E+00
 0.61000E+02, 0.32000E+02, 0.22000E+02, 0.30000E+02, 0.00000E+00
 0.62000E+02, 0.32000E+02, 0.22000E+02, 0.30000E+02, 0.00000E+00
 0.63000E+02, 0.32000E+02, 0.22000E+02, 0.30000E+02, 0.00000E+00
 0.64000E+02, 0.32000E+02, 0.22000E+02, 0.30000E+02, 0.00000E+00
 0.65000E+02, 0.32000E+02, 0.22000E+02, 0.30000E+02, 0.00000E+00
 0.00000E+00, 0.33000E+02, 0.22000E+02, 0.30000E+02, 0.00000E+00
 0.10000E+01, 0.33000E+02, 0.22000E+02, 0.30000E+02, 0.00000E+00
 0.20000E+01, 0.33000E+02, 0.22000E+02, 0.30000E+02, 0.00000E+00
 0.30000E+01, 0.33000E+02, 0.22000E+02, 0.30000E+02, 0.00000E+00
 0.40000E+01, 0.33000E+02, 0.22000E+02, 0.30000E+02, 0.00000E+00
 0.50000E+01, 0.33000E+02, 0.22216E+02, 0.30000E+02, 0.00000E+00
 0.60000E+01, 0.33000E+02, 0.22000E+02, 0.30000E+02, 0.00000E+00
 0.70000E+01, 0.33000E+02, 0.22001E+02, 0.30000E+02, 0.00000E+00
 0.80000E+01, 0.33000E+02, 0.21706E+02, 0.30000E+02, 0.00000E+00
 0.90000E+01, 0.33000E+02, 0.22000E+02, 0.30000E+02, 0.00000E+00
 0.10000E+02, 0.33000E+02, 0.22000E+02, 0.30000E+02, 0.00000E+00
 0.11000E+02, 0.33000E+02, 0.22000E+02, 0.30000E+02, 0.00000E+00
 0.12000E+02, 0.33000E+02, 0.22000E+02, 0.30000E+02, 0.00000E+00
 0.13000E+02, 0.33000E+02, 0.22000E+02, 0.30000E+02, 0.00000E+00
 0.14000E+02, 0.33000E+02, 0.22000E+02, 0.30000E+02, 0.00000E+00
 0.15000E+02, 0.33000E+02, 0.22000E+02, 0.30000E+02, 0.00000E+00
 0.16000E+02, 0.33000E+02, 0.22000E+02, 0.30000E+02, 0.00000E+00
 0.17000E+02, 0.33000E+02, 0.22000E+02, 0.30000E+02, 0.00000E+00
 0.18000E+02, 0.33000E+02, 0.22232E+02, 0.30000E+02, 0.00000E+00
 0.19000E+02, 0.33000E+02, 0.22000E+02, 0.30000E+02, 0.00000E+00
 0.20000E+02, 0.33000E+02, 0.22000E+02, 0.30000E+02, 0.00000E+00
 0.21000E+02, 0.33000E+02, 0.22000E+02, 0.30000E+02, 0.00000E+00
 0.22000E+02, 0.33000E+02, 0.22000E+02, 0.30000E+02, 0.00000E+00
 0.23000E+02, 0.33000E+02, 0.22000E+02, 0.30000E+02, 0.00000E+00
 0.24000E+02, 0.33000E+02, 0.22000E+02, 0.30000E+02, 0.00000E+00
 0.25000E+02, 0.33000E+02, 0.22000E+02, 0.30000E+02, 0.00000E+00
 0.26000E+02, 0.33000E+02, 0.22000E+02, 0.30000E+02, 0.00000E+00
 0.27000E+02, 0.33000E+02, 0.22000E+02, 0.30000E+02, 0.00000E+00
 0.28000E+02, 0.33000E+02, 0.22000E+02, 0.30000E+02, 0.00000E+00
 0.29000E+02, 0.33000E+02, 0.23169E+02, 0.30000E+02, 0.00000E+00
 0.30000E+02, 0.33000E+02, 0.21999E+02, 0.30000E+02, 0.00000E+00
 0.31000E+02, 0.33000E+02, 0.22000E+02, 0.30000E+02, 0.00000E+00
 0.32000E+02, 0.33000E+02, 0.22000E+02, 0.30000E+02, 0.00000E+00
 0.33000E+02, 0.33000E+02, 0.22000E+02, 0.30000E+02, 0.00000E+00
 0.34000E+02, 0.33000E+02, 0.22000E+02, 0.30000E+02, 0.00000E+00
 0.35000E+02, 0.33000E+02, 0.22000E+02, 0.30000E+02, 0.00000E+00
 0.36000E+02, 0.33000E+02, 0.22000E+02, 0.30000E+02, 0.00000E+00
 0.37000E+02, 0.33000E+02, 0.22000E+02, 0.30000E+02, 0.00000E+00
 0.38000E+02, 0.33000E+02, 0.22000E+02, 0.30000E+02, 0.00000E+00
 0.39000E+02, 0.33000E+02, 0.22000E+02, 0.30000E+02, 0.00000E+00
 0.40000E+02, 0.33000E+02, 0.22000E+02, 0.30000E+02, 0.00000E+00
 0.41000E+02, 0.33000E+02, 0.22000E+02, 0.30000E+02, 0.00000E+00
 0.42000E+02, 0.33000E+02, 0.22000E+02, 0.30000E+02, 0.00000E+00
 0.43000E+02, 0.33000E+02, 0.22000E+02, 0.30000E+02, 0.00000E+00
 0.44000E+02, 0.33000E+02, 0.22000E+02, 0.30000E+02, 0.00000E+00
 0.45000E+02, 0.33000E+02, 0.22000E+02, 0.30000E+02, 0.00000E+00
 0.46000E+02, 0.33000E+02, 0.22000E+02, 0.30000E+02, 0.00000E+00
 0.47000E+02, 0.33000E+02, 0.21653E+02, 0.30000E+02, 0.00000E+00
 0.48000E+02, 0.33000E+02, 0.22002E+02, 0.30000E+02, 0.00000E+00
 0.49000E+02, 0.33000E+02, 0.22000E+02, 0.30000E+02, 0.00000E+00
 0.50000E+02, 0.33000E+02, 0.22000E+02, 0.30000E+02, 0.00000E+00
 0.51000E+02, 0.33000E+02, 0.22000E+02, 0.30000E+02, 0.00000E+00
 0.52000E+02, 0.33000E+02, 0.22000E+02, 0.30000E+02, 0.00000E+00
 0.53000E+02, 0.33000E+02, 0.22000E+02, 0.30000E+02, 0.00000E+00
 0.54000E+02, 0.33000E+02, 0.22000E+02, 0.30000E+02, 0.00000E+00
 0.55000E+02, 0.33000E+02, 0.22000E+02, 0.30000E+02, 0.00000E+00
 0.56000E+02, 0.33000E+02, 0.22000E+02, 0.30000E+02, 0.00000E+00
 0.57000E+02, 0.33000E+02, 0.22000E+02, 0.30000E+02, 0.00000E+00
 0.58000E+02, 0.33000E+02, 0.22000E+02, 0.30000E+02, 0.00000E+00
 0.59000E+02, 0.33000E+02, 0.22000E+02, 0.30000E+02, 0.00000E+00
 0.60000E+02, 0.33000E+02, 0.22000E+02, 0.30000E+02, 0.00000E+00
 0.61000E+02, 0.33000E+02, 0.22000E+02, 0.30000E+02, 0.00000E+00
 0.62000E+02, 0.33000E+02, 0.22000E+02, 0.30000E+02, 0.00000E+00
 0.63000E+02, 0.33000E+02, 0.22000E+02, 0.30000E+02, 0.00000E+00
 0.64000E+02, 0.33000E+02, 0.22000E+02, 0.30000E+02, 0.00000E+00
 0.65000E+02, 0.33000E+02, 0.22000E+02, 0.30000E+02, 0.00000E+00
 0.00000E+00, 0.34000E+02, 0.22000E+02, 0.30000E+02, 0.00000E+00
 0.10000E+01, 0.34000E+02, 0.22000E+02, 0.30000E+02, 0.00000E+00
 0.20000E+01, 0.34000E+02, 0.22000E+02, 0.30000E+02, 0.00000E+00
 0.30000E+01, 0.34000E+02, 0.22000E+02, 0.30000E+02, 0.00000E+00
 0.40000E+01, 0.34000E+02, 0.22000E+02, 0.30000E+02, 0.00000E+00
 0.50000E+01, 0.34000E+02, 0.22239E+02, 0.30000E+02, 0.00000E+00
 0.60000E+01, 0.34000E+02, 0.22000E+02, 0.30000E+02, 0.00000E+00
 0.70000E+01, 0.34000E+02, 0.22000E+02, 0.30000E+02, 0.00000E+00
 0.80000E+01, 0.34000E+02, 0.21684E+02, 0.30000E+02, 0.00000E+00
 0.90000E+01, 0.34000E+02, 0.22000E+02, 0.30000E+02, 0.00000E+00
 0.10000E+02, 0.34000E+02, 0.22000E+02, 0.30000E+02, 0.00000E+00
 0.11000E+02, 0.34000E+02, 0.22000E+02, 0.30000E+02, 0.00000E+00
 0.12000E+02, 0.34000E+02, 0.21999E+02, 0.30000E+02, 0.00000E+00
 0.13000E+02, 0.34000E+02, 0.21999E+02, 0.30000E+02, 0.00000E+00
 0.14000E+02, 0.34000E+02, 0.22000E+02, 0.30000E+02, 0.00000E+00
 0.15000E+02, 0.34000E+02, 0.22000E+02, 0.30000E+02, 0.00000E+00
 0.16000E+02, 0.34000E+02, 0.22000E+02, 0.30000E+02, 0.00000E+00
 0.17000E+02, 0.34000E+02, 0.22000E+02, 0.30000E+02, 0.00000E+00
 0.18000E+02, 0.34000E+02, 0.22218E+02, 0.30000E+02, 0.00000E+00
 0.19000E+02, 0.34000E+02, 0.22000E+02, 0.30000E+02, 0.00000E+00
 0.20000E+02, 0.34000E+02, 0.22000E+02, 0.30000E+02, 0.00000E+00
 0.21000E+02, 0.34000E+02, 0.22003E+02, 0.30000E+02, 0.00000E+00
 0.22000E+02, 0.34000E+02, 0.22003E+02, 0.30000E+02, 0.00000E+00
 0.23000E+02, 0.34000E+02, 0.22000E+02, 0.30000E+02, 0.00000E+00
 0.24000E+02, 0.34000E+02, 0.22005E+02, 0.30000E+02, 0.00000E+00
 0.25000E+02, 0.34000E+02, 0.22014E+02, 0.30000E+02, 0.00000E+00
 0.26000E+02, 0.34000E+02, 0.22004E+02, 0.30000E+02, 0.00000E+00
 0.27000E+02, 0.34000E+02, 0.22008E+02, 0.30000E+02, 0.00000E+00
 0.28000E+02, 0.34000E+02, 0.22014E+02, 0.30000E+02, 0.00000E+00
 0.29000E+02, 0.34000E+02, 0.23311E+02, 0.30000E+02, 0.00000E+00
 0.30000E+02, 0.34000E+02, 0.22005E+02, 0.30000E+02, 0.00000E+00
 0.31000E+02, 0.34000E+02, 0.22001E+02, 0.30000E+02, 0.00000E+00
 0.32000E+02, 0.34000E+02, 0.22026E+02, 0.30000E+02, 0.00000E+00
 0.33000E+02, 0.34000E+02, 0.22002E+02, 0.30000E+02, 0.00000E+00
 0.34000E+02, 0.34000E+02, 0.22030E+02, 0.30000E+02, 0.00000E+00
 0.35000E+02, 0.34000E+02, 0.22005E+02, 0.30000E+02, 0.00000E+00
 0.36000E+02, 0.34000E+02, 0.22040E+02, 0.30000E+02, 0.00000E+00
 0.37000E+02, 0.34000E+02, 0.22022E+02, 0.30000E+02, 0.00000E+00
 0.38000E+02, 0.34000E+02, 0.22049E+02, 0.30000E+02, 0.00000E+00
 0.39000E+02, 0.34000E+02, 0.22049E+02, 0.30000E+02, 0.00000E+00
 0.40000E+02, 0.34000E+02, 0.22041E+02, 0.30000E+02, 0.00000E+00
 0.41000E+02, 0.34000E+02, 0.22022E+02, 0.30000E+02, 0.00000E+00
 0.42000E+02, 0.34000E+02, 0.22017E+02, 0.30000E+02, 0.00000E+00
 0.43000E+02, 0.34000E+02, 0.22025E+02, 0.30000E+02, 0.00000E+00
 0.44000E+02, 0.34000E+02, 0.22043E+02, 0.30000E+02, 0.00000E+00
 0.45000E+02, 0.34000E+02, 0.22006E+02, 0.30000E+02, 0.00000E+00
 0.46000E+02, 0.34000E+02, 0.22029E+02, 0.30000E+02, 0.00000E+00
 0.47000E+02, 0.34000E+02, 0.21865E+02, 0.30000E+02, 0.00000E+00
 0.48000E+02, 0.34000E+02, 0.22020E+02, 0.30000E+02, 0.00000E+00
 0.49000E+02, 0.34000E+02, 0.22013E+02, 0.30000E+02, 0.00000E+00
 0.50000E+02, 0.34000E+02, 0.22013E+02, 0.30000E+02, 0.00000E+00
 0.51000E+02, 0.34000E+02, 0.22007E+02, 0.30000E+02, 0.00000E+00
 0.52000E+02, 0.34000E+02, 0.22002E+02, 0.30000E+02, 0.00000E+00
 0.53000E+02, 0.34000E+02, 0.22011E+02, 0.30000E+02, 0.00000E+00
 0.54000E+02, 0.34000E+02, 0.22002E+02, 0.30000E+02, 0.00000E+00
 0.55000E+02, 0.34000E+02, 0.22001E+02, 0.30000E+02, 0.00000E+00
 0.56000E+02, 0.34000E+02, 0.22004E+02, 0.30000E+02, 0.00000E+00
 0.57000E+02, 0.34000E+02, 0.22001E+02, 0.30000E+02, 0.00000E+00
 0.58000E+02, 0.34000E+02, 0.22000E+02, 0.30000E+02, 0.00000E+00
 0.59000E+02, 0.34000E+02, 0.22000E+02, 0.30000E+02, 0.00000E+00
 0.60000E+02, 0.34000E+02, 0.22000E+02, 0.30000E+02, 0.00000E+00
 0.61000E+02, 0.34000E+02, 0.22000E+02, 0.30000E+02, 0.00000E+00
 0.62000E+02, 0.34000E+02, 0.22000E+02, 0.30000E+02, 0.00000E+00
 0.63000E+02, 0.34000E+02, 0.22000E+02, 0.30000E+02, 0.00000E+00
 0.64000E+02, 0.34000E+02, 0.22000E+02, 0.30000E+02, 0.00000E+00
 0.65000E+02, 0.34000E+02, 0.22000E+02, 0.30000E+02, 0.00000E+00
 0.00000E+00, 0.35000E+02, 0.22000E+02, 0.30000E+02, 0.00000E+00
 0.10000E+01, 0.35000E+02, 0.22000E+02, 0.30000E+02, 0.00000E+00
 0.20000E+01, 0.35000E+02, 0.22000E+02, 0.30000E+02, 0.00000E+00
 0.30000E+01, 0.35000E+02, 0.22000E+02, 0.30000E+02, 0.00000E+00
 0.40000E+01, 0.35000E+02, 0.22000E+02, 0.30000E+02, 0.00000E+00
 0.50000E+01, 0.35000E+02, 0.22213E+02, 0.30000E+02, 0.00000E+00
 0.60000E+01, 0.35000E+02, 0.22000E+02, 0.30000E+02, 0.00000E+00
 0.70000E+01, 0.35000E+02, 0.22000E+02, 0.30000E+02, 0.00000E+00
 0.80000E+01, 0.35000E+02, 0.21743E+02, 0.30000E+02, 0.00000E+00
 0.90000E+01, 0.35000E+02, 0.22000E+02, 0.30000E+02, 0.00000E+00
 0.10000E+02, 0.35000E+02, 0.22000E+02, 0.30000E+02, 0.00000E+00
 0.11000E+02, 0.35000E+02, 0.22000E+02, 0.30000E+02, 0.00000E+00
 0.12000E+02, 0.35000E+02, 0.22000E+02, 0.30000E+02, 0.00000E+00
 0.13000E+02, 0.35000E+02, 0.22000E+02, 0.30000E+02, 0.00000E+00
 0.14000E+02, 0.35000E+02, 0.22000E+02, 0.30000E+02, 0.00000E+00
 0.15000E+02, 0.35000E+02, 0.22000E+02, 0.30000E+02, 0.00000E+00
 0.16000E+02, 0.35000E+02, 0.22000E+02, 0.30000E+02, 0.00000E+00
 0.17000E+02, 0.35000E+02, 0.22000E+02, 0.30000E+02, 0.00000E+00
 0.18000E+02, 0.35000E+02, 0.22000E+02, 0.30000E+02, 0.00000E+00
 0.19000E+02, 0.35000E+02, 0.21867E+02, 0.30000E+02, 0.00000E+00
 0.20000E+02, 0.35000E+02, 0.21688E+02, 0.30000E+02, 0.00000E+00
 0.21000E+02, 0.35000E+02, 0.21502E+02, 0.30000E+02, 0.00000E+00
 0.22000E+02, 0.35000E+02, 0.21320E+02, 0.30000E+02, 0.00000E+00
 0.23000E+02, 0.35000E+02, 0.21133E+02, 0.30000E+02, 0.00000E+00
 0.24000E+02, 0.35000E+02, 0.20975E+02, 0.30000E+02, 0.00000E+00
 0.25000E+02, 0.35000E+02, 0.20796E+02, 0.30000E+02, 0.00000E+00
 0.26000E+02, 0.35000E+02, 0.20564E+02, 0.30000E+02, 0.00000E+00
 0.27000E+02, 0.35000E+02, 0.20335E+02, 0.30000E+02, 0.00000E+00
 0.28000E+02, 0.35000E+02, 0.20145E+02, 0.30000E+02, 0.00000E+00
 0.29000E+02, 0.35000E+02, 0.19901E+02, 0.30000E+02, 0.00000E+00
 0.30000E+02, 0.35000E+02, 0.20920E+02, 0.30000E+02, 0.00000E+00
 0.31000E+02, 0.35000E+02, 0.20340E+02, 0.30000E+02, 0.00000E+00
 0.32000E+02, 0.35000E+02, 0.19934E+02, 0.30000E+02, 0.00000E+00
 0.33000E+02, 0.35000E+02, 0.19587E+02, 0.30000E+02, 0.00000E+00
 0.34000E+02, 0.35000E+02, 0.19349E+02, 0.30000E+02, 0.00000E+00
 0.35000E+02, 0.35000E+02, 0.19153E+02, 0.30000E+02, 0.00000E+00
 0.36000E+02, 0.35000E+02, 0.19114E+02, 0.30000E+02, 0.00000E+00
 0.37000E+02, 0.35000E+02, 0.19203E+02, 0.30000E+02, 0.00000E+00
 0.38000E+02, 0.35000E+02, 0.19596E+02, 0.30000E+02, 0.00000E+00
 0.39000E+02, 0.35000E+02, 0.19315E+02, 0.30000E+02, 0.00000E+00
 0.40000E+02, 0.35000E+02, 0.18896E+02, 0.30000E+02, 0.00000E+00
 0.41000E+02, 0.35000E+02, 0.18800E+02, 0.30000E+02, 0.00000E+00
 0.42000E+02, 0.35000E+02, 0.18775E+02, 0.30000E+02, 0.00000E+00
 0.43000E+02, 0.35000E+02, 0.18915E+02, 0.30000E+02, 0.00000E+00
 0.44000E+02, 0.35000E+02, 0.19070E+02, 0.30000E+02, 0.00000E+00
 0.45000E+02, 0.35000E+02, 0.19356E+02, 0.30000E+02, 0.00000E+00
 0.46000E+02, 0.35000E+02, 0.19694E+02, 0.30000E+02, 0.00000E+00
 0.47000E+02, 0.35000E+02, 0.20158E+02, 0.30000E+02, 0.00000E+00
 0.48000E+02, 0.35000E+02, 0.20388E+02, 0.30000E+02, 0.00000E+00
 0.49000E+02, 0.35000E+02, 0.20299E+02, 0.30000E+02, 0.00000E+00
 0.50000E+02, 0.35000E+02, 0.20318E+02, 0.30000E+02, 0.00000E+00
 0.51000E+02, 0.35000E+02, 0.20403E+02, 0.30000E+02, 0.00000E+00
 0.52000E+02, 0.35000E+02, 0.20528E+02, 0.30000E+02, 0.00000E+00
 0.53000E+02, 0.35000E+02, 0.20640E+02, 0.30000E+02, 0.00000E+00
 0.54000E+02, 0.35000E+02, 0.20822E+02, 0.30000E+02, 0.00000E+00
 0.55000E+02, 0.35000E+02, 0.20990E+02, 0.30000E+02, 0.00000E+00
 0.56000E+02, 0.35000E+02, 0.21167E+02, 0.30000E+02, 0.00000E+00
 0.57000E+02, 0.35000E+02, 0.21380E+02, 0.30000E+02, 0.00000E+00
 0.58000E+02, 0.35000E+02, 0.21644E+02, 0.30000E+02, 0.00000E+00
 0.59000E+02, 0.35000E+02, 0.21999E+02, 0.30000E+02, 0.00000E+00
 0.60000E+02, 0.35000E+02, 0.22000E+02, 0.30000E+02, 0.00000E+00
 0.61000E+02, 0.35000E+02, 0.22000E+02, 0.30000E+02, 0.00000E+00
 0.62000E+02, 0.35000E+02, 0.22000E+02, 0.30000E+02, 0.00000E+00
 0.63000E+02, 0.35000E+02, 0.22000E+02, 0.30000E+02, 0.00000E+00
 0.64000E+02, 0.35000E+02, 0.22000E+02, 0.30000E+02, 0.00000E+00
 0.65000E+02, 0.35000E+02, 0.22000E+02, 0.30000E+02, 0.00000E+00
 0.00000E+00, 0.36000E+02, 0.22024E+02, 0.30000E+02, 0.00000E+00
 0.10000E+01, 0.36000E+02, 0.22000E+02, 0.30000E+02, 0.00000E+00
 0.20000E+01, 0.36000E+02, 0.22000E+02, 0.30000E+02, 0.00000E+00
 0.30000E+01, 0.36000E+02, 0.22000E+02, 0.30000E+02, 0.00000E+00
 0.40000E+01, 0.36000E+02, 0.22000E+02, 0.30000E+02, 0.00000E+00
 0.50000E+01, 0.36000E+02, 0.22232E+02, 0.30000E+02, 0.00000E+00
 0.60000E+01, 0.36000E+02, 0.22000E+02, 0.30000E+02, 0.00000E+00
 0.70000E+01, 0.36000E+02, 0.22000E+02, 0.30000E+02, 0.00000E+00
 0.80000E+01, 0.36000E+02, 0.22000E+02, 0.30000E+02, 0.00000E+00
 0.90000E+01, 0.36000E+02, 0.22000E+02, 0.30000E+02, 0.00000E+00
 0.10000E+02, 0.36000E+02, 0.22000E+02, 0.30000E+02, 0.00000E+00
 0.11000E+02, 0.36000E+02, 0.22000E+02, 0.30000E+02, 0.00000E+00
 0.12000E+02, 0.36000E+02, 0.22000E+02, 0.30000E+02, 0.00000E+00
 0.13000E+02, 0.36000E+02, 0.22000E+02, 0.30000E+02, 0.00000E+00
 0.14000E+02, 0.36000E+02, 0.22000E+02, 0.30000E+02, 0.00000E+00
 0.15000E+02, 0.36000E+02, 0.22000E+02, 0.30000E+02, 0.00000E+00
 0.16000E+02, 0.36000E+02, 0.22000E+02, 0.30000E+02, 0.00000E+00
 0.17000E+02, 0.36000E+02, 0.22000E+02, 0.30000E+02, 0.00000E+00
 0.18000E+02, 0.36000E+02, 0.22000E+02, 0.30000E+02, 0.00000E+00
 0.19000E+02, 0.36000E+02, 0.22000E+02, 0.30000E+02, 0.00000E+00
 0.20000E+02, 0.36000E+02, 0.22000E+02, 0.30000E+02, 0.00000E+00
 0.21000E+02, 0.36000E+02, 0.22000E+02, 0.30000E+02, 0.00000E+00
 0.22000E+02, 0.36000E+02, 0.22000E+02, 0.30000E+02, 0.00000E+00
 0.23000E+02, 0.36000E+02, 0.22000E+02, 0.30000E+02, 0.00000E+00
 0.24000E+02, 0.36000E+02, 0.22000E+02, 0.30000E+02, 0.00000E+00
 0.25000E+02, 0.36000E+02, 0.22000E+02, 0.30000E+02, 0.00000E+00
 0.26000E+02, 0.36000E+02, 0.22000E+02, 0.30000E+02, 0.00000E+00
 0.27000E+02, 0.36000E+02, 0.22000E+02, 0.30000E+02, 0.00000E+00
 0.28000E+02, 0.36000E+02, 0.22000E+02, 0.30000E+02, 0.00000E+00
 0.29000E+02, 0.36000E+02, 0.22000E+02, 0.30000E+02, 0.00000E+00
 0.30000E+02, 0.36000E+02, 0.22000E+02, 0.30000E+02, 0.00000E+00
 0.31000E+02, 0.36000E+02, 0.22000E+02, 0.30000E+02, 0.00000E+00
 0.32000E+02, 0.36000E+02, 0.22000E+02, 0.30000E+02, 0.00000E+00
 0.33000E+02, 0.36000E+02, 0.22000E+02, 0.30000E+02, 0.00000E+00
 0.34000E+02, 0.36000E+02, 0.22000E+02, 0.30000E+02, 0.00000E+00
 0.35000E+02, 0.36000E+02, 0.22000E+02, 0.30000E+02, 0.00000E+00
 0.36000E+02, 0.36000E+02, 0.22000E+02, 0.30000E+02, 0.00000E+00
 0.37000E+02, 0.36000E+02, 0.22000E+02, 0.30000E+02, 0.00000E+00
 0.38000E+02, 0.36000E+02, 0.22000E+02, 0.30000E+02, 0.00000E+00
 0.39000E+02, 0.36000E+02, 0.22000E+02, 0.30000E+02, 0.00000E+00
 0.40000E+02, 0.36000E+02, 0.22002E+02, 0.30000E+02, 0.00000E+00
 0.41000E+02, 0.36000E+02, 0.22002E+02, 0.30000E+02, 0.00000E+00
 0.42000E+02, 0.36000E+02, 0.22001E+02, 0.30000E+02, 0.00000E+00
 0.43000E+02, 0.36000E+02, 0.22001E+02, 0.30000E+02, 0.00000E+00
 0.44000E+02, 0.36000E+02, 0.22001E+02, 0.30000E+02, 0.00000E+00
 0.45000E+02, 0.36000E+02, 0.22001E+02, 0.30000E+02, 0.00000E+00
 0.46000E+02, 0.36000E+02, 0.22000E+02, 0.30000E+02, 0.00000E+00
 0.47000E+02, 0.36000E+02, 0.22000E+02, 0.30000E+02, 0.00000E+00
 0.48000E+02, 0.36000E+02, 0.22000E+02, 0.30000E+02, 0.00000E+00
 0.49000E+02, 0.36000E+02, 0.22000E+02, 0.30000E+02, 0.00000E+00
 0.50000E+02, 0.36000E+02, 0.22000E+02, 0.30000E+02, 0.00000E+00
 0.51000E+02, 0.36000E+02, 0.22000E+02, 0.30000E+02, 0.00000E+00
 0.52000E+02, 0.36000E+02, 0.22000E+02, 0.30000E+02, 0.00000E+00
 0.53000E+02, 0.36000E+02, 0.22000E+02, 0.30000E+02, 0.00000E+00
 0.54000E+02, 0.36000E+02, 0.22000E+02, 0.30000E+02, 0.00000E+00
 0.55000E+02, 0.36000E+02, 0.22000E+02, 0.30000E+02, 0.00000E+00
 0.56000E+02, 0.36000E+02, 0.22000E+02, 0.30000E+02, 0.00000E+00
 0.57000E+02, 0.36000E+02, 0.22000E+02, 0.30000E+02, 0.00000E+00
 0.58000E+02, 0.36000E+02, 0.22000E+02, 0.30000E+02, 0.00000E+00
 0.59000E+02, 0.36000E+02, 0.22000E+02, 0.30000E+02, 0.00000E+00
 0.60000E+02, 0.36000E+02, 0.22000E+02, 0.30000E+02, 0.00000E+00
 0.61000E+02, 0.36000E+02, 0.22000E+02, 0.30000E+02, 0.00000E+00
 0.62000E+02, 0.36000E+02, 0.22000E+02, 0.30000E+02, 0.00000E+00
 0.63000E+02, 0.36000E+02, 0.22000E+02, 0.30000E+02, 0.00000E+00
 0.64000E+02, 0.36000E+02, 0.22000E+02, 0.30000E+02, 0.00000E+00
 0.65000E+02, 0.36000E+02, 0.22000E+02, 0.30000E+02, 0.00000E+00
 0.00000E+00, 0.37000E+02, 0.22000E+02, 0.30000E+02, 0.00000E+00
 0.10000E+01, 0.37000E+02, 0.22000E+02, 0.30000E+02, 0.00000E+00
 0.20000E+01, 0.37000E+02, 0.22000E+02, 0.30000E+02, 0.00000E+00
 0.30000E+01, 0.37000E+02, 0.22000E+02, 0.30000E+02, 0.00000E+00
 0.40000E+01, 0.37000E+02, 0.22000E+02, 0.30000E+02, 0.00000E+00
 0.50000E+01, 0.37000E+02, 0.22155E+02, 0.30000E+02, 0.00000E+00
 0.60000E+01, 0.37000E+02, 0.22000E+02, 0.30000E+02, 0.00000E+00
 0.70000E+01, 0.37000E+02, 0.22000E+02, 0.30000E+02, 0.00000E+00
 0.80000E+01, 0.37000E+02, 0.21751E+02, 0.30000E+02, 0.00000E+00
 0.90000E+01, 0.37000E+02, 0.22000E+02, 0.30000E+02, 0.00000E+00
 0.10000E+02, 0.37000E+02, 0.22000E+02, 0.30000E+02, 0.00000E+00
 0.11000E+02, 0.37000E+02, 0.22000E+02, 0.30000E+02, 0.00000E+00
 0.12000E+02, 0.37000E+02, 0.22000E+02, 0.30000E+02, 0.00000E+00
 0.13000E+02, 0.37000E+02, 0.22000E+02, 0.30000E+02, 0.00000E+00
 0.14000E+02, 0.37000E+02, 0.22000E+02, 0.30000E+02, 0.00000E+00
 0.15000E+02, 0.37000E+02, 0.22000E+02, 0.30000E+02, 0.00000E+00
 0.16000E+02, 0.37000E+02, 0.22000E+02, 0.30000E+02, 0.00000E+00
 0.17000E+02, 0.37000E+02, 0.22000E+02, 0.30000E+02, 0.00000E+00
 0.18000E+02, 0.37000E+02, 0.22000E+02, 0.30000E+02, 0.00000E+00
 0.19000E+02, 0.37000E+02, 0.22000E+02, 0.30000E+02, 0.00000E+00
 0.20000E+02, 0.37000E+02, 0.22000E+02, 0.30000E+02, 0.00000E+00
 0.21000E+02, 0.37000E+02, 0.22000E+02, 0.30000E+02, 0.00000E+00
 0.22000E+02, 0.37000E+02, 0.22000E+02, 0.30000E+02, 0.00000E+00
 0.23000E+02, 0.37000E+02, 0.22000E+02, 0.30000E+02, 0.00000E+00
 0.24000E+02, 0.37000E+02, 0.22000E+02, 0.30000E+02, 0.00000E+00
 0.25000E+02, 0.37000E+02, 0.22000E+02, 0.30000E+02, 0.00000E+00
 0.26000E+02, 0.37000E+02, 0.22000E+02, 0.30000E+02, 0.00000E+00
 0.27000E+02, 0.37000E+02, 0.22000E+02, 0.30000E+02, 0.00000E+00
 0.28000E+02, 0.37000E+02, 0.22000E+02, 0.30000E+02, 0.00000E+00
 0.29000E+02, 0.37000E+02, 0.22000E+02, 0.30000E+02, 0.00000E+00
 0.30000E+02, 0.37000E+02, 0.22000E+02, 0.30000E+02, 0.00000E+00
 0.31000E+02, 0.37000E+02, 0.22000E+02, 0.30000E+02, 0.00000E+00
 0.32000E+02, 0.37000E+02, 0.22000E+02, 0.30000E+02, 0.00000E+00
 0.33000E+02, 0.37000E+02, 0.22000E+02, 0.30000E+02, 0.00000E+00
 0.34000E+02, 0.37000E+02, 0.22000E+02, 0.30000E+02, 0.00000E+00
 0.35000E+02, 0.37000E+02, 0.22000E+02, 0.30000E+02, 0.00000E+00
 0.36000E+02, 0.37000E+02, 0.22000E+02, 0.30000E+02, 0.00000E+00
 0.37000E+02, 0.37000E+02, 0.22000E+02, 0.30000E+02, 0.00000E+00
 0.38000E+02, 0.37000E+02, 0.22000E+02, 0.30000E+02, 0.00000E+00
 0.39000E+02, 0.37000E+02, 0.22001E+02, 0.30000E+02, 0.00000E+00
 0.40000E+02, 0.37000E+02, 0.22002E+02, 0.30000E+02, 0.00000E+00
 0.41000E+02, 0.37000E+02, 0.22002E+02, 0.30000E+02, 0.00000E+00
 0.42000E+02, 0.37000E+02, 0.22002E+02, 0.30000E+02, 0.00000E+00
 0.43000E+02, 0.37000E+02, 0.22002E+02, 0.30000E+02, 0.00000E+00
 0.44000E+02, 0.37000E+02, 0.22001E+02, 0.30000E+02, 0.00000E+00
 0.45000E+02, 0.37000E+02, 0.22001E+02, 0.30000E+02, 0.00000E+00
 0.46000E+02, 0.37000E+02, 0.22000E+02, 0.30000E+02, 0.00000E+00
 0.47000E+02, 0.37000E+02, 0.22000E+02, 0.30000E+02, 0.00000E+00
 0.48000E+02, 0.37000E+02, 0.22000E+02, 0.30000E+02, 0.00000E+00
 0.49000E+02, 0.37000E+02, 0.22000E+02, 0.30000E+02, 0.00000E+00
 0.50000E+02, 0.37000E+02, 0.22000E+02, 0.30000E+02, 0.00000E+00
 0.51000E+02, 0.37000E+02, 0.22000E+02, 0.30000E+02, 0.00000E+00
 0.52000E+02, 0.37000E+02, 0.22000E+02, 0.30000E+02, 0.00000E+00
 0.53000E+02, 0.37000E+02, 0.22000E+02, 0.30000E+02, 0.00000E+00
 0.54000E+02, 0.37000E+02, 0.22000E+02, 0.30000E+02, 0.00000E+00
 0.55000E+02, 0.37000E+02, 0.22000E+02, 0.30000E+02, 0.00000E+00
 0.56000E+02, 0.37000E+02, 0.22000E+02, 0.30000E+02, 0.00000E+00
 0.57000E+02, 0.37000E+02, 0.22000E+02, 0.30000E+02, 0.00000E+00
 0.58000E+02, 0.37000E+02, 0.22000E+02, 0.30000E+02, 0.00000E+00
 0.59000E+02, 0.37000E+02, 0.22000E+02, 0.30000E+02, 0.00000E+00
 0.60000E+02, 0.37000E+02, 0.22000E+02, 0.30000E+02, 0.00000E+00
 0.61000E+02, 0.37000E+02, 0.22000E+02, 0.30000E+02, 0.00000E+00
 0.62000E+02, 0.37000E+02, 0.22000E+02, 0.30000E+02, 0.00000E+00
 0.63000E+02, 0.37000E+02, 0.22000E+02, 0.30000E+02, 0.00000E+00
 0.64000E+02, 0.37000E+02, 0.22000E+02, 0.30000E+02, 0.00000E+00
 0.65000E+02, 0.37000E+02, 0.22000E+02, 0.30000E+02, 0.00000E+00
 0.00000E+00, 0.38000E+02, 0.22000E+02, 0.30000E+02, 0.00000E+00
 0.10000E+01, 0.38000E+02, 0.22000E+02, 0.30000E+02, 0.00000E+00
 0.20000E+01, 0.38000E+02, 0.22000E+02, 0.30000E+02, 0.00000E+00
 0.30000E+01, 0.38000E+02, 0.22000E+02, 0.30000E+02, 0.00000E+00
 0.40000E+01, 0.38000E+02, 0.22000E+02, 0.30000E+02, 0.00000E+00
 0.50000E+01, 0.38000E+02, 0.22121E+02, 0.30000E+02, 0.00000E+00
 0.60000E+01, 0.38000E+02, 0.22000E+02, 0.30000E+02, 0.00000E+00
 0.70000E+01, 0.38000E+02, 0.22002E+02, 0.30000E+02, 0.00000E+00
 0.80000E+01, 0.38000E+02, 0.21790E+02, 0.30000E+02, 0.00000E+00
 0.90000E+01, 0.38000E+02, 0.22000E+02, 0.30000E+02, 0.00000E+00
 0.10000E+02, 0.38000E+02, 0.22000E+02, 0.30000E+02, 0.00000E+00
 0.11000E+02, 0.38000E+02, 0.22000E+02, 0.30000E+02, 0.00000E+00
 0.12000E+02, 0.38000E+02, 0.22000E+02, 0.30000E+02, 0.00000E+00
 0.13000E+02, 0.38000E+02, 0.22000E+02, 0.30000E+02, 0.00000E+00
 0.14000E+02, 0.38000E+02, 0.22000E+02, 0.30000E+02, 0.00000E+00
 0.15000E+02, 0.38000E+02, 0.22000E+02, 0.30000E+02, 0.00000E+00
 0.16000E+02, 0.38000E+02, 0.22000E+02, 0.30000E+02, 0.00000E+00
 0.17000E+02, 0.38000E+02, 0.22000E+02, 0.30000E+02, 0.00000E+00
 0.18000E+02, 0.38000E+02, 0.22000E+02, 0.30000E+02, 0.00000E+00
 0.19000E+02, 0.38000E+02, 0.22000E+02, 0.30000E+02, 0.00000E+00
 0.20000E+02, 0.38000E+02, 0.22000E+02, 0.30000E+02, 0.00000E+00
 0.21000E+02, 0.38000E+02, 0.22000E+02, 0.30000E+02, 0.00000E+00
 0.22000E+02, 0.38000E+02, 0.22000E+02, 0.30000E+02, 0.00000E+00
 0.23000E+02, 0.38000E+02, 0.22000E+02, 0.30000E+02, 0.00000E+00
 0.24000E+02, 0.38000E+02, 0.22000E+02, 0.30000E+02, 0.00000E+00
 0.25000E+02, 0.38000E+02, 0.22000E+02, 0.30000E+02, 0.00000E+00
 0.26000E+02, 0.38000E+02, 0.22000E+02, 0.30000E+02, 0.00000E+00
 0.27000E+02, 0.38000E+02, 0.22000E+02, 0.30000E+02, 0.00000E+00
 0.28000E+02, 0.38000E+02, 0.22000E+02, 0.30000E+02, 0.00000E+00
 0.29000E+02, 0.38000E+02, 0.22000E+02, 0.30000E+02, 0.00000E+00
 0.30000E+02, 0.38000E+02, 0.22000E+02, 0.30000E+02, 0.00000E+00
 0.31000E+02, 0.38000E+02, 0.22000E+02, 0.30000E+02, 0.00000E+00
 0.32000E+02, 0.38000E+02, 0.22000E+02, 0.30000E+02, 0.00000E+00
 0.33000E+02, 0.38000E+02, 0.22000E+02, 0.30000E+02, 0.00000E+00
 0.34000E+02, 0.38000E+02, 0.22000E+02, 0.30000E+02, 0.00000E+00
 0.35000E+02, 0.38000E+02, 0.22000E+02, 0.30000E+02, 0.00000E+00
 0.36000E+02, 0.38000E+02, 0.22000E+02, 0.30000E+02, 0.00000E+00
 0.37000E+02, 0.38000E+02, 0.22000E+02, 0.30000E+02, 0.00000E+00
 0.38000E+02, 0.38000E+02, 0.22000E+02, 0.30000E+02, 0.00000E+00
 0.39000E+02, 0.38000E+02, 0.22001E+02, 0.30000E+02, 0.00000E+00
 0.40000E+02, 0.38000E+02, 0.22004E+02, 0.30000E+02, 0.00000E+00
 0.41000E+02, 0.38000E+02, 0.22003E+02, 0.30000E+02, 0.00000E+00
 0.42000E+02, 0.38000E+02, 0.22002E+02, 0.30000E+02, 0.00000E+00
 0.43000E+02, 0.38000E+02, 0.22002E+02, 0.30000E+02, 0.00000E+00
 0.44000E+02, 0.38000E+02, 0.22001E+02, 0.30000E+02, 0.00000E+00
 0.45000E+02, 0.38000E+02, 0.22001E+02, 0.30000E+02, 0.00000E+00
 0.46000E+02, 0.38000E+02, 0.22000E+02, 0.30000E+02, 0.00000E+00
 0.47000E+02, 0.38000E+02, 0.22000E+02, 0.30000E+02, 0.00000E+00
 0.48000E+02, 0.38000E+02, 0.22000E+02, 0.30000E+02, 0.00000E+00
 0.49000E+02, 0.38000E+02, 0.22000E+02, 0.30000E+02, 0.00000E+00
 0.50000E+02, 0.38000E+02, 0.22000E+02, 0.30000E+02, 0.00000E+00
 0.51000E+02, 0.38000E+02, 0.22000E+02, 0.30000E+02, 0.00000E+00
 0.52000E+02, 0.38000E+02, 0.22000E+02, 0.30000E+02, 0.00000E+00
 0.53000E+02, 0.38000E+02, 0.22000E+02, 0.30000E+02, 0.00000E+00
 0.54000E+02, 0.38000E+02, 0.22000E+02, 0.30000E+02, 0.00000E+00
 0.55000E+02, 0.38000E+02, 0.22000E+02, 0.30000E+02, 0.00000E+00
 0.56000E+02, 0.38000E+02, 0.22000E+02, 0.30000E+02, 0.00000E+00
 0.57000E+02, 0.38000E+02, 0.22000E+02, 0.30000E+02, 0.00000E+00
 0.58000E+02, 0.38000E+02, 0.22000E+02, 0.30000E+02, 0.00000E+00
 0.59000E+02, 0.38000E+02, 0.22000E+02, 0.30000E+02, 0.00000E+00
 0.60000E+02, 0.38000E+02, 0.22000E+02, 0.30000E+02, 0.00000E+00
 0.61000E+02, 0.38000E+02, 0.22000E+02, 0.30000E+02, 0.00000E+00
 0.62000E+02, 0.38000E+02, 0.22000E+02, 0.30000E+02, 0.00000E+00
 0.63000E+02, 0.38000E+02, 0.22000E+02, 0.30000E+02, 0.00000E+00
 0.64000E+02, 0.38000E+02, 0.22000E+02, 0.30000E+02, 0.00000E+00
 0.65000E+02, 0.38000E+02, 0.22000E+02, 0.30000E+02, 0.00000E+00
 0.00000E+00, 0.39000E+02, 0.22000E+02, 0.30000E+02, 0.00000E+00
 0.10000E+01, 0.39000E+02, 0.22000E+02, 0.30000E+02, 0.00000E+00
 0.20000E+01, 0.39000E+02, 0.22000E+02, 0.30000E+02, 0.00000E+00
 0.30000E+01, 0.39000E+02, 0.22000E+02, 0.30000E+02, 0.00000E+00
 0.40000E+01, 0.39000E+02, 0.22000E+02, 0.30000E+02, 0.00000E+00
 0.50000E+01, 0.39000E+02, 0.22139E+02, 0.30000E+02, 0.00000E+00
 0.60000E+01, 0.39000E+02, 0.21999E+02, 0.30000E+02, 0.00000E+00
 0.70000E+01, 0.39000E+02, 0.22000E+02, 0.30000E+02, 0.00000E+00
 0.80000E+01, 0.39000E+02, 0.21772E+02, 0.30000E+02, 0.00000E+00
 0.90000E+01, 0.39000E+02, 0.22000E+02, 0.30000E+02, 0.00000E+00
 0.10000E+02, 0.39000E+02, 0.22000E+02, 0.30000E+02, 0.00000E+00
 0.11000E+02, 0.39000E+02, 0.22000E+02, 0.30000E+02, 0.00000E+00
 0.12000E+02, 0.39000E+02, 0.22000E+02, 0.30000E+02, 0.00000E+00
 0.13000E+02, 0.39000E+02, 0.22000E+02, 0.30000E+02, 0.00000E+00
 0.14000E+02, 0.39000E+02, 0.22000E+02, 0.30000E+02, 0.00000E+00
 0.15000E+02, 0.39000E+02, 0.22000E+02, 0.30000E+02, 0.00000E+00
 0.16000E+02, 0.39000E+02, 0.22000E+02, 0.30000E+02, 0.00000E+00
 0.17000E+02, 0.39000E+02, 0.22000E+02, 0.30000E+02, 0.00000E+00
 0.18000E+02, 0.39000E+02, 0.22000E+02, 0.30000E+02, 0.00000E+00
 0.19000E+02, 0.39000E+02, 0.22000E+02, 0.30000E+02, 0.00000E+00
 0.20000E+02, 0.39000E+02, 0.22000E+02, 0.30000E+02, 0.00000E+00
 0.21000E+02, 0.39000E+02, 0.22000E+02, 0.30000E+02, 0.00000E+00
 0.22000E+02, 0.39000E+02, 0.22000E+02, 0.30000E+02, 0.00000E+00
 0.23000E+02, 0.39000E+02, 0.22000E+02, 0.30000E+02, 0.00000E+00
 0.24000E+02, 0.39000E+02, 0.22000E+02, 0.30000E+02, 0.00000E+00
 0.25000E+02, 0.39000E+02, 0.22000E+02, 0.30000E+02, 0.00000E+00
 0.26000E+02, 0.39000E+02, 0.22000E+02, 0.30000E+02, 0.00000E+00
 0.27000E+02, 0.39000E+02, 0.22001E+02, 0.30000E+02, 0.00000E+00
 0.28000E+02, 0.39000E+02, 0.22001E+02, 0.30000E+02, 0.00000E+00
 0.29000E+02, 0.39000E+02, 0.22001E+02, 0.30000E+02, 0.00000E+00
 0.30000E+02, 0.39000E+02, 0.22001E+02, 0.30000E+02, 0.00000E+00
 0.31000E+02, 0.39000E+02, 0.22001E+02, 0.30000E+02, 0.00000E+00
 0.32000E+02, 0.39000E+02, 0.22001E+02, 0.30000E+02, 0.00000E+00
 0.33000E+02, 0.39000E+02, 0.22000E+02, 0.30000E+02, 0.00000E+00
 0.34000E+02, 0.39000E+02, 0.22000E+02, 0.30000E+02, 0.00000E+00
 0.35000E+02, 0.39000E+02, 0.22000E+02, 0.30000E+02, 0.00000E+00
 0.36000E+02, 0.39000E+02, 0.22000E+02, 0.30000E+02, 0.00000E+00
 0.37000E+02, 0.39000E+02, 0.22000E+02, 0.30000E+02, 0.00000E+00
 0.38000E+02, 0.39000E+02, 0.22000E+02, 0.30000E+02, 0.00000E+00
 0.39000E+02, 0.39000E+02, 0.22002E+02, 0.30000E+02, 0.00000E+00
 0.40000E+02, 0.39000E+02, 0.22005E+02, 0.30000E+02, 0.00000E+00
 0.41000E+02, 0.39000E+02, 0.22004E+02, 0.30000E+02, 0.00000E+00
 0.42000E+02, 0.39000E+02, 0.22003E+02, 0.30000E+02, 0.00000E+00
 0.43000E+02, 0.39000E+02, 0.22002E+02, 0.30000E+02, 0.00000E+00
 0.44000E+02, 0.39000E+02, 0.22001E+02, 0.30000E+02, 0.00000E+00
 0.45000E+02, 0.39000E+02, 0.22000E+02, 0.30000E+02, 0.00000E+00
 0.46000E+02, 0.39000E+02, 0.22000E+02, 0.30000E+02, 0.00000E+00
 0.47000E+02, 0.39000E+02, 0.22000E+02, 0.30000E+02, 0.00000E+00
 0.48000E+02, 0.39000E+02, 0.22000E+02, 0.30000E+02, 0.00000E+00
 0.49000E+02, 0.39000E+02, 0.22000E+02, 0.30000E+02, 0.00000E+00
 0.50000E+02, 0.39000E+02, 0.22000E+02, 0.30000E+02, 0.00000E+00
 0.51000E+02, 0.39000E+02, 0.22000E+02, 0.30000E+02, 0.00000E+00
 0.52000E+02, 0.39000E+02, 0.22000E+02, 0.30000E+02, 0.00000E+00
 0.53000E+02, 0.39000E+02, 0.22000E+02, 0.30000E+02, 0.00000E+00
 0.54000E+02, 0.39000E+02, 0.22000E+02, 0.30000E+02, 0.00000E+00
 0.55000E+02, 0.39000E+02, 0.22000E+02, 0.30000E+02, 0.00000E+00
 0.56000E+02, 0.39000E+02, 0.22000E+02, 0.30000E+02, 0.00000E+00
 0.57000E+02, 0.39000E+02, 0.22000E+02, 0.30000E+02, 0.00000E+00
 0.58000E+02, 0.39000E+02, 0.22000E+02, 0.30000E+02, 0.00000E+00
 0.59000E+02, 0.39000E+02, 0.22000E+02, 0.30000E+02, 0.00000E+00
 0.60000E+02, 0.39000E+02, 0.22000E+02, 0.30000E+02, 0.00000E+00
 0.61000E+02, 0.39000E+02, 0.22000E+02, 0.30000E+02, 0.00000E+00
 0.62000E+02, 0.39000E+02, 0.22000E+02, 0.30000E+02, 0.00000E+00
 0.63000E+02, 0.39000E+02, 0.22000E+02, 0.30000E+02, 0.00000E+00
 0.64000E+02, 0.39000E+02, 0.22000E+02, 0.30000E+02, 0.00000E+00
 0.65000E+02, 0.39000E+02, 0.22000E+02, 0.30000E+02, 0.00000E+00
 0.00000E+00, 0.40000E+02, 0.22000E+02, 0.30000E+02, 0.00000E+00
 0.10000E+01, 0.40000E+02, 0.22000E+02, 0.30000E+02, 0.00000E+00
 0.20000E+01, 0.40000E+02, 0.22000E+02, 0.30000E+02, 0.00000E+00
 0.30000E+01, 0.40000E+02, 0.22000E+02, 0.30000E+02, 0.00000E+00
 0.40000E+01, 0.40000E+02, 0.22000E+02, 0.30000E+02, 0.00000E+00
 0.50000E+01, 0.40000E+02, 0.22161E+02, 0.30000E+02, 0.00000E+00
 0.60000E+01, 0.40000E+02, 0.22000E+02, 0.30000E+02, 0.00000E+00
 0.70000E+01, 0.40000E+02, 0.22000E+02, 0.30000E+02, 0.00000E+00
 0.80000E+01, 0.40000E+02, 0.21800E+02, 0.30000E+02, 0.00000E+00
 0.90000E+01, 0.40000E+02, 0.22000E+02, 0.30000E+02, 0.00000E+00
 0.10000E+02, 0.40000E+02, 0.22000E+02, 0.30000E+02, 0.00000E+00
 0.11000E+02, 0.40000E+02, 0.22000E+02, 0.30000E+02, 0.00000E+00
 0.12000E+02, 0.40000E+02, 0.22000E+02, 0.30000E+02, 0.00000E+00
 0.13000E+02, 0.40000E+02, 0.22000E+02, 0.30000E+02, 0.00000E+00
 0.14000E+02, 0.40000E+02, 0.22000E+02, 0.30000E+02, 0.00000E+00
 0.15000E+02, 0.40000E+02, 0.22000E+02, 0.30000E+02, 0.00000E+00
 0.16000E+02, 0.40000E+02, 0.22000E+02, 0.30000E+02, 0.00000E+00
 0.17000E+02, 0.40000E+02, 0.22000E+02, 0.30000E+02, 0.00000E+00
 0.18000E+02, 0.40000E+02, 0.22000E+02, 0.30000E+02, 0.00000E+00
 0.19000E+02, 0.40000E+02, 0.22000E+02, 0.30000E+02, 0.00000E+00
 0.20000E+02, 0.40000E+02, 0.22000E+02, 0.30000E+02, 0.00000E+00
 0.21000E+02, 0.40000E+02, 0.22000E+02, 0.30000E+02, 0.00000E+00
 0.22000E+02, 0.40000E+02, 0.22000E+02, 0.30000E+02, 0.00000E+00
 0.23000E+02, 0.40000E+02, 0.22000E+02, 0.30000E+02, 0.00000E+00
 0.24000E+02, 0.40000E+02, 0.22000E+02, 0.30000E+02, 0.00000E+00
 0.25000E+02, 0.40000E+02, 0.22000E+02, 0.30000E+02, 0.00000E+00
 0.26000E+02, 0.40000E+02, 0.22000E+02, 0.30000E+02, 0.00000E+00
 0.27000E+02, 0.40000E+02, 0.22001E+02, 0.30000E+02, 0.00000E+00
 0.28000E+02, 0.40000E+02, 0.22001E+02, 0.30000E+02, 0.00000E+00
 0.29000E+02, 0.40000E+02, 0.22001E+02, 0.30000E+02, 0.00000E+00
 0.30000E+02, 0.40000E+02, 0.22001E+02, 0.30000E+02, 0.00000E+00
 0.31000E+02, 0.40000E+02, 0.22001E+02, 0.30000E+02, 0.00000E+00
 0.32000E+02, 0.40000E+02, 0.22001E+02, 0.30000E+02, 0.00000E+00
 0.33000E+02, 0.40000E+02, 0.22001E+02, 0.30000E+02, 0.00000E+00
 0.34000E+02, 0.40000E+02, 0.22001E+02, 0.30000E+02, 0.00000E+00
 0.35000E+02, 0.40000E+02, 0.22001E+02, 0.30000E+02, 0.00000E+00
 0.36000E+02, 0.40000E+02, 0.22000E+02, 0.30000E+02, 0.00000E+00
 0.37000E+02, 0.40000E+02, 0.22000E+02, 0.30000E+02, 0.00000E+00
 0.38000E+02, 0.40000E+02, 0.22001E+02, 0.30000E+02, 0.00000E+00
 0.39000E+02, 0.40000E+02, 0.22004E+02, 0.30000E+02, 0.00000E+00
 0.40000E+02, 0.40000E+02, 0.22007E+02, 0.30000E+02, 0.00000E+00
 0.41000E+02, 0.40000E+02, 0.22005E+02, 0.30000E+02, 0.00000E+00
 0.42000E+02, 0.40000E+02, 0.22003E+02, 0.30000E+02, 0.00000E+00
 0.43000E+02, 0.40000E+02, 0.22002E+02, 0.30000E+02, 0.00000E+00
 0.44000E+02, 0.40000E+02, 0.22001E+02, 0.30000E+02, 0.00000E+00
 0.45000E+02, 0.40000E+02, 0.22000E+02, 0.30000E+02, 0.00000E+00
 0.46000E+02, 0.40000E+02, 0.22000E+02, 0.30000E+02, 0.00000E+00
 0.47000E+02, 0.40000E+02, 0.22000E+02, 0.30000E+02, 0.00000E+00
 0.48000E+02, 0.40000E+02, 0.22000E+02, 0.30000E+02, 0.00000E+00
 0.49000E+02, 0.40000E+02, 0.22000E+02, 0.30000E+02, 0.00000E+00
 0.50000E+02, 0.40000E+02, 0.22000E+02, 0.30000E+02, 0.00000E+00
 0.51000E+02, 0.40000E+02, 0.22000E+02, 0.30000E+02, 0.00000E+00
 0.52000E+02, 0.40000E+02, 0.22000E+02, 0.30000E+02, 0.00000E+00
 0.53000E+02, 0.40000E+02, 0.22000E+02, 0.30000E+02, 0.00000E+00
 0.54000E+02, 0.40000E+02, 0.22000E+02, 0.30000E+02, 0.00000E+00
 0.55000E+02, 0.40000E+02, 0.22000E+02, 0.30000E+02, 0.00000E+00
 0.56000E+02, 0.40000E+02, 0.22000E+02, 0.30000E+02, 0.00000E+00
 0.57000E+02, 0.40000E+02, 0.22000E+02, 0.30000E+02, 0.00000E+00
 0.58000E+02, 0.40000E+02, 0.22000E+02, 0.30000E+02, 0.00000E+00
 0.59000E+02, 0.40000E+02, 0.22000E+02, 0.30000E+02, 0.00000E+00
 0.60000E+02, 0.40000E+02, 0.22000E+02, 0.30000E+02, 0.00000E+00
 0.61000E+02, 0.40000E+02, 0.22000E+02, 0.30000E+02, 0.00000E+00
 0.62000E+02, 0.40000E+02, 0.22000E+02, 0.30000E+02, 0.00000E+00
 0.63000E+02, 0.40000E+02, 0.22000E+02, 0.30000E+02, 0.00000E+00
 0.64000E+02, 0.40000E+02, 0.22000E+02, 0.30000E+02, 0.00000E+00
 0.65000E+02, 0.40000E+02, 0.22000E+02, 0.30000E+02, 0.00000E+00
 0.00000E+00, 0.41000E+02, 0.22000E+02, 0.30000E+02, 0.00000E+00
 0.10000E+01, 0.41000E+02, 0.22000E+02, 0.30000E+02, 0.00000E+00
 0.20000E+01, 0.41000E+02, 0.22000E+02, 0.30000E+02, 0.00000E+00
 0.30000E+01, 0.41000E+02, 0.22000E+02, 0.30000E+02, 0.00000E+00
 0.40000E+01, 0.41000E+02, 0.22000E+02, 0.30000E+02, 0.00000E+00
 0.50000E+01, 0.41000E+02, 0.22189E+02, 0.30000E+02, 0.00000E+00
 0.60000E+01, 0.41000E+02, 0.22000E+02, 0.30000E+02, 0.00000E+00
 0.70000E+01, 0.41000E+02, 0.22001E+02, 0.30000E+02, 0.00000E+00
 0.80000E+01, 0.41000E+02, 0.21760E+02, 0.30000E+02, 0.00000E+00
 0.90000E+01, 0.41000E+02, 0.22000E+02, 0.30000E+02, 0.00000E+00
 0.10000E+02, 0.41000E+02, 0.22000E+02, 0.30000E+02, 0.00000E+00
 0.11000E+02, 0.41000E+02, 0.22000E+02, 0.30000E+02, 0.00000E+00
 0.12000E+02, 0.41000E+02, 0.22000E+02, 0.30000E+02, 0.00000E+00
 0.13000E+02, 0.41000E+02, 0.22000E+02, 0.30000E+02, 0.00000E+00
 0.14000E+02, 0.41000E+02, 0.22000E+02, 0.30000E+02, 0.00000E+00
 0.15000E+02, 0.41000E+02, 0.22000E+02, 0.30000E+02, 0.00000E+00
 0.16000E+02, 0.41000E+02, 0.22000E+02, 0.30000E+02, 0.00000E+00
 0.17000E+02, 0.41000E+02, 0.22000E+02, 0.30000E+02, 0.00000E+00
 0.18000E+02, 0.41000E+02, 0.22000E+02, 0.30000E+02, 0.00000E+00
 0.19000E+02, 0.41000E+02, 0.22000E+02, 0.30000E+02, 0.00000E+00
 0.20000E+02, 0.41000E+02, 0.22000E+02, 0.30000E+02, 0.00000E+00
 0.21000E+02, 0.41000E+02, 0.22000E+02, 0.30000E+02, 0.00000E+00
 0.22000E+02, 0.41000E+02, 0.22000E+02, 0.30000E+02, 0.00000E+00
 0.23000E+02, 0.41000E+02, 0.22000E+02, 0.30000E+02, 0.00000E+00
 0.24000E+02, 0.41000E+02, 0.22000E+02, 0.30000E+02, 0.00000E+00
 0.25000E+02, 0.41000E+02, 0.22000E+02, 0.30000E+02, 0.00000E+00
 0.26000E+02, 0.41000E+02, 0.22000E+02, 0.30000E+02, 0.00000E+00
 0.27000E+02, 0.41000E+02, 0.22001E+02, 0.30000E+02, 0.00000E+00
 0.28000E+02, 0.41000E+02, 0.22001E+02, 0.30000E+02, 0.00000E+00
 0.29000E+02, 0.41000E+02, 0.22001E+02, 0.30000E+02, 0.00000E+00
 0.30000E+02, 0.41000E+02, 0.22002E+02, 0.30000E+02, 0.00000E+00
 0.31000E+02, 0.41000E+02, 0.22002E+02, 0.30000E+02, 0.00000E+00
 0.32000E+02, 0.41000E+02, 0.22003E+02, 0.30000E+02, 0.00000E+00
 0.33000E+02, 0.41000E+02, 0.22003E+02, 0.30000E+02, 0.00000E+00
 0.34000E+02, 0.41000E+02, 0.22002E+02, 0.30000E+02, 0.00000E+00
 0.35000E+02, 0.41000E+02, 0.22002E+02, 0.30000E+02, 0.00000E+00
 0.36000E+02, 0.41000E+02, 0.22001E+02, 0.30000E+02, 0.00000E+00
 0.37000E+02, 0.41000E+02, 0.22001E+02, 0.30000E+02, 0.00000E+00
 0.38000E+02, 0.41000E+02, 0.22001E+02, 0.30000E+02, 0.00000E+00
 0.39000E+02, 0.41000E+02, 0.22006E+02, 0.30000E+02, 0.00000E+00
 0.40000E+02, 0.41000E+02, 0.22010E+02, 0.30000E+02, 0.00000E+00
 0.41000E+02, 0.41000E+02, 0.22006E+02, 0.30000E+02, 0.00000E+00
 0.42000E+02, 0.41000E+02, 0.22003E+02, 0.30000E+02, 0.00000E+00
 0.43000E+02, 0.41000E+02, 0.22002E+02, 0.30000E+02, 0.00000E+00
 0.44000E+02, 0.41000E+02, 0.22001E+02, 0.30000E+02, 0.00000E+00
 0.45000E+02, 0.41000E+02, 0.22000E+02, 0.30000E+02, 0.00000E+00
 0.46000E+02, 0.41000E+02, 0.22000E+02, 0.30000E+02, 0.00000E+00
 0.47000E+02, 0.41000E+02, 0.22000E+02, 0.30000E+02, 0.00000E+00
 0.48000E+02, 0.41000E+02, 0.22000E+02, 0.30000E+02, 0.00000E+00
 0.49000E+02, 0.41000E+02, 0.22000E+02, 0.30000E+02, 0.00000E+00
 0.50000E+02, 0.41000E+02, 0.22000E+02, 0.30000E+02, 0.00000E+00
 0.51000E+02, 0.41000E+02, 0.22000E+02, 0.30000E+02, 0.00000E+00
 0.52000E+02, 0.41000E+02, 0.22000E+02, 0.30000E+02, 0.00000E+00
 0.53000E+02, 0.41000E+02, 0.22000E+02, 0.30000E+02, 0.00000E+00
 0.54000E+02, 0.41000E+02, 0.22000E+02, 0.30000E+02, 0.00000E+00
 0.55000E+02, 0.41000E+02, 0.22000E+02, 0.30000E+02, 0.00000E+00
 0.56000E+02, 0.41000E+02, 0.22000E+02, 0.30000E+02, 0.00000E+00
 0.57000E+02, 0.41000E+02, 0.22000E+02, 0.30000E+02, 0.00000E+00
 0.58000E+02, 0.41000E+02, 0.22000E+02, 0.30000E+02, 0.00000E+00
 0.59000E+02, 0.41000E+02, 0.22000E+02, 0.30000E+02, 0.00000E+00
 0.60000E+02, 0.41000E+02, 0.22000E+02, 0.30000E+02, 0.00000E+00
 0.61000E+02, 0.41000E+02, 0.22000E+02, 0.30000E+02, 0.00000E+00
 0.62000E+02, 0.41000E+02, 0.22000E+02, 0.30000E+02, 0.00000E+00
 0.63000E+02, 0.41000E+02, 0.22000E+02, 0.30000E+02, 0.00000E+00
 0.64000E+02, 0.41000E+02, 0.22000E+02, 0.30000E+02, 0.00000E+00
 0.65000E+02, 0.41000E+02, 0.22000E+02, 0.30000E+02, 0.00000E+00
 0.00000E+00, 0.42000E+02, 0.22000E+02, 0.30000E+02, 0.00000E+00
 0.10000E+01, 0.42000E+02, 0.22000E+02, 0.30000E+02, 0.00000E+00
 0.20000E+01, 0.42000E+02, 0.22000E+02, 0.30000E+02, 0.00000E+00
 0.30000E+01, 0.42000E+02, 0.22000E+02, 0.30000E+02, 0.00000E+00
 0.40000E+01, 0.42000E+02, 0.22000E+02, 0.30000E+02, 0.00000E+00
 0.50000E+01, 0.42000E+02, 0.22220E+02, 0.30000E+02, 0.00000E+00
 0.60000E+01, 0.42000E+02, 0.22000E+02, 0.30000E+02, 0.00000E+00
 0.70000E+01, 0.42000E+02, 0.22000E+02, 0.30000E+02, 0.00000E+00
 0.80000E+01, 0.42000E+02, 0.21715E+02, 0.30000E+02, 0.00000E+00
 0.90000E+01, 0.42000E+02, 0.22000E+02, 0.30000E+02, 0.00000E+00
 0.10000E+02, 0.42000E+02, 0.22000E+02, 0.30000E+02, 0.00000E+00
 0.11000E+02, 0.42000E+02, 0.22000E+02, 0.30000E+02, 0.00000E+00
 0.12000E+02, 0.42000E+02, 0.22000E+02, 0.30000E+02, 0.00000E+00
 0.13000E+02, 0.42000E+02, 0.22000E+02, 0.30000E+02, 0.00000E+00
 0.14000E+02, 0.42000E+02, 0.22000E+02, 0.30000E+02, 0.00000E+00
 0.15000E+02, 0.42000E+02, 0.22000E+02, 0.30000E+02, 0.00000E+00
 0.16000E+02, 0.42000E+02, 0.22000E+02, 0.30000E+02, 0.00000E+00
 0.17000E+02, 0.42000E+02, 0.22000E+02, 0.30000E+02, 0.00000E+00
 0.18000E+02, 0.42000E+02, 0.22000E+02, 0.30000E+02, 0.00000E+00
 0.19000E+02, 0.42000E+02, 0.22000E+02, 0.30000E+02, 0.00000E+00
 0.20000E+02, 0.42000E+02, 0.22000E+02, 0.30000E+02, 0.00000E+00
 0.21000E+02, 0.42000E+02, 0.22000E+02, 0.30000E+02, 0.00000E+00
 0.22000E+02, 0.42000E+02, 0.22000E+02, 0.30000E+02, 0.00000E+00
 0.23000E+02, 0.42000E+02, 0.22000E+02, 0.30000E+02, 0.00000E+00
 0.24000E+02, 0.42000E+02, 0.22000E+02, 0.30000E+02, 0.00000E+00
 0.25000E+02, 0.42000E+02, 0.22000E+02, 0.30000E+02, 0.00000E+00
 0.26000E+02, 0.42000E+02, 0.22000E+02, 0.30000E+02, 0.00000E+00
 0.27000E+02, 0.42000E+02, 0.22000E+02, 0.30000E+02, 0.00000E+00
 0.28000E+02, 0.42000E+02, 0.22001E+02, 0.30000E+02, 0.00000E+00
 0.29000E+02, 0.42000E+02, 0.22001E+02, 0.30000E+02, 0.00000E+00
 0.30000E+02, 0.42000E+02, 0.22002E+02, 0.30000E+02, 0.00000E+00
 0.31000E+02, 0.42000E+02, 0.22003E+02, 0.30000E+02, 0.00000E+00
 0.32000E+02, 0.42000E+02, 0.22003E+02, 0.30000E+02, 0.00000E+00
 0.33000E+02, 0.42000E+02, 0.22004E+02, 0.30000E+02, 0.00000E+00
 0.34000E+02, 0.42000E+02, 0.22004E+02, 0.30000E+02, 0.00000E+00
 0.35000E+02, 0.42000E+02, 0.22004E+02, 0.30000E+02, 0.00000E+00
 0.36000E+02, 0.42000E+02, 0.22003E+02, 0.30000E+02, 0.00000E+00
 0.37000E+02, 0.42000E+02, 0.22002E+02, 0.30000E+02, 0.00000E+00
 0.38000E+02, 0.42000E+02, 0.22003E+02, 0.30000E+02, 0.00000E+00
 0.39000E+02, 0.42000E+02, 0.22011E+02, 0.30000E+02, 0.00000E+00
 0.40000E+02, 0.42000E+02, 0.22015E+02, 0.30000E+02, 0.00000E+00
 0.41000E+02, 0.42000E+02, 0.22006E+02, 0.30000E+02, 0.00000E+00
 0.42000E+02, 0.42000E+02, 0.22003E+02, 0.30000E+02, 0.00000E+00
 0.43000E+02, 0.42000E+02, 0.22001E+02, 0.30000E+02, 0.00000E+00
 0.44000E+02, 0.42000E+02, 0.22000E+02, 0.30000E+02, 0.00000E+00
 0.45000E+02, 0.42000E+02, 0.22000E+02, 0.30000E+02, 0.00000E+00
 0.46000E+02, 0.42000E+02, 0.22000E+02, 0.30000E+02, 0.00000E+00
 0.47000E+02, 0.42000E+02, 0.22000E+02, 0.30000E+02, 0.00000E+00
 0.48000E+02, 0.42000E+02, 0.22000E+02, 0.30000E+02, 0.00000E+00
 0.49000E+02, 0.42000E+02, 0.22000E+02, 0.30000E+02, 0.00000E+00
 0.50000E+02, 0.42000E+02, 0.22000E+02, 0.30000E+02, 0.00000E+00
 0.51000E+02, 0.42000E+02, 0.22000E+02, 0.30000E+02, 0.00000E+00
 0.52000E+02, 0.42000E+02, 0.22000E+02, 0.30000E+02, 0.00000E+00
 0.53000E+02, 0.42000E+02, 0.22000E+02, 0.30000E+02, 0.00000E+00
 0.54000E+02, 0.42000E+02, 0.22000E+02, 0.30000E+02, 0.00000E+00
 0.55000E+02, 0.42000E+02, 0.22000E+02, 0.30000E+02, 0.00000E+00
 0.56000E+02, 0.42000E+02, 0.22000E+02, 0.30000E+02, 0.00000E+00
 0.57000E+02, 0.42000E+02, 0.22000E+02, 0.30000E+02, 0.00000E+00
 0.58000E+02, 0.42000E+02, 0.22000E+02, 0.30000E+02, 0.00000E+00
 0.59000E+02, 0.42000E+02, 0.22000E+02, 0.30000E+02, 0.00000E+00
 0.60000E+02, 0.42000E+02, 0.22000E+02, 0.30000E+02, 0.00000E+00
 0.61000E+02, 0.42000E+02, 0.22000E+02, 0.30000E+02, 0.00000E+00
 0.62000E+02, 0.42000E+02, 0.22000E+02, 0.30000E+02, 0.00000E+00
 0.63000E+02, 0.42000E+02, 0.22000E+02, 0.30000E+02, 0.00000E+00
 0.64000E+02, 0.42000E+02, 0.22000E+02, 0.30000E+02, 0.00000E+00
 0.65000E+02, 0.42000E+02, 0.22000E+02, 0.30000E+02, 0.00000E+00
 0.00000E+00, 0.43000E+02, 0.22000E+02, 0.30000E+02, 0.00000E+00
 0.10000E+01, 0.43000E+02, 0.22000E+02, 0.30000E+02, 0.00000E+00
 0.20000E+01, 0.43000E+02, 0.22000E+02, 0.30000E+02, 0.00000E+00
 0.30000E+01, 0.43000E+02, 0.22000E+02, 0.30000E+02, 0.00000E+00
 0.40000E+01, 0.43000E+02, 0.22000E+02, 0.30000E+02, 0.00000E+00
 0.50000E+01, 0.43000E+02, 0.22169E+02, 0.30000E+02, 0.00000E+00
 0.60000E+01, 0.43000E+02, 0.22000E+02, 0.30000E+02, 0.00000E+00
 0.70000E+01, 0.43000E+02, 0.22002E+02, 0.30000E+02, 0.00000E+00
 0.80000E+01, 0.43000E+02, 0.21686E+02, 0.30000E+02, 0.00000E+00
 0.90000E+01, 0.43000E+02, 0.22000E+02, 0.30000E+02, 0.00000E+00
 0.10000E+02, 0.43000E+02, 0.22000E+02, 0.30000E+02, 0.00000E+00
 0.11000E+02, 0.43000E+02, 0.22000E+02, 0.30000E+02, 0.00000E+00
 0.12000E+02, 0.43000E+02, 0.22000E+02, 0.30000E+02, 0.00000E+00
 0.13000E+02, 0.43000E+02, 0.22000E+02, 0.30000E+02, 0.00000E+00
 0.14000E+02, 0.43000E+02, 0.22000E+02, 0.30000E+02, 0.00000E+00
 0.15000E+02, 0.43000E+02, 0.22000E+02, 0.30000E+02, 0.00000E+00
 0.16000E+02, 0.43000E+02, 0.22000E+02, 0.30000E+02, 0.00000E+00
 0.17000E+02, 0.43000E+02, 0.22000E+02, 0.30000E+02, 0.00000E+00
 0.18000E+02, 0.43000E+02, 0.22000E+02, 0.30000E+02, 0.00000E+00
 0.19000E+02, 0.43000E+02, 0.22000E+02, 0.30000E+02, 0.00000E+00
 0.20000E+02, 0.43000E+02, 0.22000E+02, 0.30000E+02, 0.00000E+00
 0.21000E+02, 0.43000E+02, 0.22000E+02, 0.30000E+02, 0.00000E+00
 0.22000E+02, 0.43000E+02, 0.22000E+02, 0.30000E+02, 0.00000E+00
 0.23000E+02, 0.43000E+02, 0.22000E+02, 0.30000E+02, 0.00000E+00
 0.24000E+02, 0.43000E+02, 0.22000E+02, 0.30000E+02, 0.00000E+00
 0.25000E+02, 0.43000E+02, 0.22000E+02, 0.30000E+02, 0.00000E+00
 0.26000E+02, 0.43000E+02, 0.22000E+02, 0.30000E+02, 0.00000E+00
 0.27000E+02, 0.43000E+02, 0.22000E+02, 0.30000E+02, 0.00000E+00
 0.28000E+02, 0.43000E+02, 0.22000E+02, 0.30000E+02, 0.00000E+00
 0.29000E+02, 0.43000E+02, 0.22001E+02, 0.30000E+02, 0.00000E+00
 0.30000E+02, 0.43000E+02, 0.22001E+02, 0.30000E+02, 0.00000E+00
 0.31000E+02, 0.43000E+02, 0.22002E+02, 0.30000E+02, 0.00000E+00
 0.32000E+02, 0.43000E+02, 0.22003E+02, 0.30000E+02, 0.00000E+00
 0.33000E+02, 0.43000E+02, 0.22004E+02, 0.30000E+02, 0.00000E+00
 0.34000E+02, 0.43000E+02, 0.22006E+02, 0.30000E+02, 0.00000E+00
 0.35000E+02, 0.43000E+02, 0.22007E+02, 0.30000E+02, 0.00000E+00
 0.36000E+02, 0.43000E+02, 0.22006E+02, 0.30000E+02, 0.00000E+00
 0.37000E+02, 0.43000E+02, 0.22005E+02, 0.30000E+02, 0.00000E+00
 0.38000E+02, 0.43000E+02, 0.22006E+02, 0.30000E+02, 0.00000E+00
 0.39000E+02, 0.43000E+02, 0.22019E+02, 0.30000E+02, 0.13592E-24
 0.40000E+02, 0.43000E+02, 0.22019E+02, 0.30000E+02, 0.00000E+00
 0.41000E+02, 0.43000E+02, 0.22005E+02, 0.30000E+02, 0.00000E+00
 0.42000E+02, 0.43000E+02, 0.22002E+02, 0.30000E+02, 0.00000E+00
 0.43000E+02, 0.43000E+02, 0.22001E+02, 0.30000E+02, 0.00000E+00
 0.44000E+02, 0.43000E+02, 0.22000E+02, 0.30000E+02, 0.00000E+00
 0.45000E+02, 0.43000E+02, 0.22000E+02, 0.30000E+02, 0.00000E+00
 0.46000E+02, 0.43000E+02, 0.22000E+02, 0.30000E+02, 0.00000E+00
 0.47000E+02, 0.43000E+02, 0.22000E+02, 0.30000E+02, 0.00000E+00
 0.48000E+02, 0.43000E+02, 0.22000E+02, 0.30000E+02, 0.00000E+00
 0.49000E+02, 0.43000E+02, 0.22000E+02, 0.30000E+02, 0.00000E+00
 0.50000E+02, 0.43000E+02, 0.22000E+02, 0.30000E+02, 0.00000E+00
 0.51000E+02, 0.43000E+02, 0.22000E+02, 0.30000E+02, 0.00000E+00
 0.52000E+02, 0.43000E+02, 0.22000E+02, 0.30000E+02, 0.00000E+00
 0.53000E+02, 0.43000E+02, 0.22000E+02, 0.30000E+02, 0.00000E+00
 0.54000E+02, 0.43000E+02, 0.22000E+02, 0.30000E+02, 0.00000E+00
 0.55000E+02, 0.43000E+02, 0.22000E+02, 0.30000E+02, 0.00000E+00
 0.56000E+02, 0.43000E+02, 0.22000E+02, 0.30000E+02, 0.00000E+00
 0.57000E+02, 0.43000E+02, 0.22000E+02, 0.30000E+02, 0.00000E+00
 0.58000E+02, 0.43000E+02, 0.22000E+02, 0.30000E+02, 0.00000E+00
 0.59000E+02, 0.43000E+02, 0.22000E+02, 0.30000E+02, 0.00000E+00
 0.60000E+02, 0.43000E+02, 0.22000E+02, 0.30000E+02, 0.00000E+00
 0.61000E+02, 0.43000E+02, 0.22000E+02, 0.30000E+02, 0.00000E+00
 0.62000E+02, 0.43000E+02, 0.22000E+02, 0.30000E+02, 0.00000E+00
 0.63000E+02, 0.43000E+02, 0.22000E+02, 0.30000E+02, 0.00000E+00
 0.64000E+02, 0.43000E+02, 0.22000E+02, 0.30000E+02, 0.00000E+00
 0.65000E+02, 0.43000E+02, 0.22000E+02, 0.30000E+02, 0.00000E+00
 0.00000E+00, 0.44000E+02, 0.22000E+02, 0.30000E+02, 0.00000E+00
 0.10000E+01, 0.44000E+02, 0.22000E+02, 0.30000E+02, 0.00000E+00
 0.20000E+01, 0.44000E+02, 0.22000E+02, 0.30000E+02, 0.00000E+00
 0.30000E+01, 0.44000E+02, 0.22000E+02, 0.30000E+02, 0.00000E+00
 0.40000E+01, 0.44000E+02, 0.22000E+02, 0.30000E+02, 0.00000E+00
 0.50000E+01, 0.44000E+02, 0.22197E+02, 0.30000E+02, 0.00000E+00
 0.60000E+01, 0.44000E+02, 0.21999E+02, 0.30000E+02, 0.00000E+00
 0.70000E+01, 0.44000E+02, 0.22001E+02, 0.30000E+02, 0.00000E+00
 0.80000E+01, 0.44000E+02, 0.21714E+02, 0.30000E+02, 0.00000E+00
 0.90000E+01, 0.44000E+02, 0.22000E+02, 0.30000E+02, 0.00000E+00
 0.10000E+02, 0.44000E+02, 0.22000E+02, 0.30000E+02, 0.00000E+00
 0.11000E+02, 0.44000E+02, 0.22000E+02, 0.30000E+02, 0.00000E+00
 0.12000E+02, 0.44000E+02, 0.22000E+02, 0.30000E+02, 0.00000E+00
 0.13000E+02, 0.44000E+02, 0.22000E+02, 0.30000E+02, 0.00000E+00
 0.14000E+02, 0.44000E+02, 0.22000E+02, 0.30000E+02, 0.00000E+00
 0.15000E+02, 0.44000E+02, 0.22000E+02, 0.30000E+02, 0.00000E+00
 0.16000E+02, 0.44000E+02, 0.22000E+02, 0.30000E+02, 0.00000E+00
 0.17000E+02, 0.44000E+02, 0.22000E+02, 0.30000E+02, 0.00000E+00
 0.18000E+02, 0.44000E+02, 0.22000E+02, 0.30000E+02, 0.00000E+00
 0.19000E+02, 0.44000E+02, 0.22000E+02, 0.30000E+02, 0.00000E+00
 0.20000E+02, 0.44000E+02, 0.22000E+02, 0.30000E+02, 0.00000E+00
 0.21000E+02, 0.44000E+02, 0.22000E+02, 0.30000E+02, 0.00000E+00
 0.22000E+02, 0.44000E+02, 0.22000E+02, 0.30000E+02, 0.00000E+00
 0.23000E+02, 0.44000E+02, 0.22000E+02, 0.30000E+02, 0.00000E+00
 0.24000E+02, 0.44000E+02, 0.22000E+02, 0.30000E+02, 0.00000E+00
 0.25000E+02, 0.44000E+02, 0.22000E+02, 0.30000E+02, 0.00000E+00
 0.26000E+02, 0.44000E+02, 0.22000E+02, 0.30000E+02, 0.00000E+00
 0.27000E+02, 0.44000E+02, 0.22000E+02, 0.30000E+02, 0.00000E+00
 0.28000E+02, 0.44000E+02, 0.22000E+02, 0.30000E+02, 0.00000E+00
 0.29000E+02, 0.44000E+02, 0.22000E+02, 0.30000E+02, 0.00000E+00
 0.30000E+02, 0.44000E+02, 0.22001E+02, 0.30000E+02, 0.00000E+00
 0.31000E+02, 0.44000E+02, 0.22001E+02, 0.30000E+02, 0.00000E+00
 0.32000E+02, 0.44000E+02, 0.22002E+02, 0.30000E+02, 0.00000E+00
 0.33000E+02, 0.44000E+02, 0.22003E+02, 0.30000E+02, 0.00000E+00
 0.34000E+02, 0.44000E+02, 0.22004E+02, 0.30000E+02, 0.00000E+00
 0.35000E+02, 0.44000E+02, 0.22007E+02, 0.30000E+02, 0.00000E+00
 0.36000E+02, 0.44000E+02, 0.22008E+02, 0.30000E+02, 0.00000E+00
 0.37000E+02, 0.44000E+02, 0.22012E+02, 0.30000E+02, 0.00000E+00
 0.38000E+02, 0.44000E+02, 0.22016E+02, 0.30000E+02, 0.99102E-21
 0.39000E+02, 0.44000E+02, 0.22041E+02, 0.30000E+02, 0.40063E-15
 0.40000E+02, 0.44000E+02, 0.22029E+02, 0.30000E+02, 0.26831E-15
 0.41000E+02, 0.44000E+02, 0.22015E+02, 0.30000E+02, 0.00000E+00
 0.42000E+02, 0.44000E+02, 0.22012E+02, 0.30000E+02, 0.00000E+00
 0.43000E+02, 0.44000E+02, 0.22011E+02, 0.30000E+02, 0.00000E+00
 0.44000E+02, 0.44000E+02, 0.22001E+02, 0.30000E+02, 0.00000E+00
 0.45000E+02, 0.44000E+02, 0.22000E+02, 0.30000E+02, 0.00000E+00
 0.46000E+02, 0.44000E+02, 0.22000E+02, 0.30000E+02, 0.00000E+00
 0.47000E+02, 0.44000E+02, 0.22000E+02, 0.30000E+02, 0.00000E+00
 0.48000E+02, 0.44000E+02, 0.22000E+02, 0.30000E+02, 0.00000E+00
 0.49000E+02, 0.44000E+02, 0.22000E+02, 0.30000E+02, 0.00000E+00
 0.50000E+02, 0.44000E+02, 0.22000E+02, 0.30000E+02, 0.00000E+00
 0.51000E+02, 0.44000E+02, 0.22000E+02, 0.30000E+02, 0.00000E+00
 0.52000E+02, 0.44000E+02, 0.22000E+02, 0.30000E+02, 0.00000E+00
 0.53000E+02, 0.44000E+02, 0.22000E+02, 0.30000E+02, 0.00000E+00
 0.54000E+02, 0.44000E+02, 0.22000E+02, 0.30000E+02, 0.00000E+00
 0.55000E+02, 0.44000E+02, 0.22000E+02, 0.30000E+02, 0.00000E+00
 0.56000E+02, 0.44000E+02, 0.22000E+02, 0.30000E+02, 0.00000E+00
 0.57000E+02, 0.44000E+02, 0.22000E+02, 0.30000E+02, 0.00000E+00
 0.58000E+02, 0.44000E+02, 0.22000E+02, 0.30000E+02, 0.00000E+00
 0.59000E+02, 0.44000E+02, 0.22000E+02, 0.30000E+02, 0.00000E+00
 0.60000E+02, 0.44000E+02, 0.22000E+02, 0.30000E+02, 0.00000E+00
 0.61000E+02, 0.44000E+02, 0.22000E+02, 0.30000E+02, 0.00000E+00
 0.62000E+02, 0.44000E+02, 0.22000E+02, 0.30000E+02, 0.00000E+00
 0.63000E+02, 0.44000E+02, 0.22000E+02, 0.30000E+02, 0.00000E+00
 0.64000E+02, 0.44000E+02, 0.22000E+02, 0.30000E+02, 0.00000E+00
 0.65000E+02, 0.44000E+02, 0.22000E+02, 0.30000E+02, 0.00000E+00
 0.00000E+00, 0.45000E+02, 0.22073E+02, 0.30000E+02, 0.00000E+00
 0.10000E+01, 0.45000E+02, 0.22041E+02, 0.30000E+02, 0.00000E+00
 0.20000E+01, 0.45000E+02, 0.22032E+02, 0.30000E+02, 0.00000E+00
 0.30000E+01, 0.45000E+02, 0.21991E+02, 0.30000E+02, 0.00000E+00
 0.40000E+01, 0.45000E+02, 0.22030E+02, 0.30000E+02, 0.00000E+00
 0.50000E+01, 0.45000E+02, 0.22260E+02, 0.30000E+02, 0.00000E+00
 0.60000E+01, 0.45000E+02, 0.21876E+02, 0.30000E+02, 0.00000E+00
 0.70000E+01, 0.45000E+02, 0.21883E+02, 0.30000E+02, 0.00000E+00
 0.80000E+01, 0.45000E+02, 0.21379E+02, 0.30000E+02, 0.00000E+00
 0.90000E+01, 0.45000E+02, 0.21699E+02, 0.30000E+02, 0.00000E+00
 0.10000E+02, 0.45000E+02, 0.21692E+02, 0.30000E+02, 0.00000E+00
 0.11000E+02, 0.45000E+02, 0.21730E+02, 0.30000E+02, 0.00000E+00
 0.12000E+02, 0.45000E+02, 0.21781E+02, 0.30000E+02, 0.00000E+00
 0.13000E+02, 0.45000E+02, 0.21707E+02, 0.30000E+02, 0.00000E+00
 0.14000E+02, 0.45000E+02, 0.21545E+02, 0.30000E+02, 0.00000E+00
 0.15000E+02, 0.45000E+02, 0.21417E+02, 0.30000E+02, 0.00000E+00
 0.16000E+02, 0.45000E+02, 0.21995E+02, 0.30000E+02, 0.00000E+00
 0.17000E+02, 0.45000E+02, 0.21192E+02, 0.30000E+02, 0.00000E+00
 0.18000E+02, 0.45000E+02, 0.21402E+02, 0.30000E+02, 0.00000E+00
 0.19000E+02, 0.45000E+02, 0.21273E+02, 0.30000E+02, 0.00000E+00
 0.20000E+02, 0.45000E+02, 0.21160E+02, 0.30000E+02, 0.00000E+00
 0.21000E+02, 0.45000E+02, 0.21014E+02, 0.30000E+02, 0.00000E+00
 0.22000E+02, 0.45000E+02, 0.21364E+02, 0.30000E+02, 0.00000E+00
 0.23000E+02, 0.45000E+02, 0.21175E+02, 0.30000E+02, 0.00000E+00
 0.24000E+02, 0.45000E+02, 0.20998E+02, 0.30000E+02, 0.00000E+00
 0.25000E+02, 0.45000E+02, 0.20941E+02, 0.30000E+02, 0.00000E+00
 0.26000E+02, 0.45000E+02, 0.20957E+02, 0.30000E+02, 0.00000E+00
 0.27000E+02, 0.45000E+02, 0.20766E+02, 0.30000E+02, 0.00000E+00
 0.28000E+02, 0.45000E+02, 0.21404E+02, 0.30000E+02, 0.00000E+00
 0.29000E+02, 0.45000E+02, 0.21989E+02, 0.30000E+02, 0.00000E+00
 0.30000E+02, 0.45000E+02, 0.21036E+02, 0.30000E+02, 0.00000E+00
 0.31000E+02, 0.45000E+02, 0.21936E+02, 0.30000E+02, 0.00000E+00
 0.32000E+02, 0.45000E+02, 0.21008E+02, 0.30000E+02, 0.00000E+00
 0.33000E+02, 0.45000E+02, 0.19681E+02, 0.30000E+02, 0.00000E+00
 0.34000E+02, 0.45000E+02, 0.21993E+02, 0.30000E+02, 0.00000E+00
 0.35000E+02, 0.45000E+02, 0.22002E+02, 0.30000E+02, 0.00000E+00
 0.36000E+02, 0.45000E+02, 0.22061E+02, 0.30000E+02, 0.00000E+00
 0.37000E+02, 0.45000E+02, 0.47565E+02, 0.30000E+02, 0.75137E-21
 0.38000E+02, 0.45000E+02, 0.34219E+02, 0.30000E+02, 0.68221E-13
 0.39000E+02, 0.45000E+02, 0.34560E+02, 0.30000E+02, 0.44975E-09
 0.40000E+02, 0.45000E+02, 0.48933E+02, 0.30000E+02, 0.71116E-09
 0.41000E+02, 0.45000E+02, 0.61736E+02, 0.30000E+02, 0.68987E-17
 0.42000E+02, 0.45000E+02, 0.64587E+02, 0.30000E+02, 0.00000E+00
 0.43000E+02, 0.45000E+02, 0.64787E+02, 0.30000E+02, 0.00000E+00
 0.44000E+02, 0.45000E+02, 0.27780E+02, 0.30000E+02, 0.00000E+00
 0.45000E+02, 0.45000E+02, 0.22599E+02, 0.30000E+02, 0.00000E+00
 0.46000E+02, 0.45000E+02, 0.22868E+02, 0.30000E+02, 0.00000E+00
 0.47000E+02, 0.45000E+02, 0.22802E+02, 0.30000E+02, 0.00000E+00
 0.48000E+02, 0.45000E+02, 0.23034E+02, 0.30000E+02, 0.00000E+00
 0.49000E+02, 0.45000E+02, 0.23521E+02, 0.30000E+02, 0.00000E+00
 0.50000E+02, 0.45000E+02, 0.23766E+02, 0.30000E+02, 0.00000E+00
 0.51000E+02, 0.45000E+02, 0.23905E+02, 0.30000E+02, 0.00000E+00
 0.52000E+02, 0.45000E+02, 0.24054E+02, 0.30000E+02, 0.00000E+00
 0.53000E+02, 0.45000E+02, 0.24189E+02, 0.30000E+02, 0.00000E+00
 0.54000E+02, 0.45000E+02, 0.24397E+02, 0.30000E+02, 0.00000E+00
 0.55000E+02, 0.45000E+02, 0.21399E+02, 0.30000E+02, 0.00000E+00
 0.56000E+02, 0.45000E+02, 0.21577E+02, 0.30000E+02, 0.00000E+00
 0.57000E+02, 0.45000E+02, 0.21684E+02, 0.30000E+02, 0.00000E+00
 0.58000E+02, 0.45000E+02, 0.21701E+02, 0.30000E+02, 0.00000E+00
 0.59000E+02, 0.45000E+02, 0.21766E+02, 0.30000E+02, 0.00000E+00
 0.60000E+02, 0.45000E+02, 0.21850E+02, 0.30000E+02, 0.00000E+00
 0.61000E+02, 0.45000E+02, 0.21933E+02, 0.30000E+02, 0.00000E+00
 0.62000E+02, 0.45000E+02, 0.22000E+02, 0.30000E+02, 0.00000E+00
 0.63000E+02, 0.45000E+02, 0.21996E+02, 0.30000E+02, 0.00000E+00
 0.64000E+02, 0.45000E+02, 0.22000E+02, 0.30000E+02, 0.00000E+00
 0.65000E+02, 0.45000E+02, 0.22000E+02, 0.30000E+02, 0.00000E+00
 0.00000E+00, 0.46000E+02, 0.21882E+02, 0.30000E+02, 0.00000E+00
 0.10000E+01, 0.46000E+02, 0.22000E+02, 0.30000E+02, 0.00000E+00
 0.20000E+01, 0.46000E+02, 0.22000E+02, 0.30000E+02, 0.00000E+00
 0.30000E+01, 0.46000E+02, 0.22000E+02, 0.30000E+02, 0.00000E+00
 0.40000E+01, 0.46000E+02, 0.22000E+02, 0.30000E+02, 0.00000E+00
 0.50000E+01, 0.46000E+02, 0.21999E+02, 0.30000E+02, 0.00000E+00
 0.60000E+01, 0.46000E+02, 0.22000E+02, 0.30000E+02, 0.00000E+00
 0.70000E+01, 0.46000E+02, 0.22000E+02, 0.30000E+02, 0.00000E+00
 0.80000E+01, 0.46000E+02, 0.22001E+02, 0.30000E+02, 0.00000E+00
 0.90000E+01, 0.46000E+02, 0.22000E+02, 0.30000E+02, 0.00000E+00
 0.10000E+02, 0.46000E+02, 0.22001E+02, 0.30000E+02, 0.00000E+00
 0.11000E+02, 0.46000E+02, 0.22001E+02, 0.30000E+02, 0.00000E+00
 0.12000E+02, 0.46000E+02, 0.22001E+02, 0.30000E+02, 0.00000E+00
 0.13000E+02, 0.46000E+02, 0.22000E+02, 0.30000E+02, 0.00000E+00
 0.14000E+02, 0.46000E+02, 0.22000E+02, 0.30000E+02, 0.00000E+00
 0.15000E+02, 0.46000E+02, 0.22001E+02, 0.30000E+02, 0.00000E+00
 0.16000E+02, 0.46000E+02, 0.22000E+02, 0.30000E+02, 0.00000E+00
 0.17000E+02, 0.46000E+02, 0.22005E+02, 0.30000E+02, 0.00000E+00
 0.18000E+02, 0.46000E+02, 0.21603E+02, 0.30000E+02, 0.00000E+00
 0.19000E+02, 0.46000E+02, 0.21921E+02, 0.30000E+02, 0.00000E+00
 0.20000E+02, 0.46000E+02, 0.21871E+02, 0.30000E+02, 0.00000E+00
 0.21000E+02, 0.46000E+02, 0.21827E+02, 0.30000E+02, 0.00000E+00
 0.22000E+02, 0.46000E+02, 0.21422E+02, 0.30000E+02, 0.00000E+00
 0.23000E+02, 0.46000E+02, 0.22003E+02, 0.30000E+02, 0.00000E+00
 0.24000E+02, 0.46000E+02, 0.22002E+02, 0.30000E+02, 0.00000E+00
 0.25000E+02, 0.46000E+02, 0.21686E+02, 0.30000E+02, 0.00000E+00
 0.26000E+02, 0.46000E+02, 0.21434E+02, 0.30000E+02, 0.00000E+00
 0.27000E+02, 0.46000E+02, 0.21228E+02, 0.30000E+02, 0.00000E+00
 0.28000E+02, 0.46000E+02, 0.19994E+02, 0.30000E+02, 0.00000E+00
 0.29000E+02, 0.46000E+02, 0.20913E+02, 0.30000E+02, 0.00000E+00
 0.30000E+02, 0.46000E+02, 0.20615E+02, 0.30000E+02, 0.00000E+00
 0.31000E+02, 0.46000E+02, 0.19321E+02, 0.30000E+02, 0.00000E+00
 0.32000E+02, 0.46000E+02, 0.20726E+02, 0.30000E+02, 0.00000E+00
 0.33000E+02, 0.46000E+02, 0.21571E+02, 0.30000E+02, 0.00000E+00
 0.34000E+02, 0.46000E+02, 0.22000E+02, 0.30000E+02, 0.00000E+00
 0.35000E+02, 0.46000E+02, 0.22000E+02, 0.30000E+02, 0.00000E+00
 0.36000E+02, 0.46000E+02, 0.23830E+02, 0.30000E+02, 0.00000E+00
 0.37000E+02, 0.46000E+02,-0.33469E+01, 0.30000E+02, 0.30214E-16
 0.38000E+02, 0.46000E+02, 0.21888E+02, 0.30000E+02, 0.29021E-10
 0.39000E+02, 0.46000E+02, 0.22196E+02, 0.30000E+02, 0.52335E-06
 0.40000E+02, 0.46000E+02, 0.22218E+02, 0.30000E+02, 0.37409E-06
 0.41000E+02, 0.46000E+02, 0.22190E+02, 0.30000E+02, 0.35776E-06
 0.42000E+02, 0.46000E+02, 0.22147E+02, 0.30000E+02, 0.45849E-06
 0.43000E+02, 0.46000E+02, 0.21513E+02, 0.30000E+02, 0.89571E-10
 0.44000E+02, 0.46000E+02, 0.67071E+02, 0.30000E+02, 0.00000E+00
 0.45000E+02, 0.46000E+02, 0.22001E+02, 0.30000E+02, 0.00000E+00
 0.46000E+02, 0.46000E+02, 0.21996E+02, 0.30000E+02, 0.00000E+00
 0.47000E+02, 0.46000E+02, 0.21991E+02, 0.30000E+02, 0.00000E+00
 0.48000E+02, 0.46000E+02, 0.21998E+02, 0.30000E+02, 0.00000E+00
 0.49000E+02, 0.46000E+02, 0.21998E+02, 0.30000E+02, 0.00000E+00
 0.50000E+02, 0.46000E+02, 0.21999E+02, 0.30000E+02, 0.00000E+00
 0.51000E+02, 0.46000E+02, 0.21999E+02, 0.30000E+02, 0.00000E+00
 0.52000E+02, 0.46000E+02, 0.21999E+02, 0.30000E+02, 0.00000E+00
 0.53000E+02, 0.46000E+02, 0.21999E+02, 0.30000E+02, 0.00000E+00
 0.54000E+02, 0.46000E+02, 0.21994E+02, 0.30000E+02, 0.00000E+00
 0.55000E+02, 0.46000E+02, 0.25508E+02, 0.30000E+02, 0.00000E+00
 0.56000E+02, 0.46000E+02, 0.22008E+02, 0.30000E+02, 0.00000E+00
 0.57000E+02, 0.46000E+02, 0.22000E+02, 0.30000E+02, 0.00000E+00
 0.58000E+02, 0.46000E+02, 0.22003E+02, 0.30000E+02, 0.00000E+00
 0.59000E+02, 0.46000E+02, 0.22000E+02, 0.30000E+02, 0.00000E+00
 0.60000E+02, 0.46000E+02, 0.22001E+02, 0.30000E+02, 0.00000E+00
 0.61000E+02, 0.46000E+02, 0.22000E+02, 0.30000E+02, 0.00000E+00
 0.62000E+02, 0.46000E+02, 0.22000E+02, 0.30000E+02, 0.00000E+00
 0.63000E+02, 0.46000E+02, 0.21430E+02, 0.30000E+02, 0.00000E+00
 0.64000E+02, 0.46000E+02, 0.22000E+02, 0.30000E+02, 0.00000E+00
 0.65000E+02, 0.46000E+02, 0.22000E+02, 0.30000E+02, 0.00000E+00
 0.00000E+00, 0.47000E+02, 0.21848E+02, 0.30000E+02, 0.00000E+00
 0.10000E+01, 0.47000E+02, 0.22000E+02, 0.30000E+02, 0.00000E+00
 0.20000E+01, 0.47000E+02, 0.22000E+02, 0.30000E+02, 0.00000E+00
 0.30000E+01, 0.47000E+02, 0.22000E+02, 0.30000E+02, 0.00000E+00
 0.40000E+01, 0.47000E+02, 0.22000E+02, 0.30000E+02, 0.00000E+00
 0.50000E+01, 0.47000E+02, 0.22000E+02, 0.30000E+02, 0.00000E+00
 0.60000E+01, 0.47000E+02, 0.22000E+02, 0.30000E+02, 0.00000E+00
 0.70000E+01, 0.47000E+02, 0.22000E+02, 0.30000E+02, 0.00000E+00
 0.80000E+01, 0.47000E+02, 0.22000E+02, 0.30000E+02, 0.00000E+00
 0.90000E+01, 0.47000E+02, 0.22000E+02, 0.30000E+02, 0.00000E+00
 0.10000E+02, 0.47000E+02, 0.22000E+02, 0.30000E+02, 0.00000E+00
 0.11000E+02, 0.47000E+02, 0.22000E+02, 0.30000E+02, 0.00000E+00
 0.12000E+02, 0.47000E+02, 0.22000E+02, 0.30000E+02, 0.00000E+00
 0.13000E+02, 0.47000E+02, 0.22000E+02, 0.30000E+02, 0.00000E+00
 0.14000E+02, 0.47000E+02, 0.22000E+02, 0.30000E+02, 0.00000E+00
 0.15000E+02, 0.47000E+02, 0.22000E+02, 0.30000E+02, 0.00000E+00
 0.16000E+02, 0.47000E+02, 0.22000E+02, 0.30000E+02, 0.00000E+00
 0.17000E+02, 0.47000E+02, 0.22001E+02, 0.30000E+02, 0.00000E+00
 0.18000E+02, 0.47000E+02, 0.21683E+02, 0.30000E+02, 0.00000E+00
 0.19000E+02, 0.47000E+02, 0.21958E+02, 0.30000E+02, 0.00000E+00
 0.20000E+02, 0.47000E+02, 0.21982E+02, 0.30000E+02, 0.00000E+00
 0.21000E+02, 0.47000E+02, 0.21954E+02, 0.30000E+02, 0.00000E+00
 0.22000E+02, 0.47000E+02, 0.21377E+02, 0.30000E+02, 0.00000E+00
 0.23000E+02, 0.47000E+02, 0.22000E+02, 0.30000E+02, 0.00000E+00
 0.24000E+02, 0.47000E+02, 0.21997E+02, 0.30000E+02, 0.00000E+00
 0.25000E+02, 0.47000E+02, 0.21765E+02, 0.30000E+02, 0.00000E+00
 0.26000E+02, 0.47000E+02, 0.21607E+02, 0.30000E+02, 0.00000E+00
 0.27000E+02, 0.47000E+02, 0.21477E+02, 0.30000E+02, 0.00000E+00
 0.28000E+02, 0.47000E+02, 0.19839E+02, 0.30000E+02, 0.00000E+00
 0.29000E+02, 0.47000E+02, 0.20993E+02, 0.30000E+02, 0.00000E+00
 0.30000E+02, 0.47000E+02, 0.20813E+02, 0.30000E+02, 0.00000E+00
 0.31000E+02, 0.47000E+02, 0.19055E+02, 0.30000E+02, 0.00000E+00
 0.32000E+02, 0.47000E+02, 0.20807E+02, 0.30000E+02, 0.00000E+00
 0.33000E+02, 0.47000E+02, 0.22029E+02, 0.30000E+02, 0.00000E+00
 0.34000E+02, 0.47000E+02, 0.22000E+02, 0.30000E+02, 0.00000E+00
 0.35000E+02, 0.47000E+02, 0.22000E+02, 0.30000E+02, 0.00000E+00
 0.36000E+02, 0.47000E+02, 0.24095E+02, 0.30000E+02, 0.00000E+00
 0.37000E+02, 0.47000E+02,-0.42889E+01, 0.30000E+02, 0.74008E-16
 0.38000E+02, 0.47000E+02, 0.22155E+02, 0.30000E+02, 0.12367E-09
 0.39000E+02, 0.47000E+02, 0.22503E+02, 0.30000E+02, 0.19441E-05
 0.40000E+02, 0.47000E+02, 0.22494E+02, 0.30000E+02, 0.92800E-06
 0.41000E+02, 0.47000E+02, 0.22473E+02, 0.30000E+02, 0.90840E-06
 0.42000E+02, 0.47000E+02, 0.22534E+02, 0.30000E+02, 0.24844E-05
 0.43000E+02, 0.47000E+02, 0.21975E+02, 0.30000E+02, 0.54086E-09
 0.44000E+02, 0.47000E+02, 0.68486E+02, 0.30000E+02, 0.00000E+00
 0.45000E+02, 0.47000E+02, 0.22012E+02, 0.30000E+02, 0.00000E+00
 0.46000E+02, 0.47000E+02, 0.22000E+02, 0.30000E+02, 0.00000E+00
 0.47000E+02, 0.47000E+02, 0.22000E+02, 0.30000E+02, 0.00000E+00
 0.48000E+02, 0.47000E+02, 0.22000E+02, 0.30000E+02, 0.00000E+00
 0.49000E+02, 0.47000E+02, 0.22000E+02, 0.30000E+02, 0.00000E+00
 0.50000E+02, 0.47000E+02, 0.22000E+02, 0.30000E+02, 0.00000E+00
 0.51000E+02, 0.47000E+02, 0.22000E+02, 0.30000E+02, 0.00000E+00
 0.52000E+02, 0.47000E+02, 0.22000E+02, 0.30000E+02, 0.00000E+00
 0.53000E+02, 0.47000E+02, 0.22000E+02, 0.30000E+02, 0.00000E+00
 0.54000E+02, 0.47000E+02, 0.21997E+02, 0.30000E+02, 0.00000E+00
 0.55000E+02, 0.47000E+02, 0.25745E+02, 0.30000E+02, 0.00000E+00
 0.56000E+02, 0.47000E+02, 0.22000E+02, 0.30000E+02, 0.00000E+00
 0.57000E+02, 0.47000E+02, 0.22000E+02, 0.30000E+02, 0.00000E+00
 0.58000E+02, 0.47000E+02, 0.22000E+02, 0.30000E+02, 0.00000E+00
 0.59000E+02, 0.47000E+02, 0.22000E+02, 0.30000E+02, 0.00000E+00
 0.60000E+02, 0.47000E+02, 0.22000E+02, 0.30000E+02, 0.00000E+00
 0.61000E+02, 0.47000E+02, 0.22000E+02, 0.30000E+02, 0.00000E+00
 0.62000E+02, 0.47000E+02, 0.22000E+02, 0.30000E+02, 0.00000E+00
 0.63000E+02, 0.47000E+02, 0.21235E+02, 0.30000E+02, 0.00000E+00
 0.64000E+02, 0.47000E+02, 0.22005E+02, 0.30000E+02, 0.00000E+00
 0.65000E+02, 0.47000E+02, 0.22000E+02, 0.30000E+02, 0.00000E+00
 0.00000E+00, 0.48000E+02, 0.21876E+02, 0.30000E+02, 0.00000E+00
 0.10000E+01, 0.48000E+02, 0.22000E+02, 0.30000E+02, 0.00000E+00
 0.20000E+01, 0.48000E+02, 0.22000E+02, 0.30000E+02, 0.00000E+00
 0.30000E+01, 0.48000E+02, 0.22000E+02, 0.30000E+02, 0.00000E+00
 0.40000E+01, 0.48000E+02, 0.22000E+02, 0.30000E+02, 0.00000E+00
 0.50000E+01, 0.48000E+02, 0.22000E+02, 0.30000E+02, 0.00000E+00
 0.60000E+01, 0.48000E+02, 0.22000E+02, 0.30000E+02, 0.00000E+00
 0.70000E+01, 0.48000E+02, 0.22000E+02, 0.30000E+02, 0.00000E+00
 0.80000E+01, 0.48000E+02, 0.22000E+02, 0.30000E+02, 0.00000E+00
 0.90000E+01, 0.48000E+02, 0.22000E+02, 0.30000E+02, 0.00000E+00
 0.10000E+02, 0.48000E+02, 0.22000E+02, 0.30000E+02, 0.00000E+00
 0.11000E+02, 0.48000E+02, 0.22000E+02, 0.30000E+02, 0.00000E+00
 0.12000E+02, 0.48000E+02, 0.22000E+02, 0.30000E+02, 0.00000E+00
 0.13000E+02, 0.48000E+02, 0.22000E+02, 0.30000E+02, 0.00000E+00
 0.14000E+02, 0.48000E+02, 0.22000E+02, 0.30000E+02, 0.00000E+00
 0.15000E+02, 0.48000E+02, 0.22000E+02, 0.30000E+02, 0.00000E+00
 0.16000E+02, 0.48000E+02, 0.22000E+02, 0.30000E+02, 0.00000E+00
 0.17000E+02, 0.48000E+02, 0.22000E+02, 0.30000E+02, 0.00000E+00
 0.18000E+02, 0.48000E+02, 0.21726E+02, 0.30000E+02, 0.00000E+00
 0.19000E+02, 0.48000E+02, 0.21969E+02, 0.30000E+02, 0.00000E+00
 0.20000E+02, 0.48000E+02, 0.21949E+02, 0.30000E+02, 0.00000E+00
 0.21000E+02, 0.48000E+02, 0.21975E+02, 0.30000E+02, 0.00000E+00
 0.22000E+02, 0.48000E+02, 0.21377E+02, 0.30000E+02, 0.00000E+00
 0.23000E+02, 0.48000E+02, 0.21906E+02, 0.30000E+02, 0.00000E+00
 0.24000E+02, 0.48000E+02, 0.21875E+02, 0.30000E+02, 0.00000E+00
 0.25000E+02, 0.48000E+02, 0.21830E+02, 0.30000E+02, 0.00000E+00
 0.26000E+02, 0.48000E+02, 0.21741E+02, 0.30000E+02, 0.00000E+00
 0.27000E+02, 0.48000E+02, 0.21620E+02, 0.30000E+02, 0.00000E+00
 0.28000E+02, 0.48000E+02, 0.19897E+02, 0.30000E+02, 0.00000E+00
 0.29000E+02, 0.48000E+02, 0.21104E+02, 0.30000E+02, 0.00000E+00
 0.30000E+02, 0.48000E+02, 0.21035E+02, 0.30000E+02, 0.00000E+00
 0.31000E+02, 0.48000E+02, 0.21968E+02, 0.30000E+02, 0.00000E+00
 0.32000E+02, 0.48000E+02, 0.22000E+02, 0.30000E+02, 0.00000E+00
 0.33000E+02, 0.48000E+02, 0.22000E+02, 0.30000E+02, 0.00000E+00
 0.34000E+02, 0.48000E+02, 0.22000E+02, 0.30000E+02, 0.00000E+00
 0.35000E+02, 0.48000E+02, 0.22000E+02, 0.30000E+02, 0.00000E+00
 0.36000E+02, 0.48000E+02, 0.24150E+02, 0.30000E+02, 0.00000E+00
 0.37000E+02, 0.48000E+02,-0.52411E+01, 0.30000E+02, 0.22948E-15
 0.38000E+02, 0.48000E+02, 0.22189E+02, 0.30000E+02, 0.26838E-09
 0.39000E+02, 0.48000E+02, 0.22625E+02, 0.30000E+02, 0.29200E-05
 0.40000E+02, 0.48000E+02, 0.22701E+02, 0.30000E+02, 0.34159E-05
 0.41000E+02, 0.48000E+02, 0.22674E+02, 0.30000E+02, 0.33911E-05
 0.42000E+02, 0.48000E+02, 0.22601E+02, 0.30000E+02, 0.28073E-05
 0.43000E+02, 0.48000E+02, 0.21991E+02, 0.30000E+02, 0.64005E-09
 0.44000E+02, 0.48000E+02, 0.68336E+02, 0.30000E+02, 0.00000E+00
 0.45000E+02, 0.48000E+02, 0.22013E+02, 0.30000E+02, 0.00000E+00
 0.46000E+02, 0.48000E+02, 0.22000E+02, 0.30000E+02, 0.00000E+00
 0.47000E+02, 0.48000E+02, 0.22000E+02, 0.30000E+02, 0.00000E+00
 0.48000E+02, 0.48000E+02, 0.22000E+02, 0.30000E+02, 0.00000E+00
 0.49000E+02, 0.48000E+02, 0.22000E+02, 0.30000E+02, 0.00000E+00
 0.50000E+02, 0.48000E+02, 0.22000E+02, 0.30000E+02, 0.00000E+00
 0.51000E+02, 0.48000E+02, 0.22000E+02, 0.30000E+02, 0.00000E+00
 0.52000E+02, 0.48000E+02, 0.22000E+02, 0.30000E+02, 0.00000E+00
 0.53000E+02, 0.48000E+02, 0.22000E+02, 0.30000E+02, 0.00000E+00
 0.54000E+02, 0.48000E+02, 0.21997E+02, 0.30000E+02, 0.00000E+00
 0.55000E+02, 0.48000E+02, 0.25867E+02, 0.30000E+02, 0.00000E+00
 0.56000E+02, 0.48000E+02, 0.22000E+02, 0.30000E+02, 0.00000E+00
 0.57000E+02, 0.48000E+02, 0.22000E+02, 0.30000E+02, 0.00000E+00
 0.58000E+02, 0.48000E+02, 0.22000E+02, 0.30000E+02, 0.00000E+00
 0.59000E+02, 0.48000E+02, 0.22000E+02, 0.30000E+02, 0.00000E+00
 0.60000E+02, 0.48000E+02, 0.22000E+02, 0.30000E+02, 0.00000E+00
 0.61000E+02, 0.48000E+02, 0.22000E+02, 0.30000E+02, 0.00000E+00
 0.62000E+02, 0.48000E+02, 0.22000E+02, 0.30000E+02, 0.00000E+00
 0.63000E+02, 0.48000E+02, 0.21117E+02, 0.30000E+02, 0.00000E+00
 0.64000E+02, 0.48000E+02, 0.22000E+02, 0.30000E+02, 0.00000E+00
 0.65000E+02, 0.48000E+02, 0.22000E+02, 0.30000E+02, 0.00000E+00
 0.00000E+00, 0.49000E+02, 0.21866E+02, 0.30000E+02, 0.00000E+00
 0.10000E+01, 0.49000E+02, 0.22000E+02, 0.30000E+02, 0.00000E+00
 0.20000E+01, 0.49000E+02, 0.22000E+02, 0.30000E+02, 0.00000E+00
 0.30000E+01, 0.49000E+02, 0.22000E+02, 0.30000E+02, 0.00000E+00
 0.40000E+01, 0.49000E+02, 0.22000E+02, 0.30000E+02, 0.00000E+00
 0.50000E+01, 0.49000E+02, 0.22000E+02, 0.30000E+02, 0.00000E+00
 0.60000E+01, 0.49000E+02, 0.22000E+02, 0.30000E+02, 0.00000E+00
 0.70000E+01, 0.49000E+02, 0.22000E+02, 0.30000E+02, 0.00000E+00
 0.80000E+01, 0.49000E+02, 0.22000E+02, 0.30000E+02, 0.00000E+00
 0.90000E+01, 0.49000E+02, 0.22000E+02, 0.30000E+02, 0.00000E+00
 0.10000E+02, 0.49000E+02, 0.22000E+02, 0.30000E+02, 0.00000E+00
 0.11000E+02, 0.49000E+02, 0.22000E+02, 0.30000E+02, 0.00000E+00
 0.12000E+02, 0.49000E+02, 0.22000E+02, 0.30000E+02, 0.00000E+00
 0.13000E+02, 0.49000E+02, 0.22000E+02, 0.30000E+02, 0.00000E+00
 0.14000E+02, 0.49000E+02, 0.22000E+02, 0.30000E+02, 0.00000E+00
 0.15000E+02, 0.49000E+02, 0.22000E+02, 0.30000E+02, 0.00000E+00
 0.16000E+02, 0.49000E+02, 0.22000E+02, 0.30000E+02, 0.00000E+00
 0.17000E+02, 0.49000E+02, 0.22003E+02, 0.30000E+02, 0.00000E+00
 0.18000E+02, 0.49000E+02, 0.21704E+02, 0.30000E+02, 0.00000E+00
 0.19000E+02, 0.49000E+02, 0.21974E+02, 0.30000E+02, 0.00000E+00
 0.20000E+02, 0.49000E+02, 0.21987E+02, 0.30000E+02, 0.00000E+00
 0.21000E+02, 0.49000E+02, 0.21994E+02, 0.30000E+02, 0.00000E+00
 0.22000E+02, 0.49000E+02, 0.21447E+02, 0.30000E+02, 0.00000E+00
 0.23000E+02, 0.49000E+02, 0.21913E+02, 0.30000E+02, 0.00000E+00
 0.24000E+02, 0.49000E+02, 0.21898E+02, 0.30000E+02, 0.00000E+00
 0.25000E+02, 0.49000E+02, 0.21860E+02, 0.30000E+02, 0.00000E+00
 0.26000E+02, 0.49000E+02, 0.21828E+02, 0.30000E+02, 0.00000E+00
 0.27000E+02, 0.49000E+02, 0.21720E+02, 0.30000E+02, 0.00000E+00
 0.28000E+02, 0.49000E+02, 0.19930E+02, 0.30000E+02, 0.00000E+00
 0.29000E+02, 0.49000E+02, 0.21211E+02, 0.30000E+02, 0.00000E+00
 0.30000E+02, 0.49000E+02, 0.21174E+02, 0.30000E+02, 0.00000E+00
 0.31000E+02, 0.49000E+02, 0.21769E+02, 0.30000E+02, 0.00000E+00
 0.32000E+02, 0.49000E+02, 0.22000E+02, 0.30000E+02, 0.00000E+00
 0.33000E+02, 0.49000E+02, 0.22000E+02, 0.30000E+02, 0.00000E+00
 0.34000E+02, 0.49000E+02, 0.22000E+02, 0.30000E+02, 0.00000E+00
 0.35000E+02, 0.49000E+02, 0.21999E+02, 0.30000E+02, 0.00000E+00
 0.36000E+02, 0.49000E+02, 0.24212E+02, 0.30000E+02, 0.00000E+00
 0.37000E+02, 0.49000E+02,-0.60449E+01, 0.30000E+02, 0.22423E-15
 0.38000E+02, 0.49000E+02, 0.22192E+02, 0.30000E+02, 0.23269E-09
 0.39000E+02, 0.49000E+02, 0.22625E+02, 0.30000E+02, 0.30007E-05
 0.40000E+02, 0.49000E+02, 0.22692E+02, 0.30000E+02, 0.34294E-05
 0.41000E+02, 0.49000E+02, 0.22608E+02, 0.30000E+02, 0.23802E-05
 0.42000E+02, 0.49000E+02, 0.22598E+02, 0.30000E+02, 0.28841E-05
 0.43000E+02, 0.49000E+02, 0.21999E+02, 0.30000E+02, 0.75714E-09
 0.44000E+02, 0.49000E+02, 0.68121E+02, 0.30000E+02, 0.00000E+00
 0.45000E+02, 0.49000E+02, 0.22012E+02, 0.30000E+02, 0.00000E+00
 0.46000E+02, 0.49000E+02, 0.22000E+02, 0.30000E+02, 0.00000E+00
 0.47000E+02, 0.49000E+02, 0.22000E+02, 0.30000E+02, 0.00000E+00
 0.48000E+02, 0.49000E+02, 0.22000E+02, 0.30000E+02, 0.00000E+00
 0.49000E+02, 0.49000E+02, 0.22000E+02, 0.30000E+02, 0.00000E+00
 0.50000E+02, 0.49000E+02, 0.22000E+02, 0.30000E+02, 0.00000E+00
 0.51000E+02, 0.49000E+02, 0.22000E+02, 0.30000E+02, 0.00000E+00
 0.52000E+02, 0.49000E+02, 0.22000E+02, 0.30000E+02, 0.00000E+00
 0.53000E+02, 0.49000E+02, 0.22000E+02, 0.30000E+02, 0.00000E+00
 0.54000E+02, 0.49000E+02, 0.21997E+02, 0.30000E+02, 0.00000E+00
 0.55000E+02, 0.49000E+02, 0.25993E+02, 0.30000E+02, 0.00000E+00
 0.56000E+02, 0.49000E+02, 0.22000E+02, 0.30000E+02, 0.00000E+00
 0.57000E+02, 0.49000E+02, 0.22000E+02, 0.30000E+02, 0.00000E+00
 0.58000E+02, 0.49000E+02, 0.22000E+02, 0.30000E+02, 0.00000E+00
 0.59000E+02, 0.49000E+02, 0.22000E+02, 0.30000E+02, 0.00000E+00
 0.60000E+02, 0.49000E+02, 0.22000E+02, 0.30000E+02, 0.00000E+00
 0.61000E+02, 0.49000E+02, 0.22000E+02, 0.30000E+02, 0.00000E+00
 0.62000E+02, 0.49000E+02, 0.22000E+02, 0.30000E+02, 0.00000E+00
 0.63000E+02, 0.49000E+02, 0.21089E+02, 0.30000E+02, 0.00000E+00
 0.64000E+02, 0.49000E+02, 0.22001E+02, 0.30000E+02, 0.00000E+00
 0.65000E+02, 0.49000E+02, 0.22000E+02, 0.30000E+02, 0.00000E+00
 0.00000E+00, 0.50000E+02, 0.21867E+02, 0.30000E+02, 0.00000E+00
 0.10000E+01, 0.50000E+02, 0.22000E+02, 0.30000E+02, 0.00000E+00
 0.20000E+01, 0.50000E+02, 0.22000E+02, 0.30000E+02, 0.00000E+00
 0.30000E+01, 0.50000E+02, 0.22000E+02, 0.30000E+02, 0.00000E+00
 0.40000E+01, 0.50000E+02, 0.22000E+02, 0.30000E+02, 0.00000E+00
 0.50000E+01, 0.50000E+02, 0.22000E+02, 0.30000E+02, 0.00000E+00
 0.60000E+01, 0.50000E+02, 0.22000E+02, 0.30000E+02, 0.00000E+00
 0.70000E+01, 0.50000E+02, 0.22000E+02, 0.30000E+02, 0.00000E+00
 0.80000E+01, 0.50000E+02, 0.22000E+02, 0.30000E+02, 0.00000E+00
 0.90000E+01, 0.50000E+02, 0.22000E+02, 0.30000E+02, 0.00000E+00
 0.10000E+02, 0.50000E+02, 0.22000E+02, 0.30000E+02, 0.00000E+00
 0.11000E+02, 0.50000E+02, 0.22000E+02, 0.30000E+02, 0.00000E+00
 0.12000E+02, 0.50000E+02, 0.22000E+02, 0.30000E+02, 0.00000E+00
 0.13000E+02, 0.50000E+02, 0.22000E+02, 0.30000E+02, 0.00000E+00
 0.14000E+02, 0.50000E+02, 0.22000E+02, 0.30000E+02, 0.00000E+00
 0.15000E+02, 0.50000E+02, 0.22000E+02, 0.30000E+02, 0.00000E+00
 0.16000E+02, 0.50000E+02, 0.22000E+02, 0.30000E+02, 0.00000E+00
 0.17000E+02, 0.50000E+02, 0.22000E+02, 0.30000E+02, 0.00000E+00
 0.18000E+02, 0.50000E+02, 0.21901E+02, 0.30000E+02, 0.00000E+00
 0.19000E+02, 0.50000E+02, 0.22015E+02, 0.30000E+02, 0.00000E+00
 0.20000E+02, 0.50000E+02, 0.22004E+02, 0.30000E+02, 0.00000E+00
 0.21000E+02, 0.50000E+02, 0.21977E+02, 0.30000E+02, 0.00000E+00
 0.22000E+02, 0.50000E+02, 0.21525E+02, 0.30000E+02, 0.00000E+00
 0.23000E+02, 0.50000E+02, 0.21948E+02, 0.30000E+02, 0.00000E+00
 0.24000E+02, 0.50000E+02, 0.21927E+02, 0.30000E+02, 0.00000E+00
 0.25000E+02, 0.50000E+02, 0.21898E+02, 0.30000E+02, 0.00000E+00
 0.26000E+02, 0.50000E+02, 0.21885E+02, 0.30000E+02, 0.00000E+00
 0.27000E+02, 0.50000E+02, 0.21804E+02, 0.30000E+02, 0.00000E+00
 0.28000E+02, 0.50000E+02, 0.19878E+02, 0.30000E+02, 0.00000E+00
 0.29000E+02, 0.50000E+02, 0.21252E+02, 0.30000E+02, 0.00000E+00
 0.30000E+02, 0.50000E+02, 0.21193E+02, 0.30000E+02, 0.00000E+00
 0.31000E+02, 0.50000E+02, 0.21677E+02, 0.30000E+02, 0.00000E+00
 0.32000E+02, 0.50000E+02, 0.21998E+02, 0.30000E+02, 0.00000E+00
 0.33000E+02, 0.50000E+02, 0.21993E+02, 0.30000E+02, 0.00000E+00
 0.34000E+02, 0.50000E+02, 0.22000E+02, 0.30000E+02, 0.00000E+00
 0.35000E+02, 0.50000E+02, 0.21967E+02, 0.30000E+02, 0.00000E+00
 0.36000E+02, 0.50000E+02, 0.24271E+02, 0.30000E+02, 0.00000E+00
 0.37000E+02, 0.50000E+02,-0.69199E+01, 0.30000E+02, 0.56590E-16
 0.38000E+02, 0.50000E+02, 0.22180E+02, 0.30000E+02, 0.10130E-09
 0.39000E+02, 0.50000E+02, 0.22507E+02, 0.30000E+02, 0.21101E-05
 0.40000E+02, 0.50000E+02, 0.22473E+02, 0.30000E+02, 0.93211E-06
 0.41000E+02, 0.50000E+02, 0.22473E+02, 0.30000E+02, 0.12620E-05
 0.42000E+02, 0.50000E+02, 0.22490E+02, 0.30000E+02, 0.22695E-05
 0.43000E+02, 0.50000E+02, 0.21996E+02, 0.30000E+02, 0.50684E-09
 0.44000E+02, 0.50000E+02, 0.68055E+02, 0.30000E+02, 0.00000E+00
 0.45000E+02, 0.50000E+02, 0.22010E+02, 0.30000E+02, 0.00000E+00
 0.46000E+02, 0.50000E+02, 0.22000E+02, 0.30000E+02, 0.00000E+00
 0.47000E+02, 0.50000E+02, 0.22000E+02, 0.30000E+02, 0.00000E+00
 0.48000E+02, 0.50000E+02, 0.22000E+02, 0.30000E+02, 0.00000E+00
 0.49000E+02, 0.50000E+02, 0.22000E+02, 0.30000E+02, 0.00000E+00
 0.50000E+02, 0.50000E+02, 0.22000E+02, 0.30000E+02, 0.00000E+00
 0.51000E+02, 0.50000E+02, 0.22000E+02, 0.30000E+02, 0.00000E+00
 0.52000E+02, 0.50000E+02, 0.22000E+02, 0.30000E+02, 0.00000E+00
 0.53000E+02, 0.50000E+02, 0.22000E+02, 0.30000E+02, 0.00000E+00
 0.54000E+02, 0.50000E+02, 0.21997E+02, 0.30000E+02, 0.00000E+00
 0.55000E+02, 0.50000E+02, 0.26102E+02, 0.30000E+02, 0.00000E+00
 0.56000E+02, 0.50000E+02, 0.22000E+02, 0.30000E+02, 0.00000E+00
 0.57000E+02, 0.50000E+02, 0.22000E+02, 0.30000E+02, 0.00000E+00
 0.58000E+02, 0.50000E+02, 0.22000E+02, 0.30000E+02, 0.00000E+00
 0.59000E+02, 0.50000E+02, 0.22000E+02, 0.30000E+02, 0.00000E+00
 0.60000E+02, 0.50000E+02, 0.22000E+02, 0.30000E+02, 0.00000E+00
 0.61000E+02, 0.50000E+02, 0.22000E+02, 0.30000E+02, 0.00000E+00
 0.62000E+02, 0.50000E+02, 0.22000E+02, 0.30000E+02, 0.00000E+00
 0.63000E+02, 0.50000E+02, 0.21100E+02, 0.30000E+02, 0.00000E+00
 0.64000E+02, 0.50000E+02, 0.22005E+02, 0.30000E+02, 0.00000E+00
 0.65000E+02, 0.50000E+02, 0.22000E+02, 0.30000E+02, 0.00000E+00
 0.00000E+00, 0.51000E+02, 0.21834E+02, 0.30000E+02, 0.00000E+00
 0.10000E+01, 0.51000E+02, 0.22000E+02, 0.30000E+02, 0.00000E+00
 0.20000E+01, 0.51000E+02, 0.22000E+02, 0.30000E+02, 0.00000E+00
 0.30000E+01, 0.51000E+02, 0.22000E+02, 0.30000E+02, 0.00000E+00
 0.40000E+01, 0.51000E+02, 0.22000E+02, 0.30000E+02, 0.00000E+00
 0.50000E+01, 0.51000E+02, 0.22000E+02, 0.30000E+02, 0.00000E+00
 0.60000E+01, 0.51000E+02, 0.22000E+02, 0.30000E+02, 0.00000E+00
 0.70000E+01, 0.51000E+02, 0.22000E+02, 0.30000E+02, 0.00000E+00
 0.80000E+01, 0.51000E+02, 0.22000E+02, 0.30000E+02, 0.00000E+00
 0.90000E+01, 0.51000E+02, 0.22000E+02, 0.30000E+02, 0.00000E+00
 0.10000E+02, 0.51000E+02, 0.22000E+02, 0.30000E+02, 0.00000E+00
 0.11000E+02, 0.51000E+02, 0.22000E+02, 0.30000E+02, 0.00000E+00
 0.12000E+02, 0.51000E+02, 0.22000E+02, 0.30000E+02, 0.00000E+00
 0.13000E+02, 0.51000E+02, 0.22000E+02, 0.30000E+02, 0.00000E+00
 0.14000E+02, 0.51000E+02, 0.22000E+02, 0.30000E+02, 0.00000E+00
 0.15000E+02, 0.51000E+02, 0.22000E+02, 0.30000E+02, 0.00000E+00
 0.16000E+02, 0.51000E+02, 0.22000E+02, 0.30000E+02, 0.00000E+00
 0.17000E+02, 0.51000E+02, 0.22002E+02, 0.30000E+02, 0.00000E+00
 0.18000E+02, 0.51000E+02, 0.21827E+02, 0.30000E+02, 0.00000E+00
 0.19000E+02, 0.51000E+02, 0.22031E+02, 0.30000E+02, 0.00000E+00
 0.20000E+02, 0.51000E+02, 0.22023E+02, 0.30000E+02, 0.00000E+00
 0.21000E+02, 0.51000E+02, 0.21970E+02, 0.30000E+02, 0.00000E+00
 0.22000E+02, 0.51000E+02, 0.21534E+02, 0.30000E+02, 0.00000E+00
 0.23000E+02, 0.51000E+02, 0.21973E+02, 0.30000E+02, 0.00000E+00
 0.24000E+02, 0.51000E+02, 0.21959E+02, 0.30000E+02, 0.00000E+00
 0.25000E+02, 0.51000E+02, 0.21980E+02, 0.30000E+02, 0.00000E+00
 0.26000E+02, 0.51000E+02, 0.21994E+02, 0.30000E+02, 0.00000E+00
 0.27000E+02, 0.51000E+02, 0.21866E+02, 0.30000E+02, 0.00000E+00
 0.28000E+02, 0.51000E+02, 0.20557E+02, 0.30000E+02, 0.00000E+00
 0.29000E+02, 0.51000E+02, 0.22049E+02, 0.30000E+02, 0.00000E+00
 0.30000E+02, 0.51000E+02, 0.21808E+02, 0.30000E+02, 0.00000E+00
 0.31000E+02, 0.51000E+02, 0.22319E+02, 0.30000E+02, 0.00000E+00
 0.32000E+02, 0.51000E+02, 0.22614E+02, 0.30000E+02, 0.00000E+00
 0.33000E+02, 0.51000E+02, 0.22707E+02, 0.30000E+02, 0.00000E+00
 0.34000E+02, 0.51000E+02, 0.22000E+02, 0.30000E+02, 0.00000E+00
 0.35000E+02, 0.51000E+02, 0.23490E+02, 0.30000E+02, 0.00000E+00
 0.36000E+02, 0.51000E+02, 0.23330E+02, 0.30000E+02, 0.00000E+00
 0.37000E+02, 0.51000E+02,-0.73347E+01, 0.30000E+02, 0.95874E-18
 0.38000E+02, 0.51000E+02, 0.22142E+02, 0.30000E+02, 0.21609E-11
 0.39000E+02, 0.51000E+02, 0.22250E+02, 0.30000E+02, 0.27194E-06
 0.40000E+02, 0.51000E+02, 0.22288E+02, 0.30000E+02, 0.27672E-06
 0.41000E+02, 0.51000E+02, 0.22279E+02, 0.30000E+02, 0.32705E-06
 0.42000E+02, 0.51000E+02, 0.22215E+02, 0.30000E+02, 0.27481E-06
 0.43000E+02, 0.51000E+02, 0.21998E+02, 0.30000E+02, 0.22112E-10
 0.44000E+02, 0.51000E+02, 0.67283E+02, 0.30000E+02, 0.00000E+00
 0.45000E+02, 0.51000E+02, 0.22009E+02, 0.30000E+02, 0.00000E+00
 0.46000E+02, 0.51000E+02, 0.22000E+02, 0.30000E+02, 0.00000E+00
 0.47000E+02, 0.51000E+02, 0.22000E+02, 0.30000E+02, 0.00000E+00
 0.48000E+02, 0.51000E+02, 0.22000E+02, 0.30000E+02, 0.00000E+00
 0.49000E+02, 0.51000E+02, 0.22000E+02, 0.30000E+02, 0.00000E+00
 0.50000E+02, 0.51000E+02, 0.22000E+02, 0.30000E+02, 0.00000E+00
 0.51000E+02, 0.51000E+02, 0.22000E+02, 0.30000E+02, 0.00000E+00
 0.52000E+02, 0.51000E+02, 0.22000E+02, 0.30000E+02, 0.00000E+00
 0.53000E+02, 0.51000E+02, 0.22000E+02, 0.30000E+02, 0.00000E+00
 0.54000E+02, 0.51000E+02, 0.21997E+02, 0.30000E+02, 0.00000E+00
 0.55000E+02, 0.51000E+02, 0.26144E+02, 0.30000E+02, 0.00000E+00
 0.56000E+02, 0.51000E+02, 0.22000E+02, 0.30000E+02, 0.00000E+00
 0.57000E+02, 0.51000E+02, 0.22000E+02, 0.30000E+02, 0.00000E+00
 0.58000E+02, 0.51000E+02, 0.22000E+02, 0.30000E+02, 0.00000E+00
 0.59000E+02, 0.51000E+02, 0.22000E+02, 0.30000E+02, 0.00000E+00
 0.60000E+02, 0.51000E+02, 0.22000E+02, 0.30000E+02, 0.00000E+00
 0.61000E+02, 0.51000E+02, 0.22000E+02, 0.30000E+02, 0.00000E+00
 0.62000E+02, 0.51000E+02, 0.22000E+02, 0.30000E+02, 0.00000E+00
 0.63000E+02, 0.51000E+02, 0.21160E+02, 0.30000E+02, 0.00000E+00
 0.64000E+02, 0.51000E+02, 0.21939E+02, 0.30000E+02, 0.00000E+00
 0.65000E+02, 0.51000E+02, 0.22000E+02, 0.30000E+02, 0.00000E+00
 0.00000E+00, 0.52000E+02, 0.21848E+02, 0.30000E+02, 0.00000E+00
 0.10000E+01, 0.52000E+02, 0.22000E+02, 0.30000E+02, 0.00000E+00
 0.20000E+01, 0.52000E+02, 0.22000E+02, 0.30000E+02, 0.00000E+00
 0.30000E+01, 0.52000E+02, 0.22000E+02, 0.30000E+02, 0.00000E+00
 0.40000E+01, 0.52000E+02, 0.22000E+02, 0.30000E+02, 0.00000E+00
 0.50000E+01, 0.52000E+02, 0.22000E+02, 0.30000E+02, 0.00000E+00
 0.60000E+01, 0.52000E+02, 0.22000E+02, 0.30000E+02, 0.00000E+00
 0.70000E+01, 0.52000E+02, 0.22000E+02, 0.30000E+02, 0.00000E+00
 0.80000E+01, 0.52000E+02, 0.22000E+02, 0.30000E+02, 0.00000E+00
 0.90000E+01, 0.52000E+02, 0.22000E+02, 0.30000E+02, 0.00000E+00
 0.10000E+02, 0.52000E+02, 0.22000E+02, 0.30000E+02, 0.00000E+00
 0.11000E+02, 0.52000E+02, 0.22000E+02, 0.30000E+02, 0.00000E+00
 0.12000E+02, 0.52000E+02, 0.22000E+02, 0.30000E+02, 0.00000E+00
 0.13000E+02, 0.52000E+02, 0.22000E+02, 0.30000E+02, 0.00000E+00
 0.14000E+02, 0.52000E+02, 0.22000E+02, 0.30000E+02, 0.00000E+00
 0.15000E+02, 0.52000E+02, 0.22000E+02, 0.30000E+02, 0.00000E+00
 0.16000E+02, 0.52000E+02, 0.22000E+02, 0.30000E+02, 0.00000E+00
 0.17000E+02, 0.52000E+02, 0.22001E+02, 0.30000E+02, 0.00000E+00
 0.18000E+02, 0.52000E+02, 0.21975E+02, 0.30000E+02, 0.00000E+00
 0.19000E+02, 0.52000E+02, 0.22041E+02, 0.30000E+02, 0.00000E+00
 0.20000E+02, 0.52000E+02, 0.22037E+02, 0.30000E+02, 0.00000E+00
 0.21000E+02, 0.52000E+02, 0.22022E+02, 0.30000E+02, 0.00000E+00
 0.22000E+02, 0.52000E+02, 0.21558E+02, 0.30000E+02, 0.00000E+00
 0.23000E+02, 0.52000E+02, 0.21991E+02, 0.30000E+02, 0.00000E+00
 0.24000E+02, 0.52000E+02, 0.22052E+02, 0.30000E+02, 0.00000E+00
 0.25000E+02, 0.52000E+02, 0.22109E+02, 0.30000E+02, 0.00000E+00
 0.26000E+02, 0.52000E+02, 0.22073E+02, 0.30000E+02, 0.00000E+00
 0.27000E+02, 0.52000E+02, 0.21913E+02, 0.30000E+02, 0.00000E+00
 0.28000E+02, 0.52000E+02, 0.20220E+02, 0.30000E+02, 0.00000E+00
 0.29000E+02, 0.52000E+02, 0.21520E+02, 0.30000E+02, 0.00000E+00
 0.30000E+02, 0.52000E+02, 0.21493E+02, 0.30000E+02, 0.00000E+00
 0.31000E+02, 0.52000E+02, 0.21527E+02, 0.30000E+02, 0.00000E+00
 0.32000E+02, 0.52000E+02, 0.21599E+02, 0.30000E+02, 0.00000E+00
 0.33000E+02, 0.52000E+02, 0.21615E+02, 0.30000E+02, 0.00000E+00
 0.34000E+02, 0.52000E+02, 0.22000E+02, 0.30000E+02, 0.00000E+00
 0.35000E+02, 0.52000E+02, 0.18190E+02, 0.30000E+02, 0.00000E+00
 0.36000E+02, 0.52000E+02, 0.22862E+02, 0.30000E+02, 0.00000E+00
 0.37000E+02, 0.52000E+02,-0.87578E+01, 0.30000E+02, 0.44167E-24
 0.38000E+02, 0.52000E+02, 0.22084E+02, 0.30000E+02, 0.22828E-19
 0.39000E+02, 0.52000E+02, 0.22109E+02, 0.30000E+02, 0.10197E-13
 0.40000E+02, 0.52000E+02, 0.22125E+02, 0.30000E+02, 0.18507E-13
 0.41000E+02, 0.52000E+02, 0.22121E+02, 0.30000E+02, 0.32891E-13
 0.42000E+02, 0.52000E+02, 0.22101E+02, 0.30000E+02, 0.12726E-13
 0.43000E+02, 0.52000E+02, 0.21984E+02, 0.30000E+02, 0.13802E-16
 0.44000E+02, 0.52000E+02, 0.66153E+02, 0.30000E+02, 0.00000E+00
 0.45000E+02, 0.52000E+02, 0.22007E+02, 0.30000E+02, 0.00000E+00
 0.46000E+02, 0.52000E+02, 0.22000E+02, 0.30000E+02, 0.00000E+00
 0.47000E+02, 0.52000E+02, 0.22000E+02, 0.30000E+02, 0.00000E+00
 0.48000E+02, 0.52000E+02, 0.22000E+02, 0.30000E+02, 0.00000E+00
 0.49000E+02, 0.52000E+02, 0.22000E+02, 0.30000E+02, 0.00000E+00
 0.50000E+02, 0.52000E+02, 0.22000E+02, 0.30000E+02, 0.00000E+00
 0.51000E+02, 0.52000E+02, 0.22000E+02, 0.30000E+02, 0.00000E+00
 0.52000E+02, 0.52000E+02, 0.22000E+02, 0.30000E+02, 0.00000E+00
 0.53000E+02, 0.52000E+02, 0.22000E+02, 0.30000E+02, 0.00000E+00
 0.54000E+02, 0.52000E+02, 0.21997E+02, 0.30000E+02, 0.00000E+00
 0.55000E+02, 0.52000E+02, 0.26222E+02, 0.30000E+02, 0.00000E+00
 0.56000E+02, 0.52000E+02, 0.22000E+02, 0.30000E+02, 0.00000E+00
 0.57000E+02, 0.52000E+02, 0.22000E+02, 0.30000E+02, 0.00000E+00
 0.58000E+02, 0.52000E+02, 0.22000E+02, 0.30000E+02, 0.00000E+00
 0.59000E+02, 0.52000E+02, 0.22000E+02, 0.30000E+02, 0.00000E+00
 0.60000E+02, 0.52000E+02, 0.22000E+02, 0.30000E+02, 0.00000E+00
 0.61000E+02, 0.52000E+02, 0.22000E+02, 0.30000E+02, 0.00000E+00
 0.62000E+02, 0.52000E+02, 0.22000E+02, 0.30000E+02, 0.00000E+00
 0.63000E+02, 0.52000E+02, 0.20897E+02, 0.30000E+02, 0.00000E+00
 0.64000E+02, 0.52000E+02, 0.22191E+02, 0.30000E+02, 0.00000E+00
 0.65000E+02, 0.52000E+02, 0.21933E+02, 0.30000E+02, 0.00000E+00
