 X,Y, TEMPERATURE, SOOT VISIBILITY, CARBON MONOXIDE VOLUME FRACTION
 m,m, C, m, mol/mol
 0.00000E+00, 0.00000E+00, 0.37778E+02, 0.13767E+01, 0.91287E-03
 0.10000E+01, 0.00000E+00, 0.38364E+02, 0.14883E+01, 0.84598E-03
 0.20000E+01, 0.00000E+00, 0.38147E+02, 0.15213E+01, 0.82708E-03
 0.30000E+01, 0.00000E+00, 0.44689E+02, 0.12042E+01, 0.10668E-02
 0.40000E+01, 0.00000E+00, 0.42563E+02, 0.13026E+01, 0.97962E-03
 0.50000E+01, 0.00000E+00, 0.37438E+02, 0.15546E+01, 0.80752E-03
 0.60000E+01, 0.00000E+00, 0.39621E+02, 0.14151E+01, 0.89331E-03
 0.70000E+01, 0.00000E+00, 0.42510E+02, 0.12468E+01, 0.10233E-02
 0.80000E+01, 0.00000E+00, 0.22000E+02, 0.30000E+02, 0.00000E+00
 0.90000E+01, 0.00000E+00, 0.18878E+03, 0.95338E-01, 0.19584E-01
 0.10000E+02, 0.00000E+00, 0.19885E+03, 0.98633E-01, 0.19342E-01
 0.11000E+02, 0.00000E+00, 0.10350E+03, 0.30588E+00, 0.49770E-02
 0.12000E+02, 0.00000E+00, 0.10688E+03, 0.29895E+00, 0.51381E-02
 0.13000E+02, 0.00000E+00, 0.10515E+03, 0.29974E+00, 0.51010E-02
 0.14000E+02, 0.00000E+00, 0.10298E+03, 0.30062E+00, 0.50571E-02
 0.15000E+02, 0.00000E+00, 0.93370E+02, 0.31892E+00, 0.46451E-02
 0.16000E+02, 0.00000E+00, 0.82721E+02, 0.36236E+00, 0.39695E-02
 0.17000E+02, 0.00000E+00, 0.10342E+03, 0.23299E+00, 0.65326E-02
 0.18000E+02, 0.00000E+00, 0.10545E+03, 0.23399E+00, 0.65397E-02
 0.19000E+02, 0.00000E+00, 0.99967E+02, 0.23226E+00, 0.64929E-02
 0.20000E+02, 0.00000E+00, 0.82953E+02, 0.32033E+00, 0.44932E-02
 0.21000E+02, 0.00000E+00, 0.91913E+02, 0.30302E+00, 0.48693E-02
 0.22000E+02, 0.00000E+00, 0.93900E+02, 0.29259E+00, 0.50704E-02
 0.23000E+02, 0.00000E+00, 0.32793E+02, 0.18570E+01, 0.66591E-03
 0.24000E+02, 0.00000E+00, 0.32788E+02, 0.19584E+01, 0.63140E-03
 0.25000E+02, 0.00000E+00, 0.33899E+02, 0.17900E+01, 0.69332E-03
 0.26000E+02, 0.00000E+00, 0.33198E+02, 0.18961E+01, 0.65304E-03
 0.27000E+02, 0.00000E+00, 0.33041E+02, 0.20490E+01, 0.60399E-03
 0.28000E+02, 0.00000E+00, 0.30971E+02, 0.25167E+01, 0.48842E-03
 0.29000E+02, 0.00000E+00, 0.27926E+02, 0.38678E+01, 0.31462E-03
 0.30000E+02, 0.00000E+00, 0.25488E+02, 0.78462E+01, 0.15384E-03
 0.31000E+02, 0.00000E+00, 0.24690E+02, 0.10743E+02, 0.11206E-03
 0.32000E+02, 0.00000E+00, 0.23858E+02, 0.17051E+02, 0.70403E-04
 0.33000E+02, 0.00000E+00, 0.23201E+02, 0.18336E+02, 0.65325E-04
 0.34000E+02, 0.00000E+00, 0.27630E+02, 0.34354E+01, 0.35387E-03
 0.35000E+02, 0.00000E+00, 0.27437E+02, 0.34178E+01, 0.35546E-03
 0.36000E+02, 0.00000E+00, 0.28031E+02, 0.32150E+01, 0.37864E-03
 0.37000E+02, 0.00000E+00, 0.30541E+02, 0.25692E+01, 0.47777E-03
 0.38000E+02, 0.00000E+00, 0.27368E+02, 0.40531E+01, 0.29968E-03
 0.39000E+02, 0.00000E+00, 0.26188E+02, 0.58069E+01, 0.20835E-03
 0.40000E+02, 0.00000E+00, 0.23618E+02, 0.86079E+01, 0.13935E-03
 0.41000E+02, 0.00000E+00, 0.22238E+02, 0.30000E+02, 0.37554E-04
 0.42000E+02, 0.00000E+00, 0.21735E+02, 0.30000E+02, 0.66254E-07
 0.43000E+02, 0.00000E+00, 0.21726E+02, 0.30000E+02, 0.89104E-07
 0.44000E+02, 0.00000E+00, 0.21275E+02, 0.30000E+02, 0.10495E-09
 0.45000E+02, 0.00000E+00, 0.19016E+02, 0.30000E+02, 0.45051E-13
 0.46000E+02, 0.00000E+00, 0.19368E+02, 0.30000E+02, 0.18712E-16
 0.47000E+02, 0.00000E+00, 0.19320E+02, 0.30000E+02, 0.45789E-20
 0.48000E+02, 0.00000E+00, 0.20073E+02, 0.30000E+02, 0.49469E-24
 0.49000E+02, 0.00000E+00, 0.19796E+02, 0.30000E+02, 0.56040E-25
 0.50000E+02, 0.00000E+00, 0.19836E+02, 0.30000E+02, 0.35534E-27
 0.51000E+02, 0.00000E+00, 0.18617E+02, 0.30000E+02, 0.16984E-28
 0.52000E+02, 0.00000E+00, 0.20413E+02, 0.30000E+02, 0.60692E-05
 0.53000E+02, 0.00000E+00, 0.20055E+02, 0.30000E+02, 0.50061E-07
 0.54000E+02, 0.00000E+00, 0.21161E+02, 0.30000E+02, 0.10536E-10
 0.55000E+02, 0.00000E+00, 0.20237E+02, 0.30000E+02, 0.42413E-16
 0.56000E+02, 0.00000E+00, 0.20949E+02, 0.30000E+02, 0.38878E-19
 0.57000E+02, 0.00000E+00, 0.18860E+02, 0.30000E+02, 0.15370E-20
 0.58000E+02, 0.00000E+00, 0.19279E+02, 0.30000E+02, 0.27528E-19
 0.59000E+02, 0.00000E+00, 0.19358E+02, 0.30000E+02, 0.53336E-20
 0.60000E+02, 0.00000E+00, 0.19400E+02, 0.30000E+02, 0.61919E-21
 0.61000E+02, 0.00000E+00, 0.19304E+02, 0.30000E+02, 0.19809E-21
 0.62000E+02, 0.00000E+00, 0.19146E+02, 0.30000E+02, 0.21726E-20
 0.63000E+02, 0.00000E+00, 0.22000E+02, 0.30000E+02, 0.00000E+00
 0.64000E+02, 0.00000E+00, 0.53204E+02, 0.52080E+00, 0.25328E-02
 0.65000E+02, 0.00000E+00, 0.54076E+02, 0.51498E+00, 0.25682E-02
 0.00000E+00, 0.10000E+01, 0.44039E+02, 0.11389E+01, 0.11256E-02
 0.10000E+01, 0.10000E+01, 0.40138E+02, 0.13275E+01, 0.95386E-03
 0.20000E+01, 0.10000E+01, 0.43570E+02, 0.12230E+01, 0.10467E-02
 0.30000E+01, 0.10000E+01, 0.48031E+02, 0.11074E+01, 0.11723E-02
 0.40000E+01, 0.10000E+01, 0.46292E+02, 0.11734E+01, 0.11003E-02
 0.50000E+01, 0.10000E+01, 0.44759E+02, 0.12181E+01, 0.10548E-02
 0.60000E+01, 0.10000E+01, 0.43542E+02, 0.12427E+01, 0.10300E-02
 0.70000E+01, 0.10000E+01, 0.44404E+02, 0.11562E+01, 0.11101E-02
 0.80000E+01, 0.10000E+01, 0.22000E+02, 0.30000E+02, 0.00000E+00
 0.90000E+01, 0.10000E+01, 0.19141E+03, 0.96711E-01, 0.19415E-01
 0.10000E+02, 0.10000E+01, 0.19655E+03, 0.98264E-01, 0.19320E-01
 0.11000E+02, 0.10000E+01, 0.10864E+03, 0.29863E+00, 0.51673E-02
 0.12000E+02, 0.10000E+01, 0.95580E+02, 0.34040E+00, 0.43782E-02
 0.13000E+02, 0.10000E+01, 0.99580E+02, 0.33072E+00, 0.45553E-02
 0.14000E+02, 0.10000E+01, 0.90476E+02, 0.35167E+00, 0.41793E-02
 0.15000E+02, 0.10000E+01, 0.81281E+02, 0.38286E+00, 0.37417E-02
 0.16000E+02, 0.10000E+01, 0.78010E+02, 0.39112E+00, 0.36288E-02
 0.17000E+02, 0.10000E+01, 0.11236E+03, 0.23797E+00, 0.65475E-02
 0.18000E+02, 0.10000E+01, 0.11677E+03, 0.23685E+00, 0.66540E-02
 0.19000E+02, 0.10000E+01, 0.11852E+03, 0.22165E+00, 0.71421E-02
 0.20000E+02, 0.10000E+01, 0.93753E+02, 0.30433E+00, 0.48728E-02
 0.21000E+02, 0.10000E+01, 0.95876E+02, 0.30569E+00, 0.48793E-02
 0.22000E+02, 0.10000E+01, 0.10009E+03, 0.29053E+00, 0.51926E-02
 0.23000E+02, 0.10000E+01, 0.25490E+02, 0.46673E+01, 0.25862E-03
 0.24000E+02, 0.10000E+01, 0.25444E+02, 0.48844E+01, 0.24708E-03
 0.25000E+02, 0.10000E+01, 0.26931E+02, 0.40386E+01, 0.30032E-03
 0.26000E+02, 0.10000E+01, 0.29509E+02, 0.29764E+01, 0.41099E-03
 0.27000E+02, 0.10000E+01, 0.29728E+02, 0.31519E+01, 0.38839E-03
 0.28000E+02, 0.10000E+01, 0.27820E+02, 0.41116E+01, 0.29587E-03
 0.29000E+02, 0.10000E+01, 0.27019E+02, 0.53090E+01, 0.22852E-03
 0.30000E+02, 0.10000E+01, 0.27401E+02, 0.55901E+01, 0.21731E-03
 0.31000E+02, 0.10000E+01, 0.26271E+02, 0.79522E+01, 0.15218E-03
 0.32000E+02, 0.10000E+01, 0.25815E+02, 0.12920E+02, 0.93527E-04
 0.33000E+02, 0.10000E+01, 0.26281E+02, 0.11889E+02, 0.10180E-03
 0.34000E+02, 0.10000E+01, 0.23779E+02, 0.10422E+02, 0.11515E-03
 0.35000E+02, 0.10000E+01, 0.25971E+02, 0.52175E+01, 0.23172E-03
 0.36000E+02, 0.10000E+01, 0.26359E+02, 0.55585E+01, 0.21779E-03
 0.37000E+02, 0.10000E+01, 0.28415E+02, 0.35688E+01, 0.34154E-03
 0.38000E+02, 0.10000E+01, 0.26077E+02, 0.68696E+01, 0.17605E-03
 0.39000E+02, 0.10000E+01, 0.27128E+02, 0.49340E+01, 0.24598E-03
 0.40000E+02, 0.10000E+01, 0.22349E+02, 0.30000E+02, 0.33791E-04
 0.41000E+02, 0.10000E+01, 0.23110E+02, 0.20341E+02, 0.58867E-04
 0.42000E+02, 0.10000E+01, 0.23422E+02, 0.14278E+02, 0.83953E-04
 0.43000E+02, 0.10000E+01, 0.23872E+02, 0.12091E+02, 0.99294E-04
 0.44000E+02, 0.10000E+01, 0.22233E+02, 0.30000E+02, 0.10876E-04
 0.45000E+02, 0.10000E+01, 0.21876E+02, 0.30000E+02, 0.86657E-08
 0.46000E+02, 0.10000E+01, 0.21687E+02, 0.30000E+02, 0.30203E-11
 0.47000E+02, 0.10000E+01, 0.21656E+02, 0.30000E+02, 0.50669E-16
 0.48000E+02, 0.10000E+01, 0.21777E+02, 0.30000E+02, 0.12073E-20
 0.49000E+02, 0.10000E+01, 0.21760E+02, 0.30000E+02, 0.14448E-25
 0.50000E+02, 0.10000E+01, 0.21032E+02, 0.30000E+02, 0.16665E-28
 0.51000E+02, 0.10000E+01, 0.21327E+02, 0.30000E+02, 0.12542E-29
 0.52000E+02, 0.10000E+01, 0.22052E+02, 0.30000E+02, 0.10503E-04
 0.53000E+02, 0.10000E+01, 0.22185E+02, 0.30000E+02, 0.24185E-06
 0.54000E+02, 0.10000E+01, 0.22066E+02, 0.30000E+02, 0.13361E-09
 0.55000E+02, 0.10000E+01, 0.21995E+02, 0.30000E+02, 0.49483E-13
 0.56000E+02, 0.10000E+01, 0.22068E+02, 0.30000E+02, 0.88796E-15
 0.57000E+02, 0.10000E+01, 0.21463E+02, 0.30000E+02, 0.11290E-18
 0.58000E+02, 0.10000E+01, 0.21866E+02, 0.30000E+02, 0.81035E-15
 0.59000E+02, 0.10000E+01, 0.21972E+02, 0.30000E+02, 0.13150E-18
 0.60000E+02, 0.10000E+01, 0.22017E+02, 0.30000E+02, 0.30889E-19
 0.61000E+02, 0.10000E+01, 0.22012E+02, 0.30000E+02, 0.81593E-20
 0.62000E+02, 0.10000E+01, 0.21857E+02, 0.30000E+02, 0.23183E-21
 0.63000E+02, 0.10000E+01, 0.22000E+02, 0.30000E+02, 0.00000E+00
 0.64000E+02, 0.10000E+01, 0.65043E+02, 0.43444E+00, 0.31464E-02
 0.65000E+02, 0.10000E+01, 0.43676E+02, 0.74451E+00, 0.17200E-02
 0.00000E+00, 0.20000E+01, 0.47149E+02, 0.10256E+01, 0.12623E-02
 0.10000E+01, 0.20000E+01, 0.45701E+02, 0.11662E+01, 0.11050E-02
 0.20000E+01, 0.20000E+01, 0.49117E+02, 0.10633E+01, 0.12250E-02
 0.30000E+01, 0.20000E+01, 0.48107E+02, 0.11198E+01, 0.11596E-02
 0.40000E+01, 0.20000E+01, 0.47727E+02, 0.11340E+01, 0.11437E-02
 0.50000E+01, 0.20000E+01, 0.46479E+02, 0.11761E+01, 0.10984E-02
 0.60000E+01, 0.20000E+01, 0.43064E+02, 0.13093E+01, 0.97616E-03
 0.70000E+01, 0.20000E+01, 0.43234E+02, 0.12421E+01, 0.10295E-02
 0.80000E+01, 0.20000E+01, 0.22000E+02, 0.30000E+02, 0.00000E+00
 0.90000E+01, 0.20000E+01, 0.20088E+03, 0.98144E-01, 0.19522E-01
 0.10000E+02, 0.20000E+01, 0.26952E+03, 0.11209E+00, 0.19568E-01
 0.11000E+02, 0.20000E+01, 0.10202E+03, 0.32314E+00, 0.46926E-02
 0.12000E+02, 0.20000E+01, 0.88989E+02, 0.36519E+00, 0.40081E-02
 0.13000E+02, 0.20000E+01, 0.90762E+02, 0.36266E+00, 0.40558E-02
 0.14000E+02, 0.20000E+01, 0.86216E+02, 0.37698E+00, 0.38530E-02
 0.15000E+02, 0.20000E+01, 0.77104E+02, 0.42360E+00, 0.33420E-02
 0.16000E+02, 0.20000E+01, 0.73099E+02, 0.44637E+00, 0.31353E-02
 0.17000E+02, 0.20000E+01, 0.11639E+03, 0.24045E+00, 0.65481E-02
 0.18000E+02, 0.20000E+01, 0.12087E+03, 0.24066E+00, 0.66175E-02
 0.19000E+02, 0.20000E+01, 0.12558E+03, 0.22063E+00, 0.73047E-02
 0.20000E+02, 0.20000E+01, 0.97409E+02, 0.30265E+00, 0.49487E-02
 0.21000E+02, 0.20000E+01, 0.99769E+02, 0.30230E+00, 0.49860E-02
 0.22000E+02, 0.20000E+01, 0.10483E+03, 0.28758E+00, 0.53124E-02
 0.23000E+02, 0.20000E+01, 0.23923E+02, 0.72598E+01, 0.16539E-03
 0.24000E+02, 0.20000E+01, 0.24368E+02, 0.75718E+01, 0.15882E-03
 0.25000E+02, 0.20000E+01, 0.27337E+02, 0.44778E+01, 0.27123E-03
 0.26000E+02, 0.20000E+01, 0.27029E+02, 0.51365E+01, 0.23620E-03
 0.27000E+02, 0.20000E+01, 0.26532E+02, 0.60557E+01, 0.20002E-03
 0.28000E+02, 0.20000E+01, 0.24693E+02, 0.97672E+01, 0.12325E-03
 0.29000E+02, 0.20000E+01, 0.25519E+02, 0.93853E+01, 0.12862E-03
 0.30000E+02, 0.20000E+01, 0.28058E+02, 0.50036E+01, 0.24331E-03
 0.31000E+02, 0.20000E+01, 0.27687E+02, 0.58937E+01, 0.20631E-03
 0.32000E+02, 0.20000E+01, 0.27183E+02, 0.73080E+01, 0.16611E-03
 0.33000E+02, 0.20000E+01, 0.28196E+02, 0.50052E+01, 0.24334E-03
 0.34000E+02, 0.20000E+01, 0.23119E+02, 0.25459E+02, 0.47036E-04
 0.35000E+02, 0.20000E+01, 0.23990E+02, 0.14629E+02, 0.82095E-04
 0.36000E+02, 0.20000E+01, 0.24070E+02, 0.22935E+02, 0.52378E-04
 0.37000E+02, 0.20000E+01, 0.24228E+02, 0.25023E+02, 0.48034E-04
 0.38000E+02, 0.20000E+01, 0.26518E+02, 0.59094E+01, 0.20496E-03
 0.39000E+02, 0.20000E+01, 0.29569E+02, 0.31359E+01, 0.39017E-03
 0.40000E+02, 0.20000E+01, 0.22034E+02, 0.30000E+02, 0.77752E-05
 0.41000E+02, 0.20000E+01, 0.22352E+02, 0.30000E+02, 0.22885E-04
 0.42000E+02, 0.20000E+01, 0.22837E+02, 0.23498E+02, 0.50911E-04
 0.43000E+02, 0.20000E+01, 0.23163E+02, 0.18048E+02, 0.66360E-04
 0.44000E+02, 0.20000E+01, 0.23724E+02, 0.12338E+02, 0.97252E-04
 0.45000E+02, 0.20000E+01, 0.22915E+02, 0.23371E+02, 0.51203E-04
 0.46000E+02, 0.20000E+01, 0.21968E+02, 0.30000E+02, 0.24389E-06
 0.47000E+02, 0.20000E+01, 0.21924E+02, 0.30000E+02, 0.22500E-11
 0.48000E+02, 0.20000E+01, 0.21889E+02, 0.30000E+02, 0.41020E-17
 0.49000E+02, 0.20000E+01, 0.21847E+02, 0.30000E+02, 0.10097E-22
 0.50000E+02, 0.20000E+01, 0.21876E+02, 0.30000E+02, 0.64905E-26
 0.51000E+02, 0.20000E+01, 0.21958E+02, 0.30000E+02, 0.26030E-29
 0.52000E+02, 0.20000E+01, 0.22168E+02, 0.30000E+02, 0.73787E-05
 0.53000E+02, 0.20000E+01, 0.22092E+02, 0.30000E+02, 0.30947E-05
 0.54000E+02, 0.20000E+01, 0.22024E+02, 0.30000E+02, 0.26302E-05
 0.55000E+02, 0.20000E+01, 0.21971E+02, 0.30000E+02, 0.78937E-08
 0.56000E+02, 0.20000E+01, 0.22098E+02, 0.30000E+02, 0.42335E-10
 0.57000E+02, 0.20000E+01, 0.21981E+02, 0.30000E+02, 0.57263E-14
 0.58000E+02, 0.20000E+01, 0.21870E+02, 0.30000E+02, 0.20858E-09
 0.59000E+02, 0.20000E+01, 0.21942E+02, 0.30000E+02, 0.20157E-14
 0.60000E+02, 0.20000E+01, 0.21944E+02, 0.30000E+02, 0.35165E-15
 0.61000E+02, 0.20000E+01, 0.21948E+02, 0.30000E+02, 0.20906E-15
 0.62000E+02, 0.20000E+01, 0.21953E+02, 0.30000E+02, 0.62195E-17
 0.63000E+02, 0.20000E+01, 0.22000E+02, 0.30000E+02, 0.00000E+00
 0.64000E+02, 0.20000E+01, 0.79312E+02, 0.36940E+00, 0.38565E-02
 0.65000E+02, 0.20000E+01, 0.95762E+02, 0.27977E+00, 0.53297E-02
 0.00000E+00, 0.30000E+01, 0.50281E+02, 0.90718E+00, 0.14410E-02
 0.10000E+01, 0.30000E+01, 0.50495E+02, 0.10229E+01, 0.12788E-02
 0.20000E+01, 0.30000E+01, 0.48920E+02, 0.10871E+01, 0.11974E-02
 0.30000E+01, 0.30000E+01, 0.48564E+02, 0.11168E+01, 0.11644E-02
 0.40000E+01, 0.30000E+01, 0.47274E+02, 0.11688E+01, 0.11081E-02
 0.50000E+01, 0.30000E+01, 0.47050E+02, 0.11644E+01, 0.11115E-02
 0.60000E+01, 0.30000E+01, 0.43640E+02, 0.13153E+01, 0.97347E-03
 0.70000E+01, 0.30000E+01, 0.45006E+02, 0.11172E+01, 0.11511E-02
 0.80000E+01, 0.30000E+01, 0.22000E+02, 0.30000E+02, 0.00000E+00
 0.90000E+01, 0.30000E+01, 0.33007E+03, 0.12428E+00, 0.19618E-01
 0.10000E+02, 0.30000E+01, 0.32159E+03, 0.12389E+00, 0.19403E-01
 0.11000E+02, 0.30000E+01, 0.94916E+02, 0.34797E+00, 0.42752E-02
 0.12000E+02, 0.30000E+01, 0.94479E+02, 0.34700E+00, 0.42821E-02
 0.13000E+02, 0.30000E+01, 0.83495E+02, 0.36872E+00, 0.39094E-02
 0.14000E+02, 0.30000E+01, 0.82369E+02, 0.38223E+00, 0.37593E-02
 0.15000E+02, 0.30000E+01, 0.78745E+02, 0.40770E+00, 0.34886E-02
 0.16000E+02, 0.30000E+01, 0.74444E+02, 0.45524E+00, 0.30861E-02
 0.17000E+02, 0.30000E+01, 0.12161E+03, 0.23930E+00, 0.66676E-02
 0.18000E+02, 0.30000E+01, 0.12691E+03, 0.23568E+00, 0.68608E-02
 0.19000E+02, 0.30000E+01, 0.13269E+03, 0.21900E+00, 0.74900E-02
 0.20000E+02, 0.30000E+01, 0.10240E+03, 0.30000E+00, 0.50596E-02
 0.21000E+02, 0.30000E+01, 0.10344E+03, 0.30272E+00, 0.50281E-02
 0.22000E+02, 0.30000E+01, 0.11009E+03, 0.28206E+00, 0.54917E-02
 0.23000E+02, 0.30000E+01, 0.25553E+02, 0.55995E+01, 0.21561E-03
 0.24000E+02, 0.30000E+01, 0.26266E+02, 0.52565E+01, 0.23023E-03
 0.25000E+02, 0.30000E+01, 0.27407E+02, 0.46175E+01, 0.26308E-03
 0.26000E+02, 0.30000E+01, 0.25402E+02, 0.81336E+01, 0.14836E-03
 0.27000E+02, 0.30000E+01, 0.23846E+02, 0.16348E+02, 0.73430E-04
 0.28000E+02, 0.30000E+01, 0.23841E+02, 0.18547E+02, 0.64720E-04
 0.29000E+02, 0.30000E+01, 0.25291E+02, 0.12166E+02, 0.99146E-04
 0.30000E+02, 0.30000E+01, 0.27090E+02, 0.69889E+01, 0.17364E-03
 0.31000E+02, 0.30000E+01, 0.27707E+02, 0.59878E+01, 0.20308E-03
 0.32000E+02, 0.30000E+01, 0.27681E+02, 0.62236E+01, 0.19537E-03
 0.33000E+02, 0.30000E+01, 0.27944E+02, 0.54023E+01, 0.22527E-03
 0.34000E+02, 0.30000E+01, 0.22407E+02, 0.30000E+02, 0.21497E-04
 0.35000E+02, 0.30000E+01, 0.22455E+02, 0.30000E+02, 0.12893E-04
 0.36000E+02, 0.30000E+01, 0.22692E+02, 0.30000E+02, 0.11786E-04
 0.37000E+02, 0.30000E+01, 0.23029E+02, 0.30000E+02, 0.17977E-04
 0.38000E+02, 0.30000E+01, 0.26341E+02, 0.61794E+01, 0.19589E-03
 0.39000E+02, 0.30000E+01, 0.30348E+02, 0.27884E+01, 0.43993E-03
 0.40000E+02, 0.30000E+01, 0.21371E+02, 0.30000E+02, 0.56165E-05
 0.41000E+02, 0.30000E+01, 0.22142E+02, 0.30000E+02, 0.12688E-04
 0.42000E+02, 0.30000E+01, 0.22252E+02, 0.30000E+02, 0.19624E-04
 0.43000E+02, 0.30000E+01, 0.22502E+02, 0.30000E+02, 0.28773E-04
 0.44000E+02, 0.30000E+01, 0.22999E+02, 0.22152E+02, 0.54036E-04
 0.45000E+02, 0.30000E+01, 0.23582E+02, 0.14614E+02, 0.82068E-04
 0.46000E+02, 0.30000E+01, 0.22724E+02, 0.30000E+02, 0.35541E-04
 0.47000E+02, 0.30000E+01, 0.21935E+02, 0.30000E+02, 0.35490E-08
 0.48000E+02, 0.30000E+01, 0.21896E+02, 0.30000E+02, 0.66911E-14
 0.49000E+02, 0.30000E+01, 0.21818E+02, 0.30000E+02, 0.13025E-19
 0.50000E+02, 0.30000E+01, 0.21869E+02, 0.30000E+02, 0.10093E-23
 0.51000E+02, 0.30000E+01, 0.21973E+02, 0.30000E+02, 0.12703E-27
 0.52000E+02, 0.30000E+01, 0.22107E+02, 0.30000E+02, 0.76196E-05
 0.53000E+02, 0.30000E+01, 0.22644E+02, 0.26701E+02, 0.44776E-04
 0.54000E+02, 0.30000E+01, 0.23162E+02, 0.14693E+02, 0.81513E-04
 0.55000E+02, 0.30000E+01, 0.22490E+02, 0.30000E+02, 0.30061E-04
 0.56000E+02, 0.30000E+01, 0.22294E+02, 0.30000E+02, 0.39586E-05
 0.57000E+02, 0.30000E+01, 0.22042E+02, 0.30000E+02, 0.28543E-09
 0.58000E+02, 0.30000E+01, 0.21920E+02, 0.30000E+02, 0.10665E-05
 0.59000E+02, 0.30000E+01, 0.21936E+02, 0.30000E+02, 0.39172E-10
 0.60000E+02, 0.30000E+01, 0.21936E+02, 0.30000E+02, 0.27912E-10
 0.61000E+02, 0.30000E+01, 0.21936E+02, 0.30000E+02, 0.22014E-10
 0.62000E+02, 0.30000E+01, 0.21951E+02, 0.30000E+02, 0.10120E-11
 0.63000E+02, 0.30000E+01, 0.22000E+02, 0.30000E+02, 0.00000E+00
 0.64000E+02, 0.30000E+01, 0.99040E+02, 0.27551E+00, 0.54602E-02
 0.65000E+02, 0.30000E+01, 0.11369E+03, 0.23420E+00, 0.66760E-02
 0.00000E+00, 0.40000E+01, 0.52624E+02, 0.86515E+00, 0.15220E-02
 0.10000E+01, 0.40000E+01, 0.50567E+02, 0.10252E+01, 0.12763E-02
 0.20000E+01, 0.40000E+01, 0.47976E+02, 0.11277E+01, 0.11510E-02
 0.30000E+01, 0.40000E+01, 0.50651E+02, 0.10207E+01, 0.12822E-02
 0.40000E+01, 0.40000E+01, 0.49085E+02, 0.10778E+01, 0.12084E-02
 0.50000E+01, 0.40000E+01, 0.47333E+02, 0.11624E+01, 0.11144E-02
 0.60000E+01, 0.40000E+01, 0.48187E+02, 0.11130E+01, 0.11669E-02
 0.70000E+01, 0.40000E+01, 0.44875E+02, 0.11705E+01, 0.10981E-02
 0.80000E+01, 0.40000E+01, 0.22000E+02, 0.30000E+02, 0.00000E+00
 0.90000E+01, 0.40000E+01, 0.35012E+03, 0.13661E+00, 0.18440E-01
 0.10000E+02, 0.40000E+01, 0.33343E+03, 0.13446E+00, 0.18234E-01
 0.11000E+02, 0.40000E+01, 0.10790E+03, 0.31549E+00, 0.48818E-02
 0.12000E+02, 0.40000E+01, 0.95472E+02, 0.34812E+00, 0.42799E-02
 0.13000E+02, 0.40000E+01, 0.83872E+02, 0.42368E+00, 0.34060E-02
 0.14000E+02, 0.40000E+01, 0.81402E+02, 0.43732E+00, 0.32769E-02
 0.15000E+02, 0.40000E+01, 0.79316E+02, 0.42469E+00, 0.33544E-02
 0.16000E+02, 0.40000E+01, 0.68692E+02, 0.48874E+00, 0.28270E-02
 0.17000E+02, 0.40000E+01, 0.13213E+03, 0.23405E+00, 0.69987E-02
 0.18000E+02, 0.40000E+01, 0.13653E+03, 0.22969E+00, 0.72090E-02
 0.19000E+02, 0.40000E+01, 0.14016E+03, 0.21343E+00, 0.78269E-02
 0.20000E+02, 0.40000E+01, 0.10573E+03, 0.29474E+00, 0.51957E-02
 0.21000E+02, 0.40000E+01, 0.11257E+03, 0.28604E+00, 0.54504E-02
 0.22000E+02, 0.40000E+01, 0.12121E+03, 0.26864E+00, 0.59332E-02
 0.23000E+02, 0.40000E+01, 0.24532E+02, 0.67761E+01, 0.17756E-03
 0.24000E+02, 0.40000E+01, 0.26654E+02, 0.51647E+01, 0.23462E-03
 0.25000E+02, 0.40000E+01, 0.25946E+02, 0.65962E+01, 0.18327E-03
 0.26000E+02, 0.40000E+01, 0.23981E+02, 0.13529E+02, 0.88768E-04
 0.27000E+02, 0.40000E+01, 0.23337E+02, 0.21138E+02, 0.56692E-04
 0.28000E+02, 0.40000E+01, 0.24565E+02, 0.15396E+02, 0.78159E-04
 0.29000E+02, 0.40000E+01, 0.25784E+02, 0.10359E+02, 0.11664E-03
 0.30000E+02, 0.40000E+01, 0.26639E+02, 0.79081E+01, 0.15322E-03
 0.31000E+02, 0.40000E+01, 0.26918E+02, 0.73901E+01, 0.16412E-03
 0.32000E+02, 0.40000E+01, 0.27686E+02, 0.57944E+01, 0.20985E-03
 0.33000E+02, 0.40000E+01, 0.28162E+02, 0.47769E+01, 0.25495E-03
 0.34000E+02, 0.40000E+01, 0.22065E+02, 0.30000E+02, 0.20148E-04
 0.35000E+02, 0.40000E+01, 0.21634E+02, 0.30000E+02, 0.11097E-04
 0.36000E+02, 0.40000E+01, 0.22374E+02, 0.30000E+02, 0.14789E-04
 0.37000E+02, 0.40000E+01, 0.23045E+02, 0.30000E+02, 0.26010E-04
 0.38000E+02, 0.40000E+01, 0.25654E+02, 0.73512E+01, 0.16429E-03
 0.39000E+02, 0.40000E+01, 0.30382E+02, 0.27582E+01, 0.44480E-03
 0.40000E+02, 0.40000E+01, 0.21709E+02, 0.29326E+02, 0.40639E-04
 0.41000E+02, 0.40000E+01, 0.22108E+02, 0.30000E+02, 0.14331E-04
 0.42000E+02, 0.40000E+01, 0.22195E+02, 0.30000E+02, 0.15331E-04
 0.43000E+02, 0.40000E+01, 0.22187E+02, 0.30000E+02, 0.13704E-04
 0.44000E+02, 0.40000E+01, 0.22536E+02, 0.30000E+02, 0.22425E-04
 0.45000E+02, 0.40000E+01, 0.23015E+02, 0.30000E+02, 0.34220E-04
 0.46000E+02, 0.40000E+01, 0.22939E+02, 0.30000E+02, 0.26360E-04
 0.47000E+02, 0.40000E+01, 0.22068E+02, 0.30000E+02, 0.47730E-07
 0.48000E+02, 0.40000E+01, 0.21922E+02, 0.30000E+02, 0.11385E-11
 0.49000E+02, 0.40000E+01, 0.21810E+02, 0.30000E+02, 0.41498E-17
 0.50000E+02, 0.40000E+01, 0.21839E+02, 0.30000E+02, 0.95058E-22
 0.51000E+02, 0.40000E+01, 0.21985E+02, 0.30000E+02, 0.69316E-26
 0.52000E+02, 0.40000E+01, 0.21924E+02, 0.30000E+02, 0.64155E-05
 0.53000E+02, 0.40000E+01, 0.22337E+02, 0.30000E+02, 0.23871E-04
 0.54000E+02, 0.40000E+01, 0.22584E+02, 0.28793E+02, 0.41514E-04
 0.55000E+02, 0.40000E+01, 0.23140E+02, 0.16881E+02, 0.70942E-04
 0.56000E+02, 0.40000E+01, 0.23773E+02, 0.12148E+02, 0.98792E-04
 0.57000E+02, 0.40000E+01, 0.22180E+02, 0.30000E+02, 0.16939E-05
 0.58000E+02, 0.40000E+01, 0.22193E+02, 0.30000E+02, 0.14892E-04
 0.59000E+02, 0.40000E+01, 0.22060E+02, 0.30000E+02, 0.20672E-05
 0.60000E+02, 0.40000E+01, 0.22085E+02, 0.30000E+02, 0.45474E-05
 0.61000E+02, 0.40000E+01, 0.22059E+02, 0.30000E+02, 0.11042E-05
 0.62000E+02, 0.40000E+01, 0.22035E+02, 0.30000E+02, 0.12734E-06
 0.63000E+02, 0.40000E+01, 0.22000E+02, 0.30000E+02, 0.00000E+00
 0.64000E+02, 0.40000E+01, 0.11555E+03, 0.23001E+00, 0.68304E-02
 0.65000E+02, 0.40000E+01, 0.12275E+03, 0.21628E+00, 0.73987E-02
 0.00000E+00, 0.50000E+01, 0.52270E+02, 0.90201E+00, 0.14582E-02
 0.10000E+01, 0.50000E+01, 0.50346E+02, 0.10289E+01, 0.12708E-02
 0.20000E+01, 0.50000E+01, 0.50996E+02, 0.98718E+00, 0.13272E-02
 0.30000E+01, 0.50000E+01, 0.54824E+02, 0.85240E+00, 0.15551E-02
 0.40000E+01, 0.50000E+01, 0.50972E+02, 0.97058E+00, 0.13498E-02
 0.50000E+01, 0.50000E+01, 0.48086E+02, 0.11011E+01, 0.11792E-02
 0.60000E+01, 0.50000E+01, 0.53109E+02, 0.89942E+00, 0.14662E-02
 0.70000E+01, 0.50000E+01, 0.48443E+02, 0.10179E+01, 0.12770E-02
 0.80000E+01, 0.50000E+01, 0.22000E+02, 0.30000E+02, 0.00000E+00
 0.90000E+01, 0.50000E+01, 0.35623E+03, 0.14527E+00, 0.17511E-01
 0.10000E+02, 0.50000E+01, 0.35061E+03, 0.13773E+00, 0.18305E-01
 0.11000E+02, 0.50000E+01, 0.12887E+03, 0.26791E+00, 0.60651E-02
 0.12000E+02, 0.50000E+01, 0.10546E+03, 0.33489E+00, 0.45694E-02
 0.13000E+02, 0.50000E+01, 0.97059E+02, 0.45439E+00, 0.32931E-02
 0.14000E+02, 0.50000E+01, 0.73507E+02, 0.49469E+00, 0.28323E-02
 0.15000E+02, 0.50000E+01, 0.73789E+02, 0.47168E+00, 0.29729E-02
 0.16000E+02, 0.50000E+01, 0.64468E+02, 0.50988E+00, 0.26763E-02
 0.17000E+02, 0.50000E+01, 0.16097E+03, 0.21518E+00, 0.81543E-02
 0.18000E+02, 0.50000E+01, 0.15066E+03, 0.21490E+00, 0.79710E-02
 0.19000E+02, 0.50000E+01, 0.14546E+03, 0.20766E+00, 0.81477E-02
 0.20000E+02, 0.50000E+01, 0.10700E+03, 0.29430E+00, 0.52208E-02
 0.21000E+02, 0.50000E+01, 0.12821E+03, 0.26329E+00, 0.61613E-02
 0.22000E+02, 0.50000E+01, 0.13228E+03, 0.25455E+00, 0.64376E-02
 0.23000E+02, 0.50000E+01, 0.23940E+02, 0.74370E+01, 0.16146E-03
 0.24000E+02, 0.50000E+01, 0.23720E+02, 0.10228E+02, 0.11732E-03
 0.25000E+02, 0.50000E+01, 0.24986E+02, 0.88097E+01, 0.13678E-03
 0.26000E+02, 0.50000E+01, 0.24421E+02, 0.12259E+02, 0.98108E-04
 0.27000E+02, 0.50000E+01, 0.24677E+02, 0.13343E+02, 0.90218E-04
 0.28000E+02, 0.50000E+01, 0.26839E+02, 0.66679E+01, 0.18184E-03
 0.29000E+02, 0.50000E+01, 0.27130E+02, 0.59055E+01, 0.20552E-03
 0.30000E+02, 0.50000E+01, 0.25583E+02, 0.97618E+01, 0.12369E-03
 0.31000E+02, 0.50000E+01, 0.25301E+02, 0.13674E+02, 0.88219E-04
 0.32000E+02, 0.50000E+01, 0.27137E+02, 0.59846E+01, 0.20280E-03
 0.33000E+02, 0.50000E+01, 0.28949E+02, 0.37034E+01, 0.32970E-03
 0.34000E+02, 0.50000E+01, 0.22193E+02, 0.30000E+02, 0.37329E-04
 0.35000E+02, 0.50000E+01, 0.21085E+02, 0.30000E+02, 0.15627E-04
 0.36000E+02, 0.50000E+01, 0.21735E+02, 0.30000E+02, 0.16390E-04
 0.37000E+02, 0.50000E+01, 0.22687E+02, 0.30000E+02, 0.26636E-04
 0.38000E+02, 0.50000E+01, 0.24982E+02, 0.91084E+01, 0.13230E-03
 0.39000E+02, 0.50000E+01, 0.29397E+02, 0.30871E+01, 0.39612E-03
 0.40000E+02, 0.50000E+01, 0.22650E+02, 0.16780E+02, 0.71250E-04
 0.41000E+02, 0.50000E+01, 0.22155E+02, 0.30000E+02, 0.23160E-04
 0.42000E+02, 0.50000E+01, 0.21991E+02, 0.30000E+02, 0.14189E-04
 0.43000E+02, 0.50000E+01, 0.22137E+02, 0.30000E+02, 0.14398E-04
 0.44000E+02, 0.50000E+01, 0.22107E+02, 0.30000E+02, 0.91204E-05
 0.45000E+02, 0.50000E+01, 0.22458E+02, 0.30000E+02, 0.13181E-04
 0.46000E+02, 0.50000E+01, 0.22798E+02, 0.30000E+02, 0.11553E-04
 0.47000E+02, 0.50000E+01, 0.22348E+02, 0.30000E+02, 0.40063E-07
 0.48000E+02, 0.50000E+01, 0.22053E+02, 0.30000E+02, 0.14168E-11
 0.49000E+02, 0.50000E+01, 0.21926E+02, 0.30000E+02, 0.19925E-15
 0.50000E+02, 0.50000E+01, 0.22024E+02, 0.30000E+02, 0.48668E-20
 0.51000E+02, 0.50000E+01, 0.22087E+02, 0.30000E+02, 0.16719E-24
 0.52000E+02, 0.50000E+01, 0.21594E+02, 0.30000E+02, 0.94615E-05
 0.53000E+02, 0.50000E+01, 0.21917E+02, 0.30000E+02, 0.11782E-04
 0.54000E+02, 0.50000E+01, 0.22335E+02, 0.30000E+02, 0.25586E-04
 0.55000E+02, 0.50000E+01, 0.22831E+02, 0.30000E+02, 0.36394E-04
 0.56000E+02, 0.50000E+01, 0.23414E+02, 0.18874E+02, 0.63508E-04
 0.57000E+02, 0.50000E+01, 0.23007E+02, 0.23924E+02, 0.50034E-04
 0.58000E+02, 0.50000E+01, 0.23236E+02, 0.14511E+02, 0.82554E-04
 0.59000E+02, 0.50000E+01, 0.23249E+02, 0.15348E+02, 0.78057E-04
 0.60000E+02, 0.50000E+01, 0.22765E+02, 0.27729E+02, 0.43133E-04
 0.61000E+02, 0.50000E+01, 0.22470E+02, 0.30000E+02, 0.19980E-04
 0.62000E+02, 0.50000E+01, 0.22719E+02, 0.30000E+02, 0.13652E-04
 0.63000E+02, 0.50000E+01, 0.22000E+02, 0.30000E+02, 0.00000E+00
 0.64000E+02, 0.50000E+01, 0.10620E+03, 0.26328E+00, 0.58237E-02
 0.65000E+02, 0.50000E+01, 0.10147E+03, 0.29231E+00, 0.51800E-02
 0.00000E+00, 0.60000E+01, 0.51278E+02, 0.94015E+00, 0.13948E-02
 0.10000E+01, 0.60000E+01, 0.52660E+02, 0.92865E+00, 0.14180E-02
 0.20000E+01, 0.60000E+01, 0.57257E+02, 0.79020E+00, 0.16900E-02
 0.30000E+01, 0.60000E+01, 0.54848E+02, 0.83034E+00, 0.15966E-02
 0.40000E+01, 0.60000E+01, 0.54852E+02, 0.81947E+00, 0.16178E-02
 0.50000E+01, 0.60000E+01, 0.55054E+02, 0.82687E+00, 0.16043E-02
 0.60000E+01, 0.60000E+01, 0.55337E+02, 0.82600E+00, 0.16074E-02
 0.70000E+01, 0.60000E+01, 0.53103E+02, 0.87274E+00, 0.15109E-02
 0.80000E+01, 0.60000E+01, 0.22000E+02, 0.30000E+02, 0.00000E+00
 0.90000E+01, 0.60000E+01, 0.35071E+03, 0.14245E+00, 0.17701E-01
 0.10000E+02, 0.60000E+01, 0.35144E+03, 0.13856E+00, 0.18220E-01
 0.11000E+02, 0.60000E+01, 0.14090E+03, 0.25252E+00, 0.66272E-02
 0.12000E+02, 0.60000E+01, 0.11396E+03, 0.30979E+00, 0.50505E-02
 0.13000E+02, 0.60000E+01, 0.14626E+03, 0.34993E+00, 0.48444E-02
 0.14000E+02, 0.60000E+01, 0.19037E+03, 0.18513E+00, 0.10120E-01
 0.15000E+02, 0.60000E+01, 0.18325E+03, 0.18089E+00, 0.10198E-01
 0.16000E+02, 0.60000E+01, 0.17720E+03, 0.17341E+00, 0.10497E-01
 0.17000E+02, 0.60000E+01, 0.25988E+03, 0.16837E+00, 0.12796E-01
 0.18000E+02, 0.60000E+01, 0.27236E+03, 0.17397E+00, 0.12674E-01
 0.19000E+02, 0.60000E+01, 0.25419E+02, 0.30000E+02, 0.00000E+00
 0.20000E+02, 0.60000E+01, 0.24741E+02, 0.30000E+02, 0.00000E+00
 0.21000E+02, 0.60000E+01, 0.26303E+03, 0.16438E+00, 0.13184E-01
 0.22000E+02, 0.60000E+01, 0.27230E+03, 0.16611E+00, 0.13272E-01
 0.23000E+02, 0.60000E+01, 0.26177E+02, 0.48098E+01, 0.25153E-03
 0.24000E+02, 0.60000E+01, 0.29469E+02, 0.31669E+01, 0.38622E-03
 0.25000E+02, 0.60000E+01, 0.27792E+02, 0.40812E+01, 0.29804E-03
 0.26000E+02, 0.60000E+01, 0.27140E+02, 0.46940E+01, 0.25857E-03
 0.27000E+02, 0.60000E+01, 0.27128E+02, 0.57997E+01, 0.20926E-03
 0.28000E+02, 0.60000E+01, 0.26552E+02, 0.57335E+01, 0.21127E-03
 0.29000E+02, 0.60000E+01, 0.26347E+02, 0.56756E+01, 0.21328E-03
 0.30000E+02, 0.60000E+01, 0.25677E+02, 0.83418E+01, 0.14479E-03
 0.31000E+02, 0.60000E+01, 0.24669E+02, 0.18353E+02, 0.65589E-04
 0.32000E+02, 0.60000E+01, 0.26138E+02, 0.75707E+01, 0.15978E-03
 0.33000E+02, 0.60000E+01, 0.28254E+02, 0.41447E+01, 0.29392E-03
 0.34000E+02, 0.60000E+01, 0.27160E+02, 0.41138E+01, 0.29506E-03
 0.35000E+02, 0.60000E+01, 0.22577E+02, 0.13118E+02, 0.91115E-04
 0.36000E+02, 0.60000E+01, 0.21667E+02, 0.30000E+02, 0.29194E-04
 0.37000E+02, 0.60000E+01, 0.22594E+02, 0.30000E+02, 0.37739E-04
 0.38000E+02, 0.60000E+01, 0.24284E+02, 0.10591E+02, 0.11351E-03
 0.39000E+02, 0.60000E+01, 0.27826E+02, 0.39004E+01, 0.31189E-03
 0.40000E+02, 0.60000E+01, 0.28944E+02, 0.29540E+01, 0.41334E-03
 0.41000E+02, 0.60000E+01, 0.22711E+02, 0.24840E+02, 0.48142E-04
 0.42000E+02, 0.60000E+01, 0.22125E+02, 0.30000E+02, 0.25447E-04
 0.43000E+02, 0.60000E+01, 0.21878E+02, 0.30000E+02, 0.18364E-04
 0.44000E+02, 0.60000E+01, 0.21750E+02, 0.30000E+02, 0.90236E-05
 0.45000E+02, 0.60000E+01, 0.22386E+02, 0.30000E+02, 0.12035E-04
 0.46000E+02, 0.60000E+01, 0.22772E+02, 0.30000E+02, 0.91195E-05
 0.47000E+02, 0.60000E+01, 0.22343E+02, 0.30000E+02, 0.48034E-08
 0.48000E+02, 0.60000E+01, 0.22174E+02, 0.30000E+02, 0.56531E-12
 0.49000E+02, 0.60000E+01, 0.22200E+02, 0.30000E+02, 0.76398E-16
 0.50000E+02, 0.60000E+01, 0.22065E+02, 0.30000E+02, 0.35638E-20
 0.51000E+02, 0.60000E+01, 0.22197E+02, 0.30000E+02, 0.18271E-24
 0.52000E+02, 0.60000E+01, 0.22985E+02, 0.11617E+02, 0.10303E-03
 0.53000E+02, 0.60000E+01, 0.22102E+02, 0.30000E+02, 0.19797E-04
 0.54000E+02, 0.60000E+01, 0.22236E+02, 0.30000E+02, 0.25311E-04
 0.55000E+02, 0.60000E+01, 0.22273E+02, 0.30000E+02, 0.26719E-04
 0.56000E+02, 0.60000E+01, 0.22781E+02, 0.30000E+02, 0.31482E-04
 0.57000E+02, 0.60000E+01, 0.23314E+02, 0.18268E+02, 0.65594E-04
 0.58000E+02, 0.60000E+01, 0.24223E+02, 0.74065E+01, 0.16228E-03
 0.59000E+02, 0.60000E+01, 0.22800E+02, 0.25462E+02, 0.46978E-04
 0.60000E+02, 0.60000E+01, 0.22340E+02, 0.30000E+02, 0.22688E-04
 0.61000E+02, 0.60000E+01, 0.22382E+02, 0.30000E+02, 0.17240E-04
 0.62000E+02, 0.60000E+01, 0.23086E+02, 0.30000E+02, 0.28498E-04
 0.63000E+02, 0.60000E+01, 0.22000E+02, 0.30000E+02, 0.00000E+00
 0.64000E+02, 0.60000E+01, 0.10406E+03, 0.27302E+00, 0.55843E-02
 0.65000E+02, 0.60000E+01, 0.10905E+03, 0.28205E+00, 0.54770E-02
 0.00000E+00, 0.70000E+01, 0.52701E+02, 0.90747E+00, 0.14513E-02
 0.10000E+01, 0.70000E+01, 0.57326E+02, 0.79314E+00, 0.16841E-02
 0.20000E+01, 0.70000E+01, 0.56627E+02, 0.78872E+00, 0.16900E-02
 0.30000E+01, 0.70000E+01, 0.55706E+02, 0.78404E+00, 0.16953E-02
 0.40000E+01, 0.70000E+01, 0.57016E+02, 0.76334E+00, 0.17482E-02
 0.50000E+01, 0.70000E+01, 0.55960E+02, 0.79526E+00, 0.16727E-02
 0.60000E+01, 0.70000E+01, 0.55677E+02, 0.81561E+00, 0.16295E-02
 0.70000E+01, 0.70000E+01, 0.57472E+02, 0.77423E+00, 0.17260E-02
 0.80000E+01, 0.70000E+01, 0.22000E+02, 0.30000E+02, 0.00000E+00
 0.90000E+01, 0.70000E+01, 0.40786E+03, 0.14538E+00, 0.18933E-01
 0.10000E+02, 0.70000E+01, 0.37330E+03, 0.14339E+00, 0.18222E-01
 0.11000E+02, 0.70000E+01, 0.13843E+03, 0.25569E+00, 0.65060E-02
 0.12000E+02, 0.70000E+01, 0.80765E+02, 0.46799E+00, 0.30566E-02
 0.13000E+02, 0.70000E+01, 0.19581E+03, 0.28603E+00, 0.66268E-02
 0.14000E+02, 0.70000E+01, 0.23198E+03, 0.19035E+00, 0.10726E-01
 0.15000E+02, 0.70000E+01, 0.19894E+03, 0.18572E+00, 0.10274E-01
 0.16000E+02, 0.70000E+01, 0.17645E+03, 0.17506E+00, 0.10380E-01
 0.17000E+02, 0.70000E+01, 0.25152E+03, 0.16871E+00, 0.12569E-01
 0.18000E+02, 0.70000E+01, 0.31469E+03, 0.18020E+00, 0.13185E-01
 0.19000E+02, 0.70000E+01, 0.26350E+02, 0.30000E+02, 0.00000E+00
 0.20000E+02, 0.70000E+01, 0.25824E+02, 0.30000E+02, 0.00000E+00
 0.21000E+02, 0.70000E+01, 0.23843E+03, 0.16709E+00, 0.12375E-01
 0.22000E+02, 0.70000E+01, 0.28948E+03, 0.17420E+00, 0.13054E-01
 0.23000E+02, 0.70000E+01, 0.31961E+02, 0.22719E+01, 0.54280E-03
 0.24000E+02, 0.70000E+01, 0.33018E+02, 0.20431E+01, 0.60569E-03
 0.25000E+02, 0.70000E+01, 0.39980E+02, 0.13856E+01, 0.91341E-03
 0.26000E+02, 0.70000E+01, 0.27552E+02, 0.40605E+01, 0.29932E-03
 0.27000E+02, 0.70000E+01, 0.25131E+02, 0.79980E+01, 0.15074E-03
 0.28000E+02, 0.70000E+01, 0.26883E+02, 0.46111E+01, 0.26299E-03
 0.29000E+02, 0.70000E+01, 0.24178E+02, 0.15909E+02, 0.75540E-04
 0.30000E+02, 0.70000E+01, 0.23989E+02, 0.30000E+02, 0.35607E-04
 0.31000E+02, 0.70000E+01, 0.24198E+02, 0.27831E+02, 0.43183E-04
 0.32000E+02, 0.70000E+01, 0.25808E+02, 0.81233E+01, 0.14875E-03
 0.33000E+02, 0.70000E+01, 0.27425E+02, 0.51686E+01, 0.23505E-03
 0.34000E+02, 0.70000E+01, 0.60355E+02, 0.62930E+00, 0.21420E-02
 0.35000E+02, 0.70000E+01, 0.35028E+02, 0.16871E+01, 0.73830E-03
 0.36000E+02, 0.70000E+01, 0.22397E+02, 0.27276E+02, 0.43795E-04
 0.37000E+02, 0.70000E+01, 0.23175E+02, 0.26116E+02, 0.45861E-04
 0.38000E+02, 0.70000E+01, 0.25359E+02, 0.79312E+01, 0.15212E-03
 0.39000E+02, 0.70000E+01, 0.26895E+02, 0.48597E+01, 0.24955E-03
 0.40000E+02, 0.70000E+01, 0.36289E+02, 0.14755E+01, 0.84767E-03
 0.41000E+02, 0.70000E+01, 0.31269E+02, 0.23404E+01, 0.52573E-03
 0.42000E+02, 0.70000E+01, 0.22054E+02, 0.30000E+02, 0.22235E-04
 0.43000E+02, 0.70000E+01, 0.22009E+02, 0.30000E+02, 0.97552E-05
 0.44000E+02, 0.70000E+01, 0.22404E+02, 0.30000E+02, 0.64441E-05
 0.45000E+02, 0.70000E+01, 0.22973E+02, 0.30000E+02, 0.13445E-04
 0.46000E+02, 0.70000E+01, 0.22459E+02, 0.30000E+02, 0.12737E-06
 0.47000E+02, 0.70000E+01, 0.22256E+02, 0.30000E+02, 0.22578E-10
 0.48000E+02, 0.70000E+01, 0.22094E+02, 0.30000E+02, 0.44465E-14
 0.49000E+02, 0.70000E+01, 0.22009E+02, 0.30000E+02, 0.12079E-17
 0.50000E+02, 0.70000E+01, 0.21810E+02, 0.30000E+02, 0.96962E-21
 0.51000E+02, 0.70000E+01, 0.22157E+02, 0.30000E+02, 0.38553E-24
 0.52000E+02, 0.70000E+01, 0.56586E+02, 0.63405E+00, 0.21019E-02
 0.53000E+02, 0.70000E+01, 0.23829E+02, 0.89902E+01, 0.13352E-03
 0.54000E+02, 0.70000E+01, 0.22498E+02, 0.24009E+02, 0.49771E-04
 0.55000E+02, 0.70000E+01, 0.22221E+02, 0.30000E+02, 0.16462E-04
 0.56000E+02, 0.70000E+01, 0.22854E+02, 0.30000E+02, 0.14288E-04
 0.57000E+02, 0.70000E+01, 0.23146E+02, 0.30000E+02, 0.12182E-04
 0.58000E+02, 0.70000E+01, 0.29571E+02, 0.23413E+01, 0.52260E-03
 0.59000E+02, 0.70000E+01, 0.22574E+02, 0.14635E+02, 0.81673E-04
 0.60000E+02, 0.70000E+01, 0.22585E+02, 0.29795E+02, 0.40117E-04
 0.61000E+02, 0.70000E+01, 0.22094E+02, 0.30000E+02, 0.58430E-05
 0.62000E+02, 0.70000E+01, 0.22729E+02, 0.30000E+02, 0.83446E-05
 0.63000E+02, 0.70000E+01, 0.22000E+02, 0.30000E+02, 0.00000E+00
 0.64000E+02, 0.70000E+01, 0.10304E+03, 0.27984E+00, 0.54334E-02
 0.65000E+02, 0.70000E+01, 0.14023E+03, 0.21522E+00, 0.77633E-02
 0.00000E+00, 0.80000E+01, 0.53835E+02, 0.87711E+00, 0.15068E-02
 0.10000E+01, 0.80000E+01, 0.57301E+02, 0.78948E+00, 0.16918E-02
 0.20000E+01, 0.80000E+01, 0.55894E+02, 0.79900E+00, 0.16645E-02
 0.30000E+01, 0.80000E+01, 0.59829E+02, 0.70541E+00, 0.19079E-02
 0.40000E+01, 0.80000E+01, 0.59647E+02, 0.71296E+00, 0.18866E-02
 0.50000E+01, 0.80000E+01, 0.54905E+02, 0.81106E+00, 0.16348E-02
 0.60000E+01, 0.80000E+01, 0.50412E+02, 0.94532E+00, 0.13834E-02
 0.70000E+01, 0.80000E+01, 0.51532E+02, 0.91133E+00, 0.14400E-02
 0.80000E+01, 0.80000E+01, 0.22000E+02, 0.30000E+02, 0.00000E+00
 0.90000E+01, 0.80000E+01, 0.42593E+03, 0.14694E+00, 0.19229E-01
 0.10000E+02, 0.80000E+01, 0.41712E+03, 0.14869E+00, 0.18763E-01
 0.11000E+02, 0.80000E+01, 0.39345E+03, 0.16345E+00, 0.16484E-01
 0.12000E+02, 0.80000E+01, 0.39697E+03, 0.19097E+00, 0.14183E-01
 0.13000E+02, 0.80000E+01, 0.38679E+03, 0.19488E+00, 0.13687E-01
 0.14000E+02, 0.80000E+01, 0.38270E+03, 0.19372E+00, 0.13684E-01
 0.15000E+02, 0.80000E+01, 0.38246E+03, 0.18882E+00, 0.14034E-01
 0.16000E+02, 0.80000E+01, 0.38224E+03, 0.18302E+00, 0.14473E-01
 0.17000E+02, 0.80000E+01, 0.37552E+03, 0.18185E+00, 0.14418E-01
 0.18000E+02, 0.80000E+01, 0.38005E+03, 0.18476E+00, 0.14289E-01
 0.19000E+02, 0.80000E+01, 0.36661E+03, 0.19028E+00, 0.13589E-01
 0.20000E+02, 0.80000E+01, 0.35486E+03, 0.19010E+00, 0.13352E-01
 0.21000E+02, 0.80000E+01, 0.31717E+03, 0.18328E+00, 0.13019E-01
 0.22000E+02, 0.80000E+01, 0.31468E+03, 0.17602E+00, 0.13498E-01
 0.23000E+02, 0.80000E+01, 0.34165E+03, 0.16887E+00, 0.14715E-01
 0.24000E+02, 0.80000E+01, 0.33505E+03, 0.17440E+00, 0.14095E-01
 0.25000E+02, 0.80000E+01, 0.33184E+03, 0.17155E+00, 0.14254E-01
 0.26000E+02, 0.80000E+01, 0.32366E+03, 0.16485E+00, 0.14633E-01
 0.27000E+02, 0.80000E+01, 0.29362E+03, 0.16762E+00, 0.13667E-01
 0.28000E+02, 0.80000E+01, 0.29842E+03, 0.16018E+00, 0.14423E-01
 0.29000E+02, 0.80000E+01, 0.22095E+03, 0.19410E+00, 0.10289E-01
 0.30000E+02, 0.80000E+01, 0.21939E+03, 0.19932E+00, 0.99878E-02
 0.31000E+02, 0.80000E+01, 0.25570E+03, 0.18219E+00, 0.11732E-01
 0.32000E+02, 0.80000E+01, 0.26199E+03, 0.18147E+00, 0.11919E-01
 0.33000E+02, 0.80000E+01, 0.24191E+03, 0.19003E+00, 0.10955E-01
 0.34000E+02, 0.80000E+01, 0.21736E+03, 0.19688E+00, 0.10070E-01
 0.35000E+02, 0.80000E+01, 0.22487E+03, 0.18282E+00, 0.11010E-01
 0.36000E+02, 0.80000E+01, 0.15099E+03, 0.24889E+00, 0.68876E-02
 0.37000E+02, 0.80000E+01, 0.14352E+03, 0.25974E+00, 0.64838E-02
 0.38000E+02, 0.80000E+01, 0.15711E+03, 0.24000E+00, 0.72459E-02
 0.39000E+02, 0.80000E+01, 0.22937E+03, 0.17068E+00, 0.11900E-01
 0.40000E+02, 0.80000E+01, 0.20758E+03, 0.18002E+00, 0.10793E-01
 0.41000E+02, 0.80000E+01, 0.18097E+03, 0.19928E+00, 0.92103E-02
 0.42000E+02, 0.80000E+01, 0.23371E+03, 0.15300E+00, 0.13390E-01
 0.43000E+02, 0.80000E+01, 0.21508E+03, 0.15843E+00, 0.12456E-01
 0.44000E+02, 0.80000E+01, 0.10890E+03, 0.32063E+00, 0.48161E-02
 0.45000E+02, 0.80000E+01, 0.13899E+03, 0.25256E+00, 0.65957E-02
 0.46000E+02, 0.80000E+01, 0.15270E+03, 0.22881E+00, 0.75224E-02
 0.47000E+02, 0.80000E+01, 0.18273E+03, 0.19414E+00, 0.94910E-02
 0.48000E+02, 0.80000E+01, 0.19469E+03, 0.18231E+00, 0.10372E-01
 0.49000E+02, 0.80000E+01, 0.16771E+03, 0.20412E+00, 0.87295E-02
 0.50000E+02, 0.80000E+01, 0.15451E+03, 0.21786E+00, 0.79341E-02
 0.51000E+02, 0.80000E+01, 0.17411E+03, 0.19406E+00, 0.93155E-02
 0.52000E+02, 0.80000E+01, 0.17690E+03, 0.18522E+00, 0.98211E-02
 0.53000E+02, 0.80000E+01, 0.15996E+03, 0.20065E+00, 0.87244E-02
 0.54000E+02, 0.80000E+01, 0.11984E+03, 0.25613E+00, 0.62016E-02
 0.55000E+02, 0.80000E+01, 0.14977E+03, 0.20769E+00, 0.82305E-02
 0.56000E+02, 0.80000E+01, 0.17235E+03, 0.18368E+00, 0.98031E-02
 0.57000E+02, 0.80000E+01, 0.17183E+03, 0.17954E+00, 0.10018E-01
 0.58000E+02, 0.80000E+01, 0.14300E+03, 0.20855E+00, 0.80652E-02
 0.59000E+02, 0.80000E+01, 0.16268E+03, 0.18506E+00, 0.95185E-02
 0.60000E+02, 0.80000E+01, 0.17075E+03, 0.16762E+00, 0.10704E-01
 0.61000E+02, 0.80000E+01, 0.12296E+03, 0.23403E+00, 0.68410E-02
 0.62000E+02, 0.80000E+01, 0.98171E+02, 0.31960E+00, 0.46959E-02
 0.63000E+02, 0.80000E+01, 0.10201E+03, 0.31186E+00, 0.48622E-02
 0.64000E+02, 0.80000E+01, 0.12472E+03, 0.25183E+00, 0.63859E-02
 0.65000E+02, 0.80000E+01, 0.15162E+03, 0.19696E+00, 0.87167E-02
 0.00000E+00, 0.90000E+01, 0.54046E+02, 0.87398E+00, 0.15132E-02
 0.10000E+01, 0.90000E+01, 0.56839E+02, 0.80123E+00, 0.16646E-02
 0.20000E+01, 0.90000E+01, 0.60561E+02, 0.70755E+00, 0.19063E-02
 0.30000E+01, 0.90000E+01, 0.62153E+02, 0.67343E+00, 0.20124E-02
 0.40000E+01, 0.90000E+01, 0.58138E+02, 0.74606E+00, 0.17948E-02
 0.50000E+01, 0.90000E+01, 0.52585E+02, 0.86879E+00, 0.15154E-02
 0.60000E+01, 0.90000E+01, 0.48417E+02, 0.10007E+01, 0.12988E-02
 0.70000E+01, 0.90000E+01, 0.45755E+02, 0.10924E+01, 0.11799E-02
 0.80000E+01, 0.90000E+01, 0.22000E+02, 0.30000E+02, 0.00000E+00
 0.90000E+01, 0.90000E+01, 0.44813E+03, 0.15003E+00, 0.19432E-01
 0.10000E+02, 0.90000E+01, 0.40827E+03, 0.15466E+00, 0.17807E-01
 0.11000E+02, 0.90000E+01, 0.40759E+03, 0.16018E+00, 0.17177E-01
 0.12000E+02, 0.90000E+01, 0.39685E+03, 0.17548E+00, 0.15432E-01
 0.13000E+02, 0.90000E+01, 0.38190E+03, 0.18737E+00, 0.14130E-01
 0.14000E+02, 0.90000E+01, 0.38476E+03, 0.18996E+00, 0.13999E-01
 0.15000E+02, 0.90000E+01, 0.38359E+03, 0.18564E+00, 0.14299E-01
 0.16000E+02, 0.90000E+01, 0.37763E+03, 0.18179E+00, 0.14470E-01
 0.17000E+02, 0.90000E+01, 0.38239E+03, 0.18180E+00, 0.14574E-01
 0.18000E+02, 0.90000E+01, 0.38541E+03, 0.18342E+00, 0.14512E-01
 0.19000E+02, 0.90000E+01, 0.30595E+03, 0.21061E+00, 0.11113E-01
 0.20000E+02, 0.90000E+01, 0.31299E+03, 0.20491E+00, 0.11562E-01
 0.21000E+02, 0.90000E+01, 0.33607E+03, 0.18567E+00, 0.13262E-01
 0.22000E+02, 0.90000E+01, 0.32449E+03, 0.18175E+00, 0.13291E-01
 0.23000E+02, 0.90000E+01, 0.32506E+03, 0.18003E+00, 0.13430E-01
 0.24000E+02, 0.90000E+01, 0.30286E+03, 0.18620E+00, 0.12504E-01
 0.25000E+02, 0.90000E+01, 0.26637E+03, 0.19348E+00, 0.11270E-01
 0.26000E+02, 0.90000E+01, 0.20887E+03, 0.22337E+00, 0.87222E-02
 0.27000E+02, 0.90000E+01, 0.21082E+03, 0.21788E+00, 0.89779E-02
 0.28000E+02, 0.90000E+01, 0.17907E+03, 0.25696E+00, 0.71132E-02
 0.29000E+02, 0.90000E+01, 0.17460E+03, 0.25689E+00, 0.70448E-02
 0.30000E+02, 0.90000E+01, 0.19487E+03, 0.23586E+00, 0.80201E-02
 0.31000E+02, 0.90000E+01, 0.21593E+03, 0.21964E+00, 0.90001E-02
 0.32000E+02, 0.90000E+01, 0.21354E+03, 0.21965E+00, 0.89556E-02
 0.33000E+02, 0.90000E+01, 0.20818E+03, 0.21726E+00, 0.89545E-02
 0.34000E+02, 0.90000E+01, 0.21750E+03, 0.19784E+00, 0.10024E-01
 0.35000E+02, 0.90000E+01, 0.14752E+03, 0.27431E+00, 0.61983E-02
 0.36000E+02, 0.90000E+01, 0.15295E+03, 0.25871E+00, 0.66570E-02
 0.37000E+02, 0.90000E+01, 0.15246E+03, 0.26728E+00, 0.64360E-02
 0.38000E+02, 0.90000E+01, 0.15753E+03, 0.25904E+00, 0.67199E-02
 0.39000E+02, 0.90000E+01, 0.17449E+03, 0.22428E+00, 0.80669E-02
 0.40000E+02, 0.90000E+01, 0.18798E+03, 0.20413E+00, 0.91302E-02
 0.41000E+02, 0.90000E+01, 0.19312E+03, 0.20392E+00, 0.92417E-02
 0.42000E+02, 0.90000E+01, 0.17346E+03, 0.21117E+00, 0.85483E-02
 0.43000E+02, 0.90000E+01, 0.12892E+03, 0.30383E+00, 0.53488E-02
 0.44000E+02, 0.90000E+01, 0.13986E+03, 0.28246E+00, 0.59099E-02
 0.45000E+02, 0.90000E+01, 0.15774E+03, 0.24188E+00, 0.72002E-02
 0.46000E+02, 0.90000E+01, 0.16151E+03, 0.22940E+00, 0.76582E-02
 0.47000E+02, 0.90000E+01, 0.17808E+03, 0.20947E+00, 0.87068E-02
 0.48000E+02, 0.90000E+01, 0.17204E+03, 0.21095E+00, 0.85300E-02
 0.49000E+02, 0.90000E+01, 0.14369E+03, 0.24359E+00, 0.69166E-02
 0.50000E+02, 0.90000E+01, 0.15040E+03, 0.23762E+00, 0.72044E-02
 0.51000E+02, 0.90000E+01, 0.17433E+03, 0.20571E+00, 0.87922E-02
 0.52000E+02, 0.90000E+01, 0.16193E+03, 0.21025E+00, 0.83639E-02
 0.53000E+02, 0.90000E+01, 0.14202E+03, 0.24672E+00, 0.68012E-02
 0.54000E+02, 0.90000E+01, 0.13601E+03, 0.24605E+00, 0.67213E-02
 0.55000E+02, 0.90000E+01, 0.16317E+03, 0.20582E+00, 0.85683E-02
 0.56000E+02, 0.90000E+01, 0.17401E+03, 0.19427E+00, 0.93033E-02
 0.57000E+02, 0.90000E+01, 0.15112E+03, 0.21623E+00, 0.79306E-02
 0.58000E+02, 0.90000E+01, 0.14170E+03, 0.22837E+00, 0.73424E-02
 0.59000E+02, 0.90000E+01, 0.13855E+03, 0.21824E+00, 0.76247E-02
 0.60000E+02, 0.90000E+01, 0.11812E+03, 0.27257E+00, 0.58019E-02
 0.61000E+02, 0.90000E+01, 0.12613E+03, 0.25018E+00, 0.64507E-02
 0.62000E+02, 0.90000E+01, 0.13203E+03, 0.24148E+00, 0.67819E-02
 0.63000E+02, 0.90000E+01, 0.13462E+03, 0.23221E+00, 0.70977E-02
 0.64000E+02, 0.90000E+01, 0.12964E+03, 0.25048E+00, 0.64996E-02
 0.65000E+02, 0.90000E+01, 0.14230E+03, 0.22608E+00, 0.74275E-02
 0.00000E+00, 0.10000E+02, 0.57397E+02, 0.78657E+00, 0.16985E-02
 0.10000E+01, 0.10000E+02, 0.56985E+02, 0.80073E+00, 0.16664E-02
 0.20000E+01, 0.10000E+02, 0.65176E+02, 0.63966E+00, 0.21378E-02
 0.30000E+01, 0.10000E+02, 0.57690E+02, 0.76209E+00, 0.17546E-02
 0.40000E+01, 0.10000E+02, 0.51802E+02, 0.90625E+00, 0.14493E-02
 0.50000E+01, 0.10000E+02, 0.51780E+02, 0.91423E+00, 0.14365E-02
 0.60000E+01, 0.10000E+02, 0.52100E+02, 0.87538E+00, 0.15018E-02
 0.70000E+01, 0.10000E+02, 0.42421E+02, 0.12243E+01, 0.10418E-02
 0.80000E+01, 0.10000E+02, 0.22000E+02, 0.30000E+02, 0.00000E+00
 0.90000E+01, 0.10000E+02, 0.40618E+03, 0.16030E+00, 0.17128E-01
 0.10000E+02, 0.10000E+02, 0.37982E+03, 0.16902E+00, 0.15615E-01
 0.11000E+02, 0.10000E+02, 0.36409E+03, 0.15848E+00, 0.16252E-01
 0.12000E+02, 0.10000E+02, 0.36133E+03, 0.15759E+00, 0.16273E-01
 0.13000E+02, 0.10000E+02, 0.34872E+03, 0.16461E+00, 0.15269E-01
 0.14000E+02, 0.10000E+02, 0.36021E+03, 0.17003E+00, 0.15056E-01
 0.15000E+02, 0.10000E+02, 0.37095E+03, 0.17871E+00, 0.14568E-01
 0.16000E+02, 0.10000E+02, 0.37825E+03, 0.17923E+00, 0.14689E-01
 0.17000E+02, 0.10000E+02, 0.37425E+03, 0.17840E+00, 0.14667E-01
 0.18000E+02, 0.10000E+02, 0.33404E+03, 0.19097E+00, 0.12851E-01
 0.19000E+02, 0.10000E+02, 0.31349E+03, 0.19949E+00, 0.11886E-01
 0.20000E+02, 0.10000E+02, 0.30470E+03, 0.19998E+00, 0.11679E-01
 0.21000E+02, 0.10000E+02, 0.29832E+03, 0.19683E+00, 0.11735E-01
 0.22000E+02, 0.10000E+02, 0.29280E+03, 0.19337E+00, 0.11830E-01
 0.23000E+02, 0.10000E+02, 0.28175E+03, 0.19355E+00, 0.11588E-01
 0.24000E+02, 0.10000E+02, 0.27878E+03, 0.19382E+00, 0.11510E-01
 0.25000E+02, 0.10000E+02, 0.24638E+03, 0.21034E+00, 0.99831E-02
 0.26000E+02, 0.10000E+02, 0.21529E+03, 0.22877E+00, 0.86296E-02
 0.27000E+02, 0.10000E+02, 0.21119E+03, 0.23346E+00, 0.83852E-02
 0.28000E+02, 0.10000E+02, 0.21714E+03, 0.22291E+00, 0.88900E-02
 0.29000E+02, 0.10000E+02, 0.20077E+03, 0.24203E+00, 0.79144E-02
 0.30000E+02, 0.10000E+02, 0.20415E+03, 0.24193E+00, 0.79740E-02
 0.31000E+02, 0.10000E+02, 0.23071E+03, 0.21203E+00, 0.96048E-02
 0.32000E+02, 0.10000E+02, 0.22000E+03, 0.21492E+00, 0.92744E-02
 0.33000E+02, 0.10000E+02, 0.22847E+03, 0.20422E+00, 0.99279E-02
 0.34000E+02, 0.10000E+02, 0.24247E+03, 0.19099E+00, 0.10912E-01
 0.35000E+02, 0.10000E+02, 0.19505E+03, 0.22980E+00, 0.82351E-02
 0.36000E+02, 0.10000E+02, 0.16653E+03, 0.25875E+00, 0.68681E-02
 0.37000E+02, 0.10000E+02, 0.14387E+03, 0.33198E+00, 0.50772E-02
 0.38000E+02, 0.10000E+02, 0.15510E+03, 0.29714E+00, 0.58252E-02
 0.39000E+02, 0.10000E+02, 0.16061E+03, 0.27967E+00, 0.62688E-02
 0.40000E+02, 0.10000E+02, 0.17732E+03, 0.25624E+00, 0.71055E-02
 0.41000E+02, 0.10000E+02, 0.17367E+03, 0.24843E+00, 0.72695E-02
 0.42000E+02, 0.10000E+02, 0.17166E+03, 0.23788E+00, 0.75577E-02
 0.43000E+02, 0.10000E+02, 0.14729E+03, 0.29413E+00, 0.57776E-02
 0.44000E+02, 0.10000E+02, 0.13728E+03, 0.32509E+00, 0.51028E-02
 0.45000E+02, 0.10000E+02, 0.15176E+03, 0.28285E+00, 0.60718E-02
 0.46000E+02, 0.10000E+02, 0.15970E+03, 0.24918E+00, 0.70210E-02
 0.47000E+02, 0.10000E+02, 0.13593E+03, 0.29443E+00, 0.56157E-02
 0.48000E+02, 0.10000E+02, 0.13696E+03, 0.29765E+00, 0.55691E-02
 0.49000E+02, 0.10000E+02, 0.15540E+03, 0.25731E+00, 0.67317E-02
 0.50000E+02, 0.10000E+02, 0.17070E+03, 0.23455E+00, 0.76485E-02
 0.51000E+02, 0.10000E+02, 0.15273E+03, 0.26434E+00, 0.65119E-02
 0.52000E+02, 0.10000E+02, 0.15701E+03, 0.25089E+00, 0.69299E-02
 0.53000E+02, 0.10000E+02, 0.16484E+03, 0.22961E+00, 0.77098E-02
 0.54000E+02, 0.10000E+02, 0.16152E+03, 0.23009E+00, 0.76355E-02
 0.55000E+02, 0.10000E+02, 0.17324E+03, 0.21385E+00, 0.84369E-02
 0.56000E+02, 0.10000E+02, 0.17612E+03, 0.20508E+00, 0.88544E-02
 0.57000E+02, 0.10000E+02, 0.15959E+03, 0.21870E+00, 0.79977E-02
 0.58000E+02, 0.10000E+02, 0.12247E+03, 0.27027E+00, 0.59164E-02
 0.59000E+02, 0.10000E+02, 0.12773E+03, 0.25746E+00, 0.62935E-02
 0.60000E+02, 0.10000E+02, 0.13251E+03, 0.24714E+00, 0.66344E-02
 0.61000E+02, 0.10000E+02, 0.15111E+03, 0.20853E+00, 0.82233E-02
 0.62000E+02, 0.10000E+02, 0.16582E+03, 0.18492E+00, 0.95948E-02
 0.63000E+02, 0.10000E+02, 0.13020E+03, 0.25639E+00, 0.63585E-02
 0.64000E+02, 0.10000E+02, 0.13714E+03, 0.24254E+00, 0.68372E-02
 0.65000E+02, 0.10000E+02, 0.14650E+03, 0.22024E+00, 0.77015E-02
 0.00000E+00, 0.11000E+02, 0.59868E+02, 0.73013E+00, 0.18435E-02
 0.10000E+01, 0.11000E+02, 0.59741E+02, 0.73672E+00, 0.18263E-02
 0.20000E+01, 0.11000E+02, 0.64032E+02, 0.65687E+00, 0.20747E-02
 0.30000E+01, 0.11000E+02, 0.53299E+02, 0.86672E+00, 0.15224E-02
 0.40000E+01, 0.11000E+02, 0.50852E+02, 0.93518E+00, 0.14003E-02
 0.50000E+01, 0.11000E+02, 0.54222E+02, 0.89475E+00, 0.14788E-02
 0.60000E+01, 0.11000E+02, 0.57795E+02, 0.76124E+00, 0.17572E-02
 0.70000E+01, 0.11000E+02, 0.54677E+02, 0.76974E+00, 0.17214E-02
 0.80000E+01, 0.11000E+02, 0.22000E+02, 0.30000E+02, 0.00000E+00
 0.90000E+01, 0.11000E+02, 0.44851E+03, 0.15602E+00, 0.18695E-01
 0.10000E+02, 0.11000E+02, 0.34333E+03, 0.18511E+00, 0.13460E-01
 0.11000E+02, 0.11000E+02, 0.31402E+03, 0.15279E+00, 0.15533E-01
 0.12000E+02, 0.11000E+02, 0.32275E+03, 0.14976E+00, 0.16082E-01
 0.13000E+02, 0.11000E+02, 0.32266E+03, 0.16027E+00, 0.15026E-01
 0.14000E+02, 0.11000E+02, 0.32348E+03, 0.15936E+00, 0.15133E-01
 0.15000E+02, 0.11000E+02, 0.33422E+03, 0.15622E+00, 0.15715E-01
 0.16000E+02, 0.11000E+02, 0.33930E+03, 0.16714E+00, 0.14810E-01
 0.17000E+02, 0.11000E+02, 0.33459E+03, 0.17874E+00, 0.13743E-01
 0.18000E+02, 0.11000E+02, 0.33200E+03, 0.18515E+00, 0.13211E-01
 0.19000E+02, 0.11000E+02, 0.32875E+03, 0.19219E+00, 0.12658E-01
 0.20000E+02, 0.11000E+02, 0.28738E+03, 0.20099E+00, 0.11272E-01
 0.21000E+02, 0.11000E+02, 0.25350E+03, 0.22089E+00, 0.96366E-02
 0.22000E+02, 0.11000E+02, 0.24619E+03, 0.22706E+00, 0.92446E-02
 0.23000E+02, 0.11000E+02, 0.26089E+03, 0.21025E+00, 0.10267E-01
 0.24000E+02, 0.11000E+02, 0.24556E+03, 0.21292E+00, 0.98464E-02
 0.25000E+02, 0.11000E+02, 0.23051E+03, 0.22691E+00, 0.89713E-02
 0.26000E+02, 0.11000E+02, 0.22924E+03, 0.22749E+00, 0.89260E-02
 0.27000E+02, 0.11000E+02, 0.21190E+03, 0.24115E+00, 0.81298E-02
 0.28000E+02, 0.11000E+02, 0.22343E+03, 0.22808E+00, 0.87998E-02
 0.29000E+02, 0.11000E+02, 0.20732E+03, 0.24569E+00, 0.79041E-02
 0.30000E+02, 0.11000E+02, 0.20305E+03, 0.25424E+00, 0.75705E-02
 0.31000E+02, 0.11000E+02, 0.21827E+03, 0.23037E+00, 0.86219E-02
 0.32000E+02, 0.11000E+02, 0.22993E+03, 0.21711E+00, 0.93657E-02
 0.33000E+02, 0.11000E+02, 0.23185E+03, 0.21779E+00, 0.93719E-02
 0.34000E+02, 0.11000E+02, 0.23179E+03, 0.21412E+00, 0.95313E-02
 0.35000E+02, 0.11000E+02, 0.19929E+03, 0.24786E+00, 0.77040E-02
 0.36000E+02, 0.11000E+02, 0.15851E+03, 0.30566E+00, 0.57080E-02
 0.37000E+02, 0.11000E+02, 0.16506E+03, 0.29485E+00, 0.60070E-02
 0.38000E+02, 0.11000E+02, 0.14215E+03, 0.34935E+00, 0.48048E-02
 0.39000E+02, 0.11000E+02, 0.15252E+03, 0.32400E+00, 0.53102E-02
 0.40000E+02, 0.11000E+02, 0.17866E+03, 0.26296E+00, 0.69444E-02
 0.41000E+02, 0.11000E+02, 0.15858E+03, 0.28763E+00, 0.60666E-02
 0.42000E+02, 0.11000E+02, 0.13067E+03, 0.35793E+00, 0.45600E-02
 0.43000E+02, 0.11000E+02, 0.13027E+03, 0.36548E+00, 0.44614E-02
 0.44000E+02, 0.11000E+02, 0.13787E+03, 0.35119E+00, 0.47304E-02
 0.45000E+02, 0.11000E+02, 0.15347E+03, 0.29159E+00, 0.59135E-02
 0.46000E+02, 0.11000E+02, 0.14724E+03, 0.29404E+00, 0.57786E-02
 0.47000E+02, 0.11000E+02, 0.14049E+03, 0.30821E+00, 0.54245E-02
 0.48000E+02, 0.11000E+02, 0.14727E+03, 0.29873E+00, 0.56883E-02
 0.49000E+02, 0.11000E+02, 0.15445E+03, 0.28486E+00, 0.60671E-02
 0.50000E+02, 0.11000E+02, 0.15169E+03, 0.27994E+00, 0.61338E-02
 0.51000E+02, 0.11000E+02, 0.13981E+03, 0.28388E+00, 0.58796E-02
 0.52000E+02, 0.11000E+02, 0.14851E+03, 0.26307E+00, 0.64784E-02
 0.53000E+02, 0.11000E+02, 0.15886E+03, 0.24725E+00, 0.70621E-02
 0.54000E+02, 0.11000E+02, 0.17148E+03, 0.22750E+00, 0.78997E-02
 0.55000E+02, 0.11000E+02, 0.17383E+03, 0.22462E+00, 0.80430E-02
 0.56000E+02, 0.11000E+02, 0.17163E+03, 0.22072E+00, 0.81449E-02
 0.57000E+02, 0.11000E+02, 0.15020E+03, 0.23591E+00, 0.72534E-02
 0.58000E+02, 0.11000E+02, 0.12133E+03, 0.28156E+00, 0.56628E-02
 0.59000E+02, 0.11000E+02, 0.14041E+03, 0.24166E+00, 0.69168E-02
 0.60000E+02, 0.11000E+02, 0.15104E+03, 0.22240E+00, 0.77092E-02
 0.61000E+02, 0.11000E+02, 0.16782E+03, 0.19158E+00, 0.93033E-02
 0.62000E+02, 0.11000E+02, 0.12532E+03, 0.27543E+00, 0.58474E-02
 0.63000E+02, 0.11000E+02, 0.12941E+03, 0.26951E+00, 0.60372E-02
 0.64000E+02, 0.11000E+02, 0.13955E+03, 0.24643E+00, 0.67689E-02
 0.65000E+02, 0.11000E+02, 0.14455E+03, 0.22798E+00, 0.74054E-02
 0.00000E+00, 0.12000E+02, 0.59843E+02, 0.73046E+00, 0.18425E-02
 0.10000E+01, 0.12000E+02, 0.60397E+02, 0.72426E+00, 0.18614E-02
 0.20000E+01, 0.12000E+02, 0.65033E+02, 0.64581E+00, 0.21165E-02
 0.30000E+01, 0.12000E+02, 0.53613E+02, 0.86637E+00, 0.15244E-02
 0.40000E+01, 0.12000E+02, 0.64478E+02, 0.73173E+00, 0.18650E-02
 0.50000E+01, 0.12000E+02, 0.75999E+02, 0.58317E+00, 0.24199E-02
 0.60000E+01, 0.12000E+02, 0.69487E+02, 0.64518E+00, 0.21465E-02
 0.70000E+01, 0.12000E+02, 0.58220E+02, 0.75739E+00, 0.17684E-02
 0.80000E+01, 0.12000E+02, 0.22000E+02, 0.30000E+02, 0.00000E+00
 0.90000E+01, 0.12000E+02, 0.47721E+03, 0.16617E+00, 0.18251E-01
 0.10000E+02, 0.12000E+02, 0.37573E+03, 0.18199E+00, 0.14411E-01
 0.11000E+02, 0.12000E+02, 0.42486E+03, 0.18455E+00, 0.15287E-01
 0.12000E+02, 0.12000E+02, 0.41432E+03, 0.19427E+00, 0.14303E-01
 0.13000E+02, 0.12000E+02, 0.35722E+03, 0.17702E+00, 0.14393E-01
 0.14000E+02, 0.12000E+02, 0.34938E+03, 0.17389E+00, 0.14470E-01
 0.15000E+02, 0.12000E+02, 0.31968E+03, 0.16025E+00, 0.14953E-01
 0.16000E+02, 0.12000E+02, 0.29424E+03, 0.16751E+00, 0.13691E-01
 0.17000E+02, 0.12000E+02, 0.31715E+03, 0.18046E+00, 0.13222E-01
 0.18000E+02, 0.12000E+02, 0.33120E+03, 0.18561E+00, 0.13161E-01
 0.19000E+02, 0.12000E+02, 0.25384E+03, 0.22641E+00, 0.94077E-02
 0.20000E+02, 0.12000E+02, 0.22149E+03, 0.27060E+00, 0.73883E-02
 0.21000E+02, 0.12000E+02, 0.22018E+03, 0.27747E+00, 0.71861E-02
 0.22000E+02, 0.12000E+02, 0.21715E+03, 0.27495E+00, 0.72076E-02
 0.23000E+02, 0.12000E+02, 0.22444E+03, 0.25563E+00, 0.78674E-02
 0.24000E+02, 0.12000E+02, 0.21614E+03, 0.25515E+00, 0.77510E-02
 0.25000E+02, 0.12000E+02, 0.21282E+03, 0.25744E+00, 0.76297E-02
 0.26000E+02, 0.12000E+02, 0.22538E+03, 0.24169E+00, 0.83369E-02
 0.27000E+02, 0.12000E+02, 0.21790E+03, 0.24716E+00, 0.80303E-02
 0.28000E+02, 0.12000E+02, 0.21745E+03, 0.24718E+00, 0.80221E-02
 0.29000E+02, 0.12000E+02, 0.19905E+03, 0.26480E+00, 0.72076E-02
 0.30000E+02, 0.12000E+02, 0.19863E+03, 0.26409E+00, 0.72203E-02
 0.31000E+02, 0.12000E+02, 0.21522E+03, 0.24551E+00, 0.80401E-02
 0.32000E+02, 0.12000E+02, 0.22237E+03, 0.23735E+00, 0.84381E-02
 0.33000E+02, 0.12000E+02, 0.21959E+03, 0.24106E+00, 0.82617E-02
 0.34000E+02, 0.12000E+02, 0.21775E+03, 0.24118E+00, 0.82267E-02
 0.35000E+02, 0.12000E+02, 0.19887E+03, 0.26110E+00, 0.73067E-02
 0.36000E+02, 0.12000E+02, 0.19498E+03, 0.26221E+00, 0.72158E-02
 0.37000E+02, 0.12000E+02, 0.19062E+03, 0.26381E+00, 0.71054E-02
 0.38000E+02, 0.12000E+02, 0.15610E+03, 0.31982E+00, 0.54249E-02
 0.39000E+02, 0.12000E+02, 0.16191E+03, 0.30703E+00, 0.57272E-02
 0.40000E+02, 0.12000E+02, 0.16066E+03, 0.30799E+00, 0.56931E-02
 0.41000E+02, 0.12000E+02, 0.13858E+03, 0.35492E+00, 0.46887E-02
 0.42000E+02, 0.12000E+02, 0.14467E+03, 0.33346E+00, 0.50644E-02
 0.43000E+02, 0.12000E+02, 0.14621E+03, 0.32953E+00, 0.51437E-02
 0.44000E+02, 0.12000E+02, 0.14183E+03, 0.34204E+00, 0.49038E-02
 0.45000E+02, 0.12000E+02, 0.15566E+03, 0.30216E+00, 0.57359E-02
 0.46000E+02, 0.12000E+02, 0.15991E+03, 0.28508E+00, 0.61398E-02
 0.47000E+02, 0.12000E+02, 0.14429E+03, 0.31413E+00, 0.53712E-02
 0.48000E+02, 0.12000E+02, 0.14990E+03, 0.30172E+00, 0.56672E-02
 0.49000E+02, 0.12000E+02, 0.14704E+03, 0.29702E+00, 0.57179E-02
 0.50000E+02, 0.12000E+02, 0.14514E+03, 0.29240E+00, 0.57820E-02
 0.51000E+02, 0.12000E+02, 0.13979E+03, 0.29287E+00, 0.56988E-02
 0.52000E+02, 0.12000E+02, 0.14612E+03, 0.27189E+00, 0.62327E-02
 0.53000E+02, 0.12000E+02, 0.16613E+03, 0.23678E+00, 0.74985E-02
 0.54000E+02, 0.12000E+02, 0.16814E+03, 0.23295E+00, 0.76567E-02
 0.55000E+02, 0.12000E+02, 0.16712E+03, 0.22991E+00, 0.77399E-02
 0.56000E+02, 0.12000E+02, 0.15912E+03, 0.23492E+00, 0.74374E-02
 0.57000E+02, 0.12000E+02, 0.12717E+03, 0.27956E+00, 0.57878E-02
 0.58000E+02, 0.12000E+02, 0.13810E+03, 0.25347E+00, 0.65578E-02
 0.59000E+02, 0.12000E+02, 0.15953E+03, 0.22232E+00, 0.78663E-02
 0.60000E+02, 0.12000E+02, 0.15117E+03, 0.23091E+00, 0.74273E-02
 0.61000E+02, 0.12000E+02, 0.12988E+03, 0.26564E+00, 0.61324E-02
 0.62000E+02, 0.12000E+02, 0.13355E+03, 0.26235E+00, 0.62657E-02
 0.63000E+02, 0.12000E+02, 0.13714E+03, 0.25626E+00, 0.64712E-02
 0.64000E+02, 0.12000E+02, 0.14355E+03, 0.24323E+00, 0.69244E-02
 0.65000E+02, 0.12000E+02, 0.15397E+03, 0.21830E+00, 0.79079E-02
 0.00000E+00, 0.13000E+02, 0.64221E+02, 0.65238E+00, 0.20902E-02
 0.10000E+01, 0.13000E+02, 0.70843E+02, 0.57198E+00, 0.24308E-02
 0.20000E+01, 0.13000E+02, 0.66077E+02, 0.63787E+00, 0.21495E-02
 0.30000E+01, 0.13000E+02, 0.58772E+02, 0.79048E+00, 0.16972E-02
 0.40000E+01, 0.13000E+02, 0.69670E+02, 0.65784E+00, 0.21063E-02
 0.50000E+01, 0.13000E+02, 0.68864E+02, 0.61327E+00, 0.22541E-02
 0.60000E+01, 0.13000E+02, 0.10493E+03, 0.43986E+00, 0.34742E-02
 0.70000E+01, 0.13000E+02, 0.12388E+03, 0.37522E+00, 0.42768E-02
 0.80000E+01, 0.13000E+02, 0.22000E+02, 0.30000E+02, 0.00000E+00
 0.90000E+01, 0.13000E+02, 0.55363E+03, 0.16679E+00, 0.20036E-01
 0.10000E+02, 0.13000E+02, 0.43430E+03, 0.17782E+00, 0.16080E-01
 0.11000E+02, 0.13000E+02, 0.36691E+03, 0.19489E+00, 0.13274E-01
 0.12000E+02, 0.13000E+02, 0.39958E+03, 0.22303E+00, 0.12191E-01
 0.13000E+02, 0.13000E+02, 0.37474E+03, 0.20444E+00, 0.12809E-01
 0.14000E+02, 0.13000E+02, 0.31909E+03, 0.17072E+00, 0.14022E-01
 0.15000E+02, 0.13000E+02, 0.28889E+03, 0.16290E+00, 0.13945E-01
 0.16000E+02, 0.13000E+02, 0.29146E+03, 0.16790E+00, 0.13591E-01
 0.17000E+02, 0.13000E+02, 0.30823E+03, 0.17382E+00, 0.13519E-01
 0.18000E+02, 0.13000E+02, 0.30570E+03, 0.18797E+00, 0.12447E-01
 0.19000E+02, 0.13000E+02, 0.29471E+03, 0.25222E+00, 0.91001E-02
 0.20000E+02, 0.13000E+02, 0.29577E+03, 0.27350E+00, 0.84074E-02
 0.21000E+02, 0.13000E+02, 0.26945E+03, 0.27111E+00, 0.80894E-02
 0.22000E+02, 0.13000E+02, 0.24554E+03, 0.27189E+00, 0.77108E-02
 0.23000E+02, 0.13000E+02, 0.22940E+03, 0.27127E+00, 0.74879E-02
 0.24000E+02, 0.13000E+02, 0.20979E+03, 0.28710E+00, 0.67989E-02
 0.25000E+02, 0.13000E+02, 0.21750E+03, 0.27559E+00, 0.71959E-02
 0.26000E+02, 0.13000E+02, 0.23359E+03, 0.24331E+00, 0.84179E-02
 0.27000E+02, 0.13000E+02, 0.23171E+03, 0.24427E+00, 0.83536E-02
 0.28000E+02, 0.13000E+02, 0.22183E+03, 0.25114E+00, 0.79661E-02
 0.29000E+02, 0.13000E+02, 0.19620E+03, 0.28094E+00, 0.67525E-02
 0.30000E+02, 0.13000E+02, 0.18688E+03, 0.30092E+00, 0.61790E-02
 0.31000E+02, 0.13000E+02, 0.20054E+03, 0.27456E+00, 0.69732E-02
 0.32000E+02, 0.13000E+02, 0.20841E+03, 0.26294E+00, 0.74025E-02
 0.33000E+02, 0.13000E+02, 0.22623E+03, 0.23847E+00, 0.84639E-02
 0.34000E+02, 0.13000E+02, 0.21522E+03, 0.24793E+00, 0.79614E-02
 0.35000E+02, 0.13000E+02, 0.19611E+03, 0.27180E+00, 0.69781E-02
 0.36000E+02, 0.13000E+02, 0.20041E+03, 0.26276E+00, 0.72844E-02
 0.37000E+02, 0.13000E+02, 0.19945E+03, 0.26014E+00, 0.73429E-02
 0.38000E+02, 0.13000E+02, 0.18166E+03, 0.27752E+00, 0.66239E-02
 0.39000E+02, 0.13000E+02, 0.16587E+03, 0.30533E+00, 0.58117E-02
 0.40000E+02, 0.13000E+02, 0.13580E+03, 0.38278E+00, 0.43181E-02
 0.41000E+02, 0.13000E+02, 0.13601E+03, 0.38188E+00, 0.43305E-02
 0.42000E+02, 0.13000E+02, 0.15660E+03, 0.31455E+00, 0.55220E-02
 0.43000E+02, 0.13000E+02, 0.15876E+03, 0.30342E+00, 0.57533E-02
 0.44000E+02, 0.13000E+02, 0.14906E+03, 0.32285E+00, 0.52858E-02
 0.45000E+02, 0.13000E+02, 0.15566E+03, 0.30373E+00, 0.57062E-02
 0.46000E+02, 0.13000E+02, 0.16334E+03, 0.28647E+00, 0.61585E-02
 0.47000E+02, 0.13000E+02, 0.16453E+03, 0.28255E+00, 0.62610E-02
 0.48000E+02, 0.13000E+02, 0.16434E+03, 0.28007E+00, 0.63136E-02
 0.49000E+02, 0.13000E+02, 0.14685E+03, 0.29975E+00, 0.56632E-02
 0.50000E+02, 0.13000E+02, 0.14250E+03, 0.29948E+00, 0.56096E-02
 0.51000E+02, 0.13000E+02, 0.13496E+03, 0.31145E+00, 0.52962E-02
 0.52000E+02, 0.13000E+02, 0.13894E+03, 0.30448E+00, 0.54703E-02
 0.53000E+02, 0.13000E+02, 0.14639E+03, 0.28371E+00, 0.59771E-02
 0.54000E+02, 0.13000E+02, 0.14991E+03, 0.27104E+00, 0.63087E-02
 0.55000E+02, 0.13000E+02, 0.14894E+03, 0.27272E+00, 0.62556E-02
 0.56000E+02, 0.13000E+02, 0.14635E+03, 0.26222E+00, 0.64661E-02
 0.57000E+02, 0.13000E+02, 0.13962E+03, 0.27452E+00, 0.60774E-02
 0.58000E+02, 0.13000E+02, 0.14280E+03, 0.26879E+00, 0.62548E-02
 0.59000E+02, 0.13000E+02, 0.15250E+03, 0.24370E+00, 0.70597E-02
 0.60000E+02, 0.13000E+02, 0.14170E+03, 0.25141E+00, 0.66693E-02
 0.61000E+02, 0.13000E+02, 0.14418E+03, 0.24668E+00, 0.68379E-02
 0.62000E+02, 0.13000E+02, 0.15428E+03, 0.22999E+00, 0.75116E-02
 0.63000E+02, 0.13000E+02, 0.14506E+03, 0.24643E+00, 0.68591E-02
 0.64000E+02, 0.13000E+02, 0.14216E+03, 0.25287E+00, 0.66382E-02
 0.65000E+02, 0.13000E+02, 0.15103E+03, 0.22597E+00, 0.75872E-02
 0.00000E+00, 0.14000E+02, 0.68222E+02, 0.59984E+00, 0.23002E-02
 0.10000E+01, 0.14000E+02, 0.71115E+02, 0.56848E+00, 0.24477E-02
 0.20000E+01, 0.14000E+02, 0.70583E+02, 0.58502E+00, 0.23748E-02
 0.30000E+01, 0.14000E+02, 0.66334E+02, 0.67929E+00, 0.20200E-02
 0.40000E+01, 0.14000E+02, 0.74214E+02, 0.61459E+00, 0.22844E-02
 0.50000E+01, 0.14000E+02, 0.84757E+02, 0.49842E+00, 0.29024E-02
 0.60000E+01, 0.14000E+02, 0.11036E+03, 0.40911E+00, 0.37889E-02
 0.70000E+01, 0.14000E+02, 0.13189E+03, 0.35561E+00, 0.46036E-02
 0.80000E+01, 0.14000E+02, 0.22000E+02, 0.30000E+02, 0.00000E+00
 0.90000E+01, 0.14000E+02, 0.58880E+03, 0.17196E+00, 0.20260E-01
 0.10000E+02, 0.14000E+02, 0.42893E+03, 0.18414E+00, 0.15411E-01
 0.11000E+02, 0.14000E+02, 0.37651E+03, 0.19522E+00, 0.13451E-01
 0.12000E+02, 0.14000E+02, 0.40736E+03, 0.23558E+00, 0.11675E-01
 0.13000E+02, 0.14000E+02, 0.38158E+03, 0.25127E+00, 0.10532E-01
 0.14000E+02, 0.14000E+02, 0.34615E+03, 0.20035E+00, 0.12493E-01
 0.15000E+02, 0.14000E+02, 0.30208E+03, 0.18835E+00, 0.12344E-01
 0.16000E+02, 0.14000E+02, 0.29242E+03, 0.19133E+00, 0.11948E-01
 0.17000E+02, 0.14000E+02, 0.29897E+03, 0.20830E+00, 0.11101E-01
 0.18000E+02, 0.14000E+02, 0.28114E+03, 0.26033E+00, 0.86059E-02
 0.19000E+02, 0.14000E+02, 0.30766E+03, 0.29607E+00, 0.79291E-02
 0.20000E+02, 0.14000E+02, 0.31406E+03, 0.29337E+00, 0.80901E-02
 0.21000E+02, 0.14000E+02, 0.26921E+03, 0.30188E+00, 0.72616E-02
 0.22000E+02, 0.14000E+02, 0.27307E+03, 0.28743E+00, 0.76809E-02
 0.23000E+02, 0.14000E+02, 0.30017E+03, 0.26596E+00, 0.87130E-02
 0.24000E+02, 0.14000E+02, 0.27501E+03, 0.26756E+00, 0.82807E-02
 0.25000E+02, 0.14000E+02, 0.25013E+03, 0.26818E+00, 0.78865E-02
 0.26000E+02, 0.14000E+02, 0.23597E+03, 0.26706E+00, 0.77054E-02
 0.27000E+02, 0.14000E+02, 0.23591E+03, 0.25695E+00, 0.80076E-02
 0.28000E+02, 0.14000E+02, 0.21846E+03, 0.26586E+00, 0.74738E-02
 0.29000E+02, 0.14000E+02, 0.19451E+03, 0.30889E+00, 0.61194E-02
 0.30000E+02, 0.14000E+02, 0.20686E+03, 0.28133E+00, 0.68961E-02
 0.31000E+02, 0.14000E+02, 0.20864E+03, 0.27924E+00, 0.69737E-02
 0.32000E+02, 0.14000E+02, 0.21807E+03, 0.26170E+00, 0.75867E-02
 0.33000E+02, 0.14000E+02, 0.21293E+03, 0.25922E+00, 0.75792E-02
 0.34000E+02, 0.14000E+02, 0.20257E+03, 0.27754E+00, 0.69279E-02
 0.35000E+02, 0.14000E+02, 0.20284E+03, 0.27359E+00, 0.70320E-02
 0.36000E+02, 0.14000E+02, 0.20550E+03, 0.26521E+00, 0.72946E-02
 0.37000E+02, 0.14000E+02, 0.19557E+03, 0.27389E+00, 0.69170E-02
 0.38000E+02, 0.14000E+02, 0.20278E+03, 0.25691E+00, 0.74876E-02
 0.39000E+02, 0.14000E+02, 0.15738E+03, 0.33305E+00, 0.52247E-02
 0.40000E+02, 0.14000E+02, 0.15319E+03, 0.33849E+00, 0.50909E-02
 0.41000E+02, 0.14000E+02, 0.15088E+03, 0.33823E+00, 0.50672E-02
 0.42000E+02, 0.14000E+02, 0.17016E+03, 0.29266E+00, 0.61223E-02
 0.43000E+02, 0.14000E+02, 0.17773E+03, 0.27161E+00, 0.67095E-02
 0.44000E+02, 0.14000E+02, 0.15759E+03, 0.31133E+00, 0.55921E-02
 0.45000E+02, 0.14000E+02, 0.16166E+03, 0.30057E+00, 0.58469E-02
 0.46000E+02, 0.14000E+02, 0.16328E+03, 0.29033E+00, 0.60757E-02
 0.47000E+02, 0.14000E+02, 0.16660E+03, 0.28286E+00, 0.62837E-02
 0.48000E+02, 0.14000E+02, 0.17025E+03, 0.27871E+00, 0.64301E-02
 0.49000E+02, 0.14000E+02, 0.17169E+03, 0.27126E+00, 0.66282E-02
 0.50000E+02, 0.14000E+02, 0.15132E+03, 0.29147E+00, 0.58863E-02
 0.51000E+02, 0.14000E+02, 0.13738E+03, 0.32150E+00, 0.51612E-02
 0.52000E+02, 0.14000E+02, 0.13685E+03, 0.33063E+00, 0.50122E-02
 0.53000E+02, 0.14000E+02, 0.13262E+03, 0.33987E+00, 0.48255E-02
 0.54000E+02, 0.14000E+02, 0.13744E+03, 0.31945E+00, 0.51949E-02
 0.55000E+02, 0.14000E+02, 0.13721E+03, 0.31458E+00, 0.52725E-02
 0.56000E+02, 0.14000E+02, 0.14267E+03, 0.29509E+00, 0.56956E-02
 0.57000E+02, 0.14000E+02, 0.14516E+03, 0.28818E+00, 0.58671E-02
 0.58000E+02, 0.14000E+02, 0.14897E+03, 0.27714E+00, 0.61563E-02
 0.59000E+02, 0.14000E+02, 0.14841E+03, 0.27729E+00, 0.61446E-02
 0.60000E+02, 0.14000E+02, 0.15565E+03, 0.25287E+00, 0.68538E-02
 0.61000E+02, 0.14000E+02, 0.16487E+03, 0.21408E+00, 0.82696E-02
 0.62000E+02, 0.14000E+02, 0.16062E+03, 0.22398E+00, 0.78275E-02
 0.63000E+02, 0.14000E+02, 0.14862E+03, 0.26107E+00, 0.65297E-02
 0.64000E+02, 0.14000E+02, 0.13378E+03, 0.28021E+00, 0.58696E-02
 0.65000E+02, 0.14000E+02, 0.14804E+03, 0.24775E+00, 0.68715E-02
 0.00000E+00, 0.15000E+02, 0.68566E+02, 0.57816E+00, 0.23889E-02
 0.10000E+01, 0.15000E+02, 0.78380E+02, 0.48769E+00, 0.29134E-02
 0.20000E+01, 0.15000E+02, 0.76212E+02, 0.51825E+00, 0.27247E-02
 0.30000E+01, 0.15000E+02, 0.72007E+02, 0.57219E+00, 0.24381E-02
 0.40000E+01, 0.15000E+02, 0.79043E+02, 0.56005E+00, 0.25417E-02
 0.50000E+01, 0.15000E+02, 0.87654E+02, 0.50872E+00, 0.28666E-02
 0.60000E+01, 0.15000E+02, 0.88244E+02, 0.48171E+00, 0.30323E-02
 0.70000E+01, 0.15000E+02, 0.88033E+02, 0.46674E+00, 0.31277E-02
 0.80000E+01, 0.15000E+02, 0.22000E+02, 0.30000E+02, 0.00000E+00
 0.90000E+01, 0.15000E+02, 0.59316E+03, 0.17232E+00, 0.20320E-01
 0.10000E+02, 0.15000E+02, 0.43997E+03, 0.21876E+00, 0.13176E-01
 0.11000E+02, 0.15000E+02, 0.41754E+03, 0.27759E+00, 0.10057E-01
 0.12000E+02, 0.15000E+02, 0.47862E+03, 0.26297E+00, 0.11555E-01
 0.13000E+02, 0.15000E+02, 0.37277E+03, 0.27575E+00, 0.94675E-02
 0.14000E+02, 0.15000E+02, 0.30539E+03, 0.23067E+00, 0.10137E-01
 0.15000E+02, 0.15000E+02, 0.31365E+03, 0.27348E+00, 0.86725E-02
 0.16000E+02, 0.15000E+02, 0.31434E+03, 0.31837E+00, 0.74585E-02
 0.17000E+02, 0.15000E+02, 0.30359E+03, 0.31358E+00, 0.74338E-02
 0.18000E+02, 0.15000E+02, 0.37001E+03, 0.32752E+00, 0.79371E-02
 0.19000E+02, 0.15000E+02, 0.35550E+03, 0.32725E+00, 0.77644E-02
 0.20000E+02, 0.15000E+02, 0.32870E+03, 0.31229E+00, 0.77895E-02
 0.21000E+02, 0.15000E+02, 0.26567E+03, 0.34032E+00, 0.63994E-02
 0.22000E+02, 0.15000E+02, 0.29174E+03, 0.30988E+00, 0.73679E-02
 0.23000E+02, 0.15000E+02, 0.31365E+03, 0.28968E+00, 0.81876E-02
 0.24000E+02, 0.15000E+02, 0.31304E+03, 0.26584E+00, 0.89125E-02
 0.25000E+02, 0.15000E+02, 0.32046E+03, 0.25021E+00, 0.95891E-02
 0.26000E+02, 0.15000E+02, 0.31968E+03, 0.25238E+00, 0.94939E-02
 0.27000E+02, 0.15000E+02, 0.28672E+03, 0.25583E+00, 0.88454E-02
 0.28000E+02, 0.15000E+02, 0.20978E+03, 0.29148E+00, 0.66967E-02
 0.29000E+02, 0.15000E+02, 0.20949E+03, 0.29430E+00, 0.66286E-02
 0.30000E+02, 0.15000E+02, 0.22108E+03, 0.27570E+00, 0.72456E-02
 0.31000E+02, 0.15000E+02, 0.23456E+03, 0.26086E+00, 0.78666E-02
 0.32000E+02, 0.15000E+02, 0.21896E+03, 0.27086E+00, 0.73433E-02
 0.33000E+02, 0.15000E+02, 0.20802E+03, 0.28888E+00, 0.67323E-02
 0.34000E+02, 0.15000E+02, 0.20212E+03, 0.29336E+00, 0.65481E-02
 0.35000E+02, 0.15000E+02, 0.20761E+03, 0.27859E+00, 0.69750E-02
 0.36000E+02, 0.15000E+02, 0.19846E+03, 0.28286E+00, 0.67390E-02
 0.37000E+02, 0.15000E+02, 0.20731E+03, 0.26479E+00, 0.73340E-02
 0.38000E+02, 0.15000E+02, 0.20218E+03, 0.26239E+00, 0.73218E-02
 0.39000E+02, 0.15000E+02, 0.16762E+03, 0.31710E+00, 0.56180E-02
 0.40000E+02, 0.15000E+02, 0.17621E+03, 0.30063E+00, 0.60415E-02
 0.41000E+02, 0.15000E+02, 0.16995E+03, 0.30301E+00, 0.59104E-02
 0.42000E+02, 0.15000E+02, 0.17482E+03, 0.28430E+00, 0.63686E-02
 0.43000E+02, 0.15000E+02, 0.17242E+03, 0.28749E+00, 0.62642E-02
 0.44000E+02, 0.15000E+02, 0.16968E+03, 0.29193E+00, 0.61311E-02
 0.45000E+02, 0.15000E+02, 0.16654E+03, 0.29387E+00, 0.60474E-02
 0.46000E+02, 0.15000E+02, 0.15152E+03, 0.32214E+00, 0.53283E-02
 0.47000E+02, 0.15000E+02, 0.14683E+03, 0.33299E+00, 0.50977E-02
 0.48000E+02, 0.15000E+02, 0.16166E+03, 0.30027E+00, 0.58529E-02
 0.49000E+02, 0.15000E+02, 0.17393E+03, 0.27043E+00, 0.66821E-02
 0.50000E+02, 0.15000E+02, 0.16718E+03, 0.27516E+00, 0.64681E-02
 0.51000E+02, 0.15000E+02, 0.15274E+03, 0.29578E+00, 0.58197E-02
 0.52000E+02, 0.15000E+02, 0.14443E+03, 0.31942E+00, 0.52838E-02
 0.53000E+02, 0.15000E+02, 0.13798E+03, 0.32395E+00, 0.51296E-02
 0.54000E+02, 0.15000E+02, 0.13840E+03, 0.31721E+00, 0.52438E-02
 0.55000E+02, 0.15000E+02, 0.14419E+03, 0.29675E+00, 0.56844E-02
 0.56000E+02, 0.15000E+02, 0.14661E+03, 0.28639E+00, 0.59241E-02
 0.57000E+02, 0.15000E+02, 0.14718E+03, 0.28508E+00, 0.59594E-02
 0.58000E+02, 0.15000E+02, 0.15047E+03, 0.27317E+00, 0.62679E-02
 0.59000E+02, 0.15000E+02, 0.15056E+03, 0.27182E+00, 0.63004E-02
 0.60000E+02, 0.15000E+02, 0.15301E+03, 0.26202E+00, 0.65737E-02
 0.61000E+02, 0.15000E+02, 0.15789E+03, 0.23764E+00, 0.73310E-02
 0.62000E+02, 0.15000E+02, 0.15494E+03, 0.24479E+00, 0.70684E-02
 0.63000E+02, 0.15000E+02, 0.13694E+03, 0.28964E+00, 0.57227E-02
 0.64000E+02, 0.15000E+02, 0.13597E+03, 0.29008E+00, 0.57004E-02
 0.65000E+02, 0.15000E+02, 0.14450E+03, 0.25514E+00, 0.66161E-02
 0.00000E+00, 0.16000E+02, 0.82666E+02, 0.55908E+00, 0.25724E-02
 0.10000E+01, 0.16000E+02, 0.87212E+02, 0.52802E+00, 0.27585E-02
 0.20000E+01, 0.16000E+02, 0.96409E+02, 0.46504E+00, 0.32119E-02
 0.30000E+01, 0.16000E+02, 0.95220E+02, 0.48659E+00, 0.30598E-02
 0.40000E+01, 0.16000E+02, 0.10671E+03, 0.41706E+00, 0.36813E-02
 0.50000E+01, 0.16000E+02, 0.12144E+03, 0.35601E+00, 0.44798E-02
 0.60000E+01, 0.16000E+02, 0.14971E+03, 0.31410E+00, 0.54414E-02
 0.70000E+01, 0.16000E+02, 0.22691E+03, 0.23331E+00, 0.86631E-02
 0.80000E+01, 0.16000E+02, 0.22000E+02, 0.30000E+02, 0.00000E+00
 0.90000E+01, 0.16000E+02, 0.58493E+03, 0.16684E+00, 0.20788E-01
 0.10000E+02, 0.16000E+02, 0.49722E+03, 0.22423E+00, 0.13886E-01
 0.11000E+02, 0.16000E+02, 0.41867E+03, 0.29953E+00, 0.93353E-02
 0.12000E+02, 0.16000E+02, 0.50177E+03, 0.29650E+00, 0.10564E-01
 0.13000E+02, 0.16000E+02, 0.38668E+03, 0.30824E+00, 0.86523E-02
 0.14000E+02, 0.16000E+02, 0.33696E+03, 0.34694E+00, 0.71078E-02
 0.15000E+02, 0.16000E+02, 0.32521E+03, 0.38241E+00, 0.63243E-02
 0.16000E+02, 0.16000E+02, 0.32516E+03, 0.39693E+00, 0.60925E-02
 0.17000E+02, 0.16000E+02, 0.35397E+03, 0.38796E+00, 0.65334E-02
 0.18000E+02, 0.16000E+02, 0.69304E+03, 0.25651E+00, 0.15224E-01
 0.19000E+02, 0.16000E+02, 0.36547E+03, 0.33906E+00, 0.76127E-02
 0.20000E+02, 0.16000E+02, 0.30843E+03, 0.32726E+00, 0.71828E-02
 0.21000E+02, 0.16000E+02, 0.24850E+03, 0.36481E+00, 0.57794E-02
 0.22000E+02, 0.16000E+02, 0.26430E+03, 0.35619E+00, 0.60987E-02
 0.23000E+02, 0.16000E+02, 0.26970E+03, 0.32686E+00, 0.67127E-02
 0.24000E+02, 0.16000E+02, 0.28463E+03, 0.30408E+00, 0.74140E-02
 0.25000E+02, 0.16000E+02, 0.29999E+03, 0.29124E+00, 0.79542E-02
 0.26000E+02, 0.16000E+02, 0.28753E+03, 0.28648E+00, 0.79104E-02
 0.27000E+02, 0.16000E+02, 0.24642E+03, 0.28613E+00, 0.73392E-02
 0.28000E+02, 0.16000E+02, 0.20806E+03, 0.30667E+00, 0.63422E-02
 0.29000E+02, 0.16000E+02, 0.20988E+03, 0.30149E+00, 0.64756E-02
 0.30000E+02, 0.16000E+02, 0.21283E+03, 0.29242E+00, 0.67171E-02
 0.31000E+02, 0.16000E+02, 0.22666E+03, 0.27403E+00, 0.73721E-02
 0.32000E+02, 0.16000E+02, 0.22299E+03, 0.27439E+00, 0.73083E-02
 0.33000E+02, 0.16000E+02, 0.22356E+03, 0.27179E+00, 0.73866E-02
 0.34000E+02, 0.16000E+02, 0.20293E+03, 0.29767E+00, 0.64644E-02
 0.35000E+02, 0.16000E+02, 0.20505E+03, 0.28927E+00, 0.66817E-02
 0.36000E+02, 0.16000E+02, 0.20028E+03, 0.28785E+00, 0.66478E-02
 0.37000E+02, 0.16000E+02, 0.20915E+03, 0.26901E+00, 0.72464E-02
 0.38000E+02, 0.16000E+02, 0.20380E+03, 0.26519E+00, 0.72695E-02
 0.39000E+02, 0.16000E+02, 0.17422E+03, 0.30054E+00, 0.60164E-02
 0.40000E+02, 0.16000E+02, 0.18175E+03, 0.28883E+00, 0.63659E-02
 0.41000E+02, 0.16000E+02, 0.18851E+03, 0.27340E+00, 0.68248E-02
 0.42000E+02, 0.16000E+02, 0.19149E+03, 0.26467E+00, 0.70956E-02
 0.43000E+02, 0.16000E+02, 0.18501E+03, 0.27552E+00, 0.67211E-02
 0.44000E+02, 0.16000E+02, 0.17498E+03, 0.28786E+00, 0.62922E-02
 0.45000E+02, 0.16000E+02, 0.17507E+03, 0.28246E+00, 0.64138E-02
 0.46000E+02, 0.16000E+02, 0.17317E+03, 0.27777E+00, 0.64945E-02
 0.47000E+02, 0.16000E+02, 0.16441E+03, 0.28816E+00, 0.61375E-02
 0.48000E+02, 0.16000E+02, 0.16562E+03, 0.28793E+00, 0.61593E-02
 0.49000E+02, 0.16000E+02, 0.17330E+03, 0.26853E+00, 0.67197E-02
 0.50000E+02, 0.16000E+02, 0.16286E+03, 0.28096E+00, 0.62724E-02
 0.51000E+02, 0.16000E+02, 0.15326E+03, 0.30262E+00, 0.56952E-02
 0.52000E+02, 0.16000E+02, 0.15135E+03, 0.30488E+00, 0.56276E-02
 0.53000E+02, 0.16000E+02, 0.15085E+03, 0.30182E+00, 0.56782E-02
 0.54000E+02, 0.16000E+02, 0.15288E+03, 0.29481E+00, 0.58409E-02
 0.55000E+02, 0.16000E+02, 0.15863E+03, 0.27271E+00, 0.63993E-02
 0.56000E+02, 0.16000E+02, 0.15847E+03, 0.26401E+00, 0.66079E-02
 0.57000E+02, 0.16000E+02, 0.15227E+03, 0.26990E+00, 0.63708E-02
 0.58000E+02, 0.16000E+02, 0.15104E+03, 0.26745E+00, 0.64107E-02
 0.59000E+02, 0.16000E+02, 0.15425E+03, 0.25357E+00, 0.68127E-02
 0.60000E+02, 0.16000E+02, 0.15703E+03, 0.24829E+00, 0.70029E-02
 0.61000E+02, 0.16000E+02, 0.15763E+03, 0.24765E+00, 0.70307E-02
 0.62000E+02, 0.16000E+02, 0.15513E+03, 0.24508E+00, 0.70632E-02
 0.63000E+02, 0.16000E+02, 0.12347E+03, 0.30580E+00, 0.52421E-02
 0.64000E+02, 0.16000E+02, 0.11944E+03, 0.31458E+00, 0.50440E-02
 0.65000E+02, 0.16000E+02, 0.13310E+03, 0.29343E+00, 0.55959E-02
 0.00000E+00, 0.17000E+02, 0.87189E+02, 0.52927E+00, 0.27518E-02
 0.10000E+01, 0.17000E+02, 0.86879E+02, 0.53766E+00, 0.27065E-02
 0.20000E+01, 0.17000E+02, 0.10468E+03, 0.44608E+00, 0.34234E-02
 0.30000E+01, 0.17000E+02, 0.10254E+03, 0.46081E+00, 0.32952E-02
 0.40000E+01, 0.17000E+02, 0.11190E+03, 0.40414E+00, 0.38510E-02
 0.50000E+01, 0.17000E+02, 0.13181E+03, 0.32715E+00, 0.50031E-02
 0.60000E+01, 0.17000E+02, 0.14520E+03, 0.30113E+00, 0.56151E-02
 0.70000E+01, 0.17000E+02, 0.14995E+03, 0.29453E+00, 0.58061E-02
 0.80000E+01, 0.17000E+02, 0.22000E+02, 0.30000E+02, 0.00000E+00
 0.90000E+01, 0.17000E+02, 0.58883E+03, 0.15656E+00, 0.22253E-01
 0.10000E+02, 0.17000E+02, 0.62052E+03, 0.18644E+00, 0.19373E-01
 0.11000E+02, 0.17000E+02, 0.47183E+03, 0.26588E+00, 0.11325E-01
 0.12000E+02, 0.17000E+02, 0.45140E+03, 0.33829E+00, 0.86568E-02
 0.13000E+02, 0.17000E+02, 0.31919E+03, 0.36251E+00, 0.66044E-02
 0.14000E+02, 0.17000E+02, 0.38851E+03, 0.38579E+00, 0.69321E-02
 0.15000E+02, 0.17000E+02, 0.45207E+03, 0.38502E+00, 0.76131E-02
 0.16000E+02, 0.17000E+02, 0.68214E+03, 0.35482E+00, 0.10882E-01
 0.17000E+02, 0.17000E+02, 0.78038E+03, 0.24262E+00, 0.17551E-01
 0.18000E+02, 0.17000E+02, 0.85823E+03, 0.19604E+00, 0.23326E-01
 0.19000E+02, 0.17000E+02, 0.59049E+03, 0.29813E+00, 0.11708E-01
 0.20000E+02, 0.17000E+02, 0.34051E+03, 0.34955E+00, 0.70958E-02
 0.21000E+02, 0.17000E+02, 0.35054E+03, 0.31589E+00, 0.79801E-02
 0.22000E+02, 0.17000E+02, 0.24918E+03, 0.39520E+00, 0.53420E-02
 0.23000E+02, 0.17000E+02, 0.25771E+03, 0.37514E+00, 0.57196E-02
 0.24000E+02, 0.17000E+02, 0.27275E+03, 0.35433E+00, 0.62271E-02
 0.25000E+02, 0.17000E+02, 0.27784E+03, 0.34462E+00, 0.64621E-02
 0.26000E+02, 0.17000E+02, 0.28923E+03, 0.30887E+00, 0.73592E-02
 0.27000E+02, 0.17000E+02, 0.25967E+03, 0.30504E+00, 0.70599E-02
 0.28000E+02, 0.17000E+02, 0.24440E+03, 0.30505E+00, 0.68575E-02
 0.29000E+02, 0.17000E+02, 0.23008E+03, 0.30439E+00, 0.66821E-02
 0.30000E+02, 0.17000E+02, 0.22634E+03, 0.29400E+00, 0.68668E-02
 0.31000E+02, 0.17000E+02, 0.23335E+03, 0.28004E+00, 0.73103E-02
 0.32000E+02, 0.17000E+02, 0.22194E+03, 0.28620E+00, 0.69918E-02
 0.33000E+02, 0.17000E+02, 0.21791E+03, 0.28728E+00, 0.69090E-02
 0.34000E+02, 0.17000E+02, 0.22202E+03, 0.27355E+00, 0.73163E-02
 0.35000E+02, 0.17000E+02, 0.20609E+03, 0.27584E+00, 0.70222E-02
 0.36000E+02, 0.17000E+02, 0.21152E+03, 0.25735E+00, 0.76118E-02
 0.37000E+02, 0.17000E+02, 0.22326E+03, 0.24293E+00, 0.82592E-02
 0.38000E+02, 0.17000E+02, 0.22024E+03, 0.24492E+00, 0.81422E-02
 0.39000E+02, 0.17000E+02, 0.20016E+03, 0.26147E+00, 0.73164E-02
 0.40000E+02, 0.17000E+02, 0.17808E+03, 0.28766E+00, 0.63401E-02
 0.41000E+02, 0.17000E+02, 0.18673E+03, 0.26667E+00, 0.69704E-02
 0.42000E+02, 0.17000E+02, 0.19789E+03, 0.24592E+00, 0.77418E-02
 0.43000E+02, 0.17000E+02, 0.18761E+03, 0.25782E+00, 0.72233E-02
 0.44000E+02, 0.17000E+02, 0.17793E+03, 0.27169E+00, 0.67104E-02
 0.45000E+02, 0.17000E+02, 0.18146E+03, 0.26497E+00, 0.69345E-02
 0.46000E+02, 0.17000E+02, 0.17765E+03, 0.26361E+00, 0.69119E-02
 0.47000E+02, 0.17000E+02, 0.17296E+03, 0.26591E+00, 0.67808E-02
 0.48000E+02, 0.17000E+02, 0.16498E+03, 0.27923E+00, 0.63420E-02
 0.49000E+02, 0.17000E+02, 0.15944E+03, 0.28274E+00, 0.61838E-02
 0.50000E+02, 0.17000E+02, 0.15742E+03, 0.28073E+00, 0.61991E-02
 0.51000E+02, 0.17000E+02, 0.15735E+03, 0.27781E+00, 0.62634E-02
 0.52000E+02, 0.17000E+02, 0.16244E+03, 0.26302E+00, 0.66937E-02
 0.53000E+02, 0.17000E+02, 0.16052E+03, 0.26221E+00, 0.66848E-02
 0.54000E+02, 0.17000E+02, 0.15982E+03, 0.27232E+00, 0.64261E-02
 0.55000E+02, 0.17000E+02, 0.16155E+03, 0.26964E+00, 0.65161E-02
 0.56000E+02, 0.17000E+02, 0.15998E+03, 0.26820E+00, 0.65272E-02
 0.57000E+02, 0.17000E+02, 0.15835E+03, 0.26016E+00, 0.67037E-02
 0.58000E+02, 0.17000E+02, 0.16045E+03, 0.24826E+00, 0.70594E-02
 0.59000E+02, 0.17000E+02, 0.16369E+03, 0.23174E+00, 0.76191E-02
 0.60000E+02, 0.17000E+02, 0.15943E+03, 0.23294E+00, 0.75057E-02
 0.61000E+02, 0.17000E+02, 0.14563E+03, 0.22339E+00, 0.75771E-02
 0.62000E+02, 0.17000E+02, 0.13334E+03, 0.22556E+00, 0.72840E-02
 0.63000E+02, 0.17000E+02, 0.13267E+03, 0.23337E+00, 0.70284E-02
 0.64000E+02, 0.17000E+02, 0.11799E+03, 0.30275E+00, 0.52218E-02
 0.65000E+02, 0.17000E+02, 0.12790E+03, 0.29071E+00, 0.55759E-02
 0.00000E+00, 0.18000E+02, 0.90271E+02, 0.50323E+00, 0.29189E-02
 0.10000E+01, 0.18000E+02, 0.91991E+02, 0.48754E+00, 0.30271E-02
 0.20000E+01, 0.18000E+02, 0.11153E+03, 0.40009E+00, 0.38862E-02
 0.30000E+01, 0.18000E+02, 0.11253E+03, 0.40945E+00, 0.38072E-02
 0.40000E+01, 0.18000E+02, 0.11377E+03, 0.40566E+00, 0.38551E-02
 0.50000E+01, 0.18000E+02, 0.12412E+03, 0.35953E+00, 0.44662E-02
 0.60000E+01, 0.18000E+02, 0.12070E+03, 0.37163E+00, 0.42835E-02
 0.70000E+01, 0.18000E+02, 0.10755E+03, 0.40763E+00, 0.37748E-02
 0.80000E+01, 0.18000E+02, 0.22000E+02, 0.30000E+02, 0.00000E+00
 0.90000E+01, 0.18000E+02, 0.61420E+03, 0.15561E+00, 0.23048E-01
 0.10000E+02, 0.18000E+02, 0.67257E+03, 0.17562E+00, 0.21765E-01
 0.11000E+02, 0.18000E+02, 0.62040E+03, 0.23951E+00, 0.15079E-01
 0.12000E+02, 0.18000E+02, 0.48624E+03, 0.33814E+00, 0.90771E-02
 0.13000E+02, 0.18000E+02, 0.43014E+03, 0.45842E+00, 0.62007E-02
 0.14000E+02, 0.18000E+02, 0.71697E+03, 0.31416E+00, 0.12738E-01
 0.15000E+02, 0.18000E+02, 0.89896E+03, 0.31442E+00, 0.15067E-01
 0.16000E+02, 0.18000E+02, 0.10122E+04, 0.23394E+00, 0.22207E-01
 0.17000E+02, 0.18000E+02, 0.95007E+03, 0.19573E+00, 0.25260E-01
 0.18000E+02, 0.18000E+02, 0.86301E+03, 0.17955E+00, 0.25575E-01
 0.19000E+02, 0.18000E+02, 0.54802E+03, 0.30342E+00, 0.10939E-01
 0.20000E+02, 0.18000E+02, 0.32549E+03, 0.42598E+00, 0.56801E-02
 0.21000E+02, 0.18000E+02, 0.27310E+03, 0.43982E+00, 0.50199E-02
 0.22000E+02, 0.18000E+02, 0.25276E+03, 0.46155E+00, 0.46054E-02
 0.23000E+02, 0.18000E+02, 0.27781E+03, 0.40019E+00, 0.55645E-02
 0.24000E+02, 0.18000E+02, 0.26077E+03, 0.40515E+00, 0.53264E-02
 0.25000E+02, 0.18000E+02, 0.29952E+03, 0.34270E+00, 0.67541E-02
 0.26000E+02, 0.18000E+02, 0.28937E+03, 0.32023E+00, 0.70999E-02
 0.27000E+02, 0.18000E+02, 0.27967E+03, 0.31921E+00, 0.69999E-02
 0.28000E+02, 0.18000E+02, 0.25790E+03, 0.31218E+00, 0.68755E-02
 0.29000E+02, 0.18000E+02, 0.24821E+03, 0.27882E+00, 0.75577E-02
 0.30000E+02, 0.18000E+02, 0.24159E+03, 0.27443E+00, 0.75812E-02
 0.31000E+02, 0.18000E+02, 0.26828E+03, 0.24561E+00, 0.89098E-02
 0.32000E+02, 0.18000E+02, 0.26513E+03, 0.24948E+00, 0.87207E-02
 0.33000E+02, 0.18000E+02, 0.24813E+03, 0.25629E+00, 0.82210E-02
 0.34000E+02, 0.18000E+02, 0.23666E+03, 0.25547E+00, 0.80658E-02
 0.35000E+02, 0.18000E+02, 0.21627E+03, 0.25318E+00, 0.78132E-02
 0.36000E+02, 0.18000E+02, 0.21847E+03, 0.23744E+00, 0.83686E-02
 0.37000E+02, 0.18000E+02, 0.21718E+03, 0.23277E+00, 0.85139E-02
 0.38000E+02, 0.18000E+02, 0.19926E+03, 0.25495E+00, 0.74893E-02
 0.39000E+02, 0.18000E+02, 0.18855E+03, 0.26054E+00, 0.71625E-02
 0.40000E+02, 0.18000E+02, 0.19146E+03, 0.23521E+00, 0.79839E-02
 0.41000E+02, 0.18000E+02, 0.21187E+03, 0.20039E+00, 0.97828E-02
 0.42000E+02, 0.18000E+02, 0.20520E+03, 0.20301E+00, 0.95236E-02
 0.43000E+02, 0.18000E+02, 0.18550E+03, 0.22906E+00, 0.80931E-02
 0.44000E+02, 0.18000E+02, 0.19338E+03, 0.21828E+00, 0.86386E-02
 0.45000E+02, 0.18000E+02, 0.19375E+03, 0.21894E+00, 0.86195E-02
 0.46000E+02, 0.18000E+02, 0.17691E+03, 0.23583E+00, 0.77132E-02
 0.47000E+02, 0.18000E+02, 0.16525E+03, 0.24469E+00, 0.72414E-02
 0.48000E+02, 0.18000E+02, 0.16126E+03, 0.25438E+00, 0.69022E-02
 0.49000E+02, 0.18000E+02, 0.15360E+03, 0.27808E+00, 0.62026E-02
 0.50000E+02, 0.18000E+02, 0.14745E+03, 0.28509E+00, 0.59631E-02
 0.51000E+02, 0.18000E+02, 0.14898E+03, 0.27591E+00, 0.61838E-02
 0.52000E+02, 0.18000E+02, 0.15812E+03, 0.25539E+00, 0.68254E-02
 0.53000E+02, 0.18000E+02, 0.15766E+03, 0.23806E+00, 0.73143E-02
 0.54000E+02, 0.18000E+02, 0.16390E+03, 0.21779E+00, 0.81108E-02
 0.55000E+02, 0.18000E+02, 0.16306E+03, 0.23983E+00, 0.73514E-02
 0.56000E+02, 0.18000E+02, 0.15944E+03, 0.23600E+00, 0.74087E-02
 0.57000E+02, 0.18000E+02, 0.15597E+03, 0.22739E+00, 0.76275E-02
 0.58000E+02, 0.18000E+02, 0.15856E+03, 0.23097E+00, 0.75547E-02
 0.59000E+02, 0.18000E+02, 0.15923E+03, 0.21980E+00, 0.79510E-02
 0.60000E+02, 0.18000E+02, 0.14498E+03, 0.20919E+00, 0.80787E-02
 0.61000E+02, 0.18000E+02, 0.11035E+03, 0.24035E+00, 0.64492E-02
 0.62000E+02, 0.18000E+02, 0.10586E+03, 0.26120E+00, 0.58648E-02
 0.63000E+02, 0.18000E+02, 0.10722E+03, 0.26755E+00, 0.57460E-02
 0.64000E+02, 0.18000E+02, 0.11750E+03, 0.25929E+00, 0.60895E-02
 0.65000E+02, 0.18000E+02, 0.13130E+03, 0.26957E+00, 0.60641E-02
 0.00000E+00, 0.19000E+02, 0.88144E+02, 0.49351E+00, 0.29590E-02
 0.10000E+01, 0.19000E+02, 0.96548E+02, 0.44133E+00, 0.33858E-02
 0.20000E+01, 0.19000E+02, 0.10374E+03, 0.40073E+00, 0.38014E-02
 0.30000E+01, 0.19000E+02, 0.10851E+03, 0.38120E+00, 0.40467E-02
 0.40000E+01, 0.19000E+02, 0.11934E+03, 0.38034E+00, 0.41709E-02
 0.50000E+01, 0.19000E+02, 0.11894E+03, 0.37793E+00, 0.41932E-02
 0.60000E+01, 0.19000E+02, 0.11480E+03, 0.38660E+00, 0.40560E-02
 0.70000E+01, 0.19000E+02, 0.10736E+03, 0.40063E+00, 0.38388E-02
 0.80000E+01, 0.19000E+02, 0.22000E+02, 0.30000E+02, 0.00000E+00
 0.90000E+01, 0.19000E+02, 0.57592E+03, 0.18321E+00, 0.18731E-01
 0.10000E+02, 0.19000E+02, 0.68798E+03, 0.17582E+00, 0.22095E-01
 0.11000E+02, 0.19000E+02, 0.69454E+03, 0.19588E+00, 0.19967E-01
 0.12000E+02, 0.19000E+02, 0.48897E+03, 0.33507E+00, 0.91931E-02
 0.13000E+02, 0.19000E+02, 0.49889E+03, 0.44088E+00, 0.70778E-02
 0.14000E+02, 0.19000E+02, 0.93981E+03, 0.20282E+00, 0.24172E-01
 0.15000E+02, 0.19000E+02, 0.10392E+04, 0.18335E+00, 0.28931E-01
 0.16000E+02, 0.19000E+02, 0.10334E+04, 0.18467E+00, 0.28595E-01
 0.17000E+02, 0.19000E+02, 0.97362E+03, 0.22273E+00, 0.22625E-01
 0.18000E+02, 0.19000E+02, 0.85931E+03, 0.17481E+00, 0.26183E-01
 0.19000E+02, 0.19000E+02, 0.37494E+03, 0.26366E+00, 0.99350E-02
 0.20000E+02, 0.19000E+02, 0.35038E+03, 0.26953E+00, 0.93505E-02
 0.21000E+02, 0.19000E+02, 0.36352E+03, 0.25647E+00, 0.10033E-01
 0.22000E+02, 0.19000E+02, 0.35118E+03, 0.24949E+00, 0.10115E-01
 0.23000E+02, 0.19000E+02, 0.33263E+03, 0.25488E+00, 0.96062E-02
 0.24000E+02, 0.19000E+02, 0.34078E+03, 0.24604E+00, 0.10085E-01
 0.25000E+02, 0.19000E+02, 0.34623E+03, 0.23525E+00, 0.10642E-01
 0.26000E+02, 0.19000E+02, 0.34953E+03, 0.21295E+00, 0.11818E-01
 0.27000E+02, 0.19000E+02, 0.34624E+03, 0.18182E+00, 0.13769E-01
 0.28000E+02, 0.19000E+02, 0.32506E+03, 0.18480E+00, 0.13084E-01
 0.29000E+02, 0.19000E+02, 0.29479E+03, 0.19574E+00, 0.11727E-01
 0.30000E+02, 0.19000E+02, 0.23601E+02, 0.30000E+02, 0.63769E-07
 0.31000E+02, 0.19000E+02, 0.23731E+02, 0.30000E+02, 0.61148E-06
 0.32000E+02, 0.19000E+02, 0.23231E+02, 0.30000E+02, 0.21809E-05
 0.33000E+02, 0.19000E+02, 0.23149E+02, 0.30000E+02, 0.14699E-05
 0.34000E+02, 0.19000E+02, 0.22635E+02, 0.30000E+02, 0.88169E-06
 0.35000E+02, 0.19000E+02, 0.22860E+02, 0.30000E+02, 0.38410E-04
 0.36000E+02, 0.19000E+02, 0.25999E+02, 0.59743E+01, 0.20239E-03
 0.37000E+02, 0.19000E+02, 0.36821E+02, 0.17712E+01, 0.70735E-03
 0.38000E+02, 0.19000E+02, 0.47521E+02, 0.10839E+01, 0.11957E-02
 0.39000E+02, 0.19000E+02, 0.29672E+02, 0.33882E+01, 0.36123E-03
 0.40000E+02, 0.19000E+02, 0.23079E+02, 0.30000E+02, 0.32770E-04
 0.41000E+02, 0.19000E+02, 0.27525E+02, 0.57053E+01, 0.21301E-03
 0.42000E+02, 0.19000E+02, 0.27523E+02, 0.56586E+01, 0.21476E-03
 0.43000E+02, 0.19000E+02, 0.27744E+02, 0.52332E+01, 0.23239E-03
 0.44000E+02, 0.19000E+02, 0.23147E+02, 0.30000E+02, 0.30811E-04
 0.45000E+02, 0.19000E+02, 0.32711E+02, 0.24916E+01, 0.49616E-03
 0.46000E+02, 0.19000E+02, 0.54985E+02, 0.83518E+00, 0.15880E-02
 0.47000E+02, 0.19000E+02, 0.36691E+02, 0.16473E+01, 0.76024E-03
 0.48000E+02, 0.19000E+02, 0.22349E+02, 0.30000E+02, 0.91131E-29
 0.49000E+02, 0.19000E+02, 0.22293E+02, 0.30000E+02, 0.18888E-25
 0.50000E+02, 0.19000E+02, 0.22407E+02, 0.30000E+02, 0.15941E-22
 0.51000E+02, 0.19000E+02, 0.22397E+02, 0.30000E+02, 0.23244E-20
 0.52000E+02, 0.19000E+02, 0.22517E+02, 0.30000E+02, 0.37239E-17
 0.53000E+02, 0.19000E+02, 0.22512E+02, 0.30000E+02, 0.56714E-12
 0.54000E+02, 0.19000E+02, 0.22094E+02, 0.30000E+02, 0.38272E-07
 0.55000E+02, 0.19000E+02, 0.22330E+02, 0.30000E+02, 0.10990E-04
 0.56000E+02, 0.19000E+02, 0.31089E+02, 0.19266E+01, 0.63825E-03
 0.57000E+02, 0.19000E+02, 0.44031E+02, 0.88823E+00, 0.14433E-02
 0.58000E+02, 0.19000E+02, 0.58037E+02, 0.62347E+00, 0.21470E-02
 0.59000E+02, 0.19000E+02, 0.22000E+02, 0.30000E+02, 0.00000E+00
 0.60000E+02, 0.19000E+02, 0.10685E+03, 0.24244E+00, 0.63353E-02
 0.61000E+02, 0.19000E+02, 0.10234E+03, 0.26932E+00, 0.56352E-02
 0.62000E+02, 0.19000E+02, 0.94708E+02, 0.31226E+00, 0.47615E-02
 0.63000E+02, 0.19000E+02, 0.89222E+02, 0.34652E+00, 0.42268E-02
 0.64000E+02, 0.19000E+02, 0.10939E+03, 0.27874E+00, 0.55471E-02
 0.65000E+02, 0.19000E+02, 0.12396E+03, 0.28153E+00, 0.57012E-02
 0.00000E+00, 0.20000E+02, 0.79332E+02, 0.90668E+00, 0.15713E-02
 0.10000E+01, 0.20000E+02, 0.95970E+02, 0.72599E+00, 0.20550E-02
 0.20000E+01, 0.20000E+02, 0.10997E+03, 0.61840E+00, 0.25041E-02
 0.30000E+01, 0.20000E+02, 0.97179E+02, 0.70028E+00, 0.21374E-02
 0.40000E+01, 0.20000E+02, 0.11315E+03, 0.58845E+00, 0.26533E-02
 0.50000E+01, 0.20000E+02, 0.14068E+03, 0.51536E+00, 0.32455E-02
 0.60000E+01, 0.20000E+02, 0.18670E+03, 0.42920E+00, 0.43305E-02
 0.70000E+01, 0.20000E+02, 0.21720E+03, 0.38099E+00, 0.52020E-02
 0.80000E+01, 0.20000E+02, 0.22000E+02, 0.30000E+02, 0.00000E+00
 0.90000E+01, 0.20000E+02, 0.53890E+03, 0.23195E+00, 0.14151E-01
 0.10000E+02, 0.20000E+02, 0.68691E+03, 0.19224E+00, 0.20186E-01
 0.11000E+02, 0.20000E+02, 0.77132E+03, 0.14416E+00, 0.29284E-01
 0.12000E+02, 0.20000E+02, 0.75945E+03, 0.30186E+00, 0.13826E-01
 0.13000E+02, 0.20000E+02, 0.82891E+03, 0.31171E+00, 0.14290E-01
 0.14000E+02, 0.20000E+02, 0.95052E+03, 0.31135E+00, 0.15885E-01
 0.15000E+02, 0.20000E+02, 0.10803E+04, 0.21703E+00, 0.25207E-01
 0.16000E+02, 0.20000E+02, 0.10250E+04, 0.20914E+00, 0.25087E-01
 0.17000E+02, 0.20000E+02, 0.94485E+03, 0.24239E+00, 0.20310E-01
 0.18000E+02, 0.20000E+02, 0.81202E+03, 0.16778E+00, 0.26142E-01
 0.19000E+02, 0.20000E+02, 0.30580E+03, 0.33036E+00, 0.70833E-02
 0.20000E+02, 0.20000E+02, 0.24721E+03, 0.31624E+00, 0.66505E-02
 0.21000E+02, 0.20000E+02, 0.24277E+03, 0.31364E+00, 0.66486E-02
 0.22000E+02, 0.20000E+02, 0.26257E+03, 0.30109E+00, 0.71914E-02
 0.23000E+02, 0.20000E+02, 0.28530E+03, 0.29040E+00, 0.77726E-02
 0.24000E+02, 0.20000E+02, 0.29106E+03, 0.27754E+00, 0.82167E-02
 0.25000E+02, 0.20000E+02, 0.29728E+03, 0.25252E+00, 0.91303E-02
 0.26000E+02, 0.20000E+02, 0.28907E+03, 0.22803E+00, 0.99651E-02
 0.27000E+02, 0.20000E+02, 0.30932E+03, 0.22126E+00, 0.10640E-01
 0.28000E+02, 0.20000E+02, 0.30927E+03, 0.21540E+00, 0.10929E-01
 0.29000E+02, 0.20000E+02, 0.28851E+03, 0.19264E+00, 0.11784E-01
 0.30000E+02, 0.20000E+02, 0.23121E+02, 0.30000E+02, 0.35404E-08
 0.31000E+02, 0.20000E+02, 0.23141E+02, 0.30000E+02, 0.24841E-05
 0.32000E+02, 0.20000E+02, 0.23114E+02, 0.30000E+02, 0.66541E-05
 0.33000E+02, 0.20000E+02, 0.22522E+02, 0.30000E+02, 0.39573E-05
 0.34000E+02, 0.20000E+02, 0.22039E+02, 0.30000E+02, 0.41830E-05
 0.35000E+02, 0.20000E+02, 0.21928E+02, 0.30000E+02, 0.76502E-05
 0.36000E+02, 0.20000E+02, 0.22567E+02, 0.28425E+02, 0.42048E-04
 0.37000E+02, 0.20000E+02, 0.26353E+02, 0.53633E+01, 0.22571E-03
 0.38000E+02, 0.20000E+02, 0.29606E+02, 0.32747E+01, 0.37368E-03
 0.39000E+02, 0.20000E+02, 0.26029E+02, 0.67239E+01, 0.17984E-03
 0.40000E+02, 0.20000E+02, 0.23908E+02, 0.18681E+02, 0.64272E-04
 0.41000E+02, 0.20000E+02, 0.26267E+02, 0.72447E+01, 0.16705E-03
 0.42000E+02, 0.20000E+02, 0.26746E+02, 0.57976E+01, 0.20907E-03
 0.43000E+02, 0.20000E+02, 0.27155E+02, 0.50243E+01, 0.24158E-03
 0.44000E+02, 0.20000E+02, 0.23420E+02, 0.17226E+02, 0.69587E-04
 0.45000E+02, 0.20000E+02, 0.23572E+02, 0.15823E+02, 0.75795E-04
 0.46000E+02, 0.20000E+02, 0.26886E+02, 0.43453E+01, 0.27908E-03
 0.47000E+02, 0.20000E+02, 0.29082E+02, 0.27903E+01, 0.43779E-03
 0.48000E+02, 0.20000E+02, 0.22062E+02, 0.30000E+02, 0.76277E-29
 0.49000E+02, 0.20000E+02, 0.22099E+02, 0.30000E+02, 0.23031E-25
 0.50000E+02, 0.20000E+02, 0.22168E+02, 0.30000E+02, 0.12092E-22
 0.51000E+02, 0.20000E+02, 0.22241E+02, 0.30000E+02, 0.56832E-20
 0.52000E+02, 0.20000E+02, 0.22049E+02, 0.30000E+02, 0.46970E-14
 0.53000E+02, 0.20000E+02, 0.21975E+02, 0.30000E+02, 0.15202E-08
 0.54000E+02, 0.20000E+02, 0.21992E+02, 0.30000E+02, 0.38714E-07
 0.55000E+02, 0.20000E+02, 0.22124E+02, 0.30000E+02, 0.37141E-05
 0.56000E+02, 0.20000E+02, 0.28194E+02, 0.28883E+01, 0.42169E-03
 0.57000E+02, 0.20000E+02, 0.32408E+02, 0.16316E+01, 0.75694E-03
 0.58000E+02, 0.20000E+02, 0.35549E+02, 0.11449E+01, 0.10898E-02
 0.59000E+02, 0.20000E+02, 0.22000E+02, 0.30000E+02, 0.00000E+00
 0.60000E+02, 0.20000E+02, 0.10503E+03, 0.26472E+00, 0.57741E-02
 0.61000E+02, 0.20000E+02, 0.12430E+03, 0.20600E+00, 0.77984E-02
 0.62000E+02, 0.20000E+02, 0.12425E+03, 0.21686E+00, 0.74066E-02
 0.63000E+02, 0.20000E+02, 0.98417E+02, 0.31563E+00, 0.47581E-02
 0.64000E+02, 0.20000E+02, 0.12018E+03, 0.30049E+00, 0.52906E-02
 0.65000E+02, 0.20000E+02, 0.13574E+03, 0.25882E+00, 0.63852E-02
 0.00000E+00, 0.21000E+02, 0.83918E+02, 0.86032E+00, 0.16775E-02
 0.10000E+01, 0.21000E+02, 0.10879E+03, 0.62997E+00, 0.24505E-02
 0.20000E+01, 0.21000E+02, 0.11750E+03, 0.57115E+00, 0.27645E-02
 0.30000E+01, 0.21000E+02, 0.10835E+03, 0.62337E+00, 0.24736E-02
 0.40000E+01, 0.21000E+02, 0.12912E+03, 0.52429E+00, 0.31011E-02
 0.50000E+01, 0.21000E+02, 0.14858E+03, 0.47382E+00, 0.35974E-02
 0.60000E+01, 0.21000E+02, 0.17606E+03, 0.42205E+00, 0.43020E-02
 0.70000E+01, 0.21000E+02, 0.10977E+03, 0.67998E+00, 0.22761E-02
 0.80000E+01, 0.21000E+02, 0.22000E+02, 0.30000E+02, 0.00000E+00
 0.90000E+01, 0.21000E+02, 0.69581E+03, 0.24321E+00, 0.16103E-01
 0.10000E+02, 0.21000E+02, 0.72151E+03, 0.26304E+00, 0.15284E-01
 0.11000E+02, 0.21000E+02, 0.80402E+03, 0.13949E+00, 0.31212E-01
 0.12000E+02, 0.21000E+02, 0.79529E+03, 0.18873E+00, 0.22882E-01
 0.13000E+02, 0.21000E+02, 0.95893E+03, 0.30020E+00, 0.16589E-01
 0.14000E+02, 0.21000E+02, 0.10959E+04, 0.19947E+00, 0.27742E-01
 0.15000E+02, 0.21000E+02, 0.10804E+04, 0.22769E+00, 0.24026E-01
 0.16000E+02, 0.21000E+02, 0.10073E+04, 0.22518E+00, 0.22983E-01
 0.17000E+02, 0.21000E+02, 0.91390E+03, 0.25072E+00, 0.19136E-01
 0.18000E+02, 0.21000E+02, 0.77863E+03, 0.16121E+00, 0.26370E-01
 0.19000E+02, 0.21000E+02, 0.35405E+03, 0.31158E+00, 0.81362E-02
 0.20000E+02, 0.21000E+02, 0.28131E+03, 0.29790E+00, 0.75227E-02
 0.21000E+02, 0.21000E+02, 0.24801E+03, 0.29665E+00, 0.71009E-02
 0.22000E+02, 0.21000E+02, 0.25376E+03, 0.28068E+00, 0.75875E-02
 0.23000E+02, 0.21000E+02, 0.26214E+03, 0.28353E+00, 0.76308E-02
 0.24000E+02, 0.21000E+02, 0.26845E+03, 0.27284E+00, 0.80231E-02
 0.25000E+02, 0.21000E+02, 0.26223E+03, 0.26222E+00, 0.82525E-02
 0.26000E+02, 0.21000E+02, 0.27953E+03, 0.25231E+00, 0.88536E-02
 0.27000E+02, 0.21000E+02, 0.29169E+03, 0.23738E+00, 0.96174E-02
 0.28000E+02, 0.21000E+02, 0.29953E+03, 0.22848E+00, 0.10131E-01
 0.29000E+02, 0.21000E+02, 0.28919E+03, 0.19552E+00, 0.11625E-01
 0.30000E+02, 0.21000E+02, 0.22702E+02, 0.30000E+02, 0.23434E-10
 0.31000E+02, 0.21000E+02, 0.23109E+02, 0.30000E+02, 0.74695E-06
 0.32000E+02, 0.21000E+02, 0.23330E+02, 0.30000E+02, 0.86040E-05
 0.33000E+02, 0.21000E+02, 0.22759E+02, 0.30000E+02, 0.48942E-05
 0.34000E+02, 0.21000E+02, 0.22335E+02, 0.30000E+02, 0.41814E-05
 0.35000E+02, 0.21000E+02, 0.22578E+02, 0.30000E+02, 0.11718E-04
 0.36000E+02, 0.21000E+02, 0.22201E+02, 0.30000E+02, 0.13667E-04
 0.37000E+02, 0.21000E+02, 0.21551E+02, 0.30000E+02, 0.83063E-05
 0.38000E+02, 0.21000E+02, 0.22206E+02, 0.30000E+02, 0.17883E-04
 0.39000E+02, 0.21000E+02, 0.22802E+02, 0.30000E+02, 0.14317E-04
 0.40000E+02, 0.21000E+02, 0.26134E+02, 0.77289E+01, 0.15651E-03
 0.41000E+02, 0.21000E+02, 0.27058E+02, 0.57751E+01, 0.21011E-03
 0.42000E+02, 0.21000E+02, 0.27551E+02, 0.49787E+01, 0.24412E-03
 0.43000E+02, 0.21000E+02, 0.26326E+02, 0.58581E+01, 0.20662E-03
 0.44000E+02, 0.21000E+02, 0.24342E+02, 0.14095E+02, 0.85305E-04
 0.45000E+02, 0.21000E+02, 0.23670E+02, 0.18088E+02, 0.66325E-04
 0.46000E+02, 0.21000E+02, 0.24675E+02, 0.74418E+01, 0.16176E-03
 0.47000E+02, 0.21000E+02, 0.29042E+02, 0.29170E+01, 0.41872E-03
 0.48000E+02, 0.21000E+02, 0.22064E+02, 0.30000E+02, 0.72126E-28
 0.49000E+02, 0.21000E+02, 0.22140E+02, 0.30000E+02, 0.16644E-24
 0.50000E+02, 0.21000E+02, 0.22212E+02, 0.30000E+02, 0.72473E-22
 0.51000E+02, 0.21000E+02, 0.22201E+02, 0.30000E+02, 0.19548E-18
 0.52000E+02, 0.21000E+02, 0.22079E+02, 0.30000E+02, 0.35138E-13
 0.53000E+02, 0.21000E+02, 0.21971E+02, 0.30000E+02, 0.19145E-08
 0.54000E+02, 0.21000E+02, 0.21995E+02, 0.30000E+02, 0.35724E-07
 0.55000E+02, 0.21000E+02, 0.22222E+02, 0.30000E+02, 0.79452E-05
 0.56000E+02, 0.21000E+02, 0.34057E+02, 0.14479E+01, 0.85757E-03
 0.57000E+02, 0.21000E+02, 0.33996E+02, 0.14004E+01, 0.88650E-03
 0.58000E+02, 0.21000E+02, 0.45441E+02, 0.68100E+00, 0.18909E-02
 0.59000E+02, 0.21000E+02, 0.22000E+02, 0.30000E+02, 0.00000E+00
 0.60000E+02, 0.21000E+02, 0.11300E+03, 0.24565E+00, 0.63534E-02
 0.61000E+02, 0.21000E+02, 0.12754E+03, 0.20509E+00, 0.78967E-02
 0.62000E+02, 0.21000E+02, 0.13819E+03, 0.18973E+00, 0.87629E-02
 0.63000E+02, 0.21000E+02, 0.10995E+03, 0.27379E+00, 0.56555E-02
 0.64000E+02, 0.21000E+02, 0.10419E+03, 0.30193E+00, 0.50512E-02
 0.65000E+02, 0.21000E+02, 0.13046E+03, 0.26114E+00, 0.62468E-02
 0.00000E+00, 0.22000E+02, 0.86422E+02, 0.83805E+00, 0.17342E-02
 0.10000E+01, 0.22000E+02, 0.10692E+03, 0.65657E+00, 0.23397E-02
 0.20000E+01, 0.22000E+02, 0.13432E+03, 0.50203E+00, 0.32805E-02
 0.30000E+01, 0.22000E+02, 0.12411E+03, 0.54104E+00, 0.29677E-02
 0.40000E+01, 0.22000E+02, 0.12632E+03, 0.52194E+00, 0.30934E-02
 0.50000E+01, 0.22000E+02, 0.14635E+03, 0.45400E+00, 0.37346E-02
 0.60000E+01, 0.22000E+02, 0.16632E+03, 0.41389E+00, 0.42917E-02
 0.70000E+01, 0.22000E+02, 0.11598E+03, 0.61799E+00, 0.25450E-02
 0.80000E+01, 0.22000E+02, 0.22000E+02, 0.30000E+02, 0.00000E+00
 0.90000E+01, 0.22000E+02, 0.86091E+03, 0.24652E+00, 0.18593E-01
 0.10000E+02, 0.22000E+02, 0.90581E+03, 0.27186E+00, 0.17528E-01
 0.11000E+02, 0.22000E+02, 0.92135E+03, 0.21286E+00, 0.22682E-01
 0.12000E+02, 0.22000E+02, 0.90049E+03, 0.20154E+00, 0.23537E-01
 0.13000E+02, 0.22000E+02, 0.10242E+04, 0.22929E+00, 0.22869E-01
 0.14000E+02, 0.22000E+02, 0.11045E+04, 0.19393E+00, 0.28712E-01
 0.15000E+02, 0.22000E+02, 0.10468E+04, 0.29869E+00, 0.17861E-01
 0.16000E+02, 0.22000E+02, 0.96097E+03, 0.27168E+00, 0.18360E-01
 0.17000E+02, 0.22000E+02, 0.88600E+03, 0.25298E+00, 0.18520E-01
 0.18000E+02, 0.22000E+02, 0.75426E+03, 0.15436E+00, 0.26902E-01
 0.19000E+02, 0.22000E+02, 0.33043E+03, 0.33363E+00, 0.73122E-02
 0.20000E+02, 0.22000E+02, 0.30155E+03, 0.29895E+00, 0.77699E-02
 0.21000E+02, 0.22000E+02, 0.26550E+03, 0.26843E+00, 0.81108E-02
 0.22000E+02, 0.22000E+02, 0.26922E+03, 0.24952E+00, 0.87858E-02
 0.23000E+02, 0.22000E+02, 0.26762E+03, 0.24389E+00, 0.89619E-02
 0.24000E+02, 0.22000E+02, 0.28369E+03, 0.23519E+00, 0.95697E-02
 0.25000E+02, 0.22000E+02, 0.29283E+03, 0.22971E+00, 0.99588E-02
 0.26000E+02, 0.22000E+02, 0.29232E+03, 0.22355E+00, 0.10224E-01
 0.27000E+02, 0.22000E+02, 0.29383E+03, 0.21921E+00, 0.10454E-01
 0.28000E+02, 0.22000E+02, 0.29902E+03, 0.21705E+00, 0.10655E-01
 0.29000E+02, 0.22000E+02, 0.27357E+03, 0.19320E+00, 0.11438E-01
 0.30000E+02, 0.22000E+02, 0.22566E+02, 0.30000E+02, 0.38919E-13
 0.31000E+02, 0.22000E+02, 0.22665E+02, 0.30000E+02, 0.33579E-08
 0.32000E+02, 0.22000E+02, 0.23109E+02, 0.30000E+02, 0.35694E-05
 0.33000E+02, 0.22000E+02, 0.23346E+02, 0.30000E+02, 0.82208E-05
 0.34000E+02, 0.22000E+02, 0.22858E+02, 0.30000E+02, 0.62347E-05
 0.35000E+02, 0.22000E+02, 0.22425E+02, 0.30000E+02, 0.10456E-04
 0.36000E+02, 0.22000E+02, 0.21568E+02, 0.30000E+02, 0.48374E-05
 0.37000E+02, 0.22000E+02, 0.21790E+02, 0.30000E+02, 0.42647E-05
 0.38000E+02, 0.22000E+02, 0.22284E+02, 0.30000E+02, 0.47344E-05
 0.39000E+02, 0.22000E+02, 0.22749E+02, 0.30000E+02, 0.44210E-05
 0.40000E+02, 0.22000E+02, 0.24744E+02, 0.18755E+02, 0.64198E-04
 0.41000E+02, 0.22000E+02, 0.26855E+02, 0.63120E+01, 0.19211E-03
 0.42000E+02, 0.22000E+02, 0.27092E+02, 0.53543E+01, 0.22664E-03
 0.43000E+02, 0.22000E+02, 0.26070E+02, 0.70854E+01, 0.17069E-03
 0.44000E+02, 0.22000E+02, 0.24512E+02, 0.20082E+02, 0.59909E-04
 0.45000E+02, 0.22000E+02, 0.24639E+02, 0.14053E+02, 0.85650E-04
 0.46000E+02, 0.22000E+02, 0.24304E+02, 0.86635E+01, 0.13877E-03
 0.47000E+02, 0.22000E+02, 0.22712E+02, 0.10880E+02, 0.10991E-03
 0.48000E+02, 0.22000E+02, 0.22005E+02, 0.30000E+02, 0.91031E-28
 0.49000E+02, 0.22000E+02, 0.22076E+02, 0.30000E+02, 0.17319E-24
 0.50000E+02, 0.22000E+02, 0.22136E+02, 0.30000E+02, 0.78189E-22
 0.51000E+02, 0.22000E+02, 0.22124E+02, 0.30000E+02, 0.70399E-19
 0.52000E+02, 0.22000E+02, 0.22015E+02, 0.30000E+02, 0.65635E-14
 0.53000E+02, 0.22000E+02, 0.21971E+02, 0.30000E+02, 0.17364E-10
 0.54000E+02, 0.22000E+02, 0.21971E+02, 0.30000E+02, 0.24274E-08
 0.55000E+02, 0.22000E+02, 0.22008E+02, 0.30000E+02, 0.65062E-06
 0.56000E+02, 0.22000E+02, 0.25921E+02, 0.44160E+01, 0.27373E-03
 0.57000E+02, 0.22000E+02, 0.27474E+02, 0.31035E+01, 0.39152E-03
 0.58000E+02, 0.22000E+02, 0.46835E+02, 0.67367E+00, 0.19198E-02
 0.59000E+02, 0.22000E+02, 0.22000E+02, 0.30000E+02, 0.00000E+00
 0.60000E+02, 0.22000E+02, 0.11091E+03, 0.24918E+00, 0.62296E-02
 0.61000E+02, 0.22000E+02, 0.12952E+03, 0.20367E+00, 0.79910E-02
 0.62000E+02, 0.22000E+02, 0.13912E+03, 0.19078E+00, 0.87346E-02
 0.63000E+02, 0.22000E+02, 0.13684E+03, 0.20226E+00, 0.81931E-02
 0.64000E+02, 0.22000E+02, 0.12971E+03, 0.21912E+00, 0.74311E-02
 0.65000E+02, 0.22000E+02, 0.11701E+03, 0.27891E+00, 0.56540E-02
 0.00000E+00, 0.23000E+02, 0.90147E+02, 0.78218E+00, 0.18773E-02
 0.10000E+01, 0.23000E+02, 0.92245E+02, 0.81378E+00, 0.18148E-02
 0.20000E+01, 0.23000E+02, 0.13207E+03, 0.54180E+00, 0.30229E-02
 0.30000E+01, 0.23000E+02, 0.13290E+03, 0.51926E+00, 0.31606E-02
 0.40000E+01, 0.23000E+02, 0.12331E+03, 0.55369E+00, 0.28941E-02
 0.50000E+01, 0.23000E+02, 0.12218E+03, 0.54473E+00, 0.29333E-02
 0.60000E+01, 0.23000E+02, 0.12788E+03, 0.51163E+00, 0.31681E-02
 0.70000E+01, 0.23000E+02, 0.13062E+03, 0.51918E+00, 0.31434E-02
 0.80000E+01, 0.23000E+02, 0.22000E+02, 0.30000E+02, 0.00000E+00
 0.90000E+01, 0.23000E+02, 0.98166E+03, 0.19106E+00, 0.26545E-01
 0.10000E+02, 0.23000E+02, 0.10294E+04, 0.18284E+00, 0.28793E-01
 0.11000E+02, 0.23000E+02, 0.10981E+04, 0.20357E+00, 0.27225E-01
 0.12000E+02, 0.23000E+02, 0.10551E+04, 0.23077E+00, 0.23264E-01
 0.13000E+02, 0.23000E+02, 0.10794E+04, 0.20771E+00, 0.26320E-01
 0.14000E+02, 0.23000E+02, 0.10976E+04, 0.19464E+00, 0.28464E-01
 0.15000E+02, 0.23000E+02, 0.10069E+04, 0.25873E+00, 0.19996E-01
 0.16000E+02, 0.23000E+02, 0.89986E+03, 0.30517E+00, 0.15536E-01
 0.17000E+02, 0.23000E+02, 0.86127E+03, 0.21124E+00, 0.21706E-01
 0.18000E+02, 0.23000E+02, 0.74200E+03, 0.15066E+00, 0.27234E-01
 0.19000E+02, 0.23000E+02, 0.42031E+03, 0.32762E+00, 0.85551E-02
 0.20000E+02, 0.23000E+02, 0.30442E+03, 0.31202E+00, 0.74817E-02
 0.21000E+02, 0.23000E+02, 0.30885E+03, 0.28262E+00, 0.83233E-02
 0.22000E+02, 0.23000E+02, 0.30049E+03, 0.25386E+00, 0.91334E-02
 0.23000E+02, 0.23000E+02, 0.30216E+03, 0.23910E+00, 0.97251E-02
 0.24000E+02, 0.23000E+02, 0.30800E+03, 0.23053E+00, 0.10189E-01
 0.25000E+02, 0.23000E+02, 0.30773E+03, 0.22762E+00, 0.10315E-01
 0.26000E+02, 0.23000E+02, 0.30914E+03, 0.21713E+00, 0.10839E-01
 0.27000E+02, 0.23000E+02, 0.30263E+03, 0.20684E+00, 0.11251E-01
 0.28000E+02, 0.23000E+02, 0.28346E+03, 0.20530E+00, 0.10958E-01
 0.29000E+02, 0.23000E+02, 0.27270E+03, 0.20642E+00, 0.10688E-01
 0.30000E+02, 0.23000E+02, 0.22652E+02, 0.30000E+02, 0.54073E-17
 0.31000E+02, 0.23000E+02, 0.22703E+02, 0.30000E+02, 0.13346E-12
 0.32000E+02, 0.23000E+02, 0.22633E+02, 0.30000E+02, 0.54726E-08
 0.33000E+02, 0.23000E+02, 0.23165E+02, 0.30000E+02, 0.35249E-05
 0.34000E+02, 0.23000E+02, 0.23301E+02, 0.30000E+02, 0.48431E-05
 0.35000E+02, 0.23000E+02, 0.22915E+02, 0.30000E+02, 0.52937E-05
 0.36000E+02, 0.23000E+02, 0.22608E+02, 0.30000E+02, 0.50030E-05
 0.37000E+02, 0.23000E+02, 0.22715E+02, 0.30000E+02, 0.48250E-05
 0.38000E+02, 0.23000E+02, 0.22619E+02, 0.30000E+02, 0.35359E-05
 0.39000E+02, 0.23000E+02, 0.23179E+02, 0.30000E+02, 0.40593E-05
 0.40000E+02, 0.23000E+02, 0.25010E+02, 0.18150E+02, 0.66397E-04
 0.41000E+02, 0.23000E+02, 0.26594E+02, 0.65172E+01, 0.18589E-03
 0.42000E+02, 0.23000E+02, 0.26528E+02, 0.65536E+01, 0.18482E-03
 0.43000E+02, 0.23000E+02, 0.24368E+02, 0.30000E+02, 0.33624E-04
 0.44000E+02, 0.23000E+02, 0.24482E+02, 0.30000E+02, 0.36746E-04
 0.45000E+02, 0.23000E+02, 0.24806E+02, 0.12276E+02, 0.98103E-04
 0.46000E+02, 0.23000E+02, 0.23391E+02, 0.13050E+02, 0.91847E-04
 0.47000E+02, 0.23000E+02, 0.23124E+02, 0.94344E+01, 0.12693E-03
 0.48000E+02, 0.23000E+02, 0.21968E+02, 0.30000E+02, 0.16144E-29
 0.49000E+02, 0.23000E+02, 0.22014E+02, 0.30000E+02, 0.21138E-26
 0.50000E+02, 0.23000E+02, 0.22068E+02, 0.30000E+02, 0.98107E-24
 0.51000E+02, 0.23000E+02, 0.22075E+02, 0.30000E+02, 0.19521E-21
 0.52000E+02, 0.23000E+02, 0.21986E+02, 0.30000E+02, 0.10623E-19
 0.53000E+02, 0.23000E+02, 0.21968E+02, 0.30000E+02, 0.11947E-15
 0.54000E+02, 0.23000E+02, 0.21966E+02, 0.30000E+02, 0.48946E-12
 0.55000E+02, 0.23000E+02, 0.21978E+02, 0.30000E+02, 0.10495E-07
 0.56000E+02, 0.23000E+02, 0.23407E+02, 0.12307E+02, 0.97396E-04
 0.57000E+02, 0.23000E+02, 0.24691E+02, 0.63771E+01, 0.18877E-03
 0.58000E+02, 0.23000E+02, 0.49369E+02, 0.63489E+00, 0.20532E-02
 0.59000E+02, 0.23000E+02, 0.22000E+02, 0.30000E+02, 0.00000E+00
 0.60000E+02, 0.23000E+02, 0.11167E+03, 0.23362E+00, 0.66576E-02
 0.61000E+02, 0.23000E+02, 0.12216E+03, 0.21464E+00, 0.74442E-02
 0.62000E+02, 0.23000E+02, 0.13174E+03, 0.20580E+00, 0.79516E-02
 0.63000E+02, 0.23000E+02, 0.14200E+03, 0.18652E+00, 0.89963E-02
 0.64000E+02, 0.23000E+02, 0.14685E+03, 0.18134E+00, 0.93614E-02
 0.65000E+02, 0.23000E+02, 0.14231E+03, 0.18990E+00, 0.88427E-02
 0.00000E+00, 0.24000E+02, 0.90800E+02, 0.74893E+00, 0.19642E-02
 0.10000E+01, 0.24000E+02, 0.93437E+02, 0.76786E+00, 0.19296E-02
 0.20000E+01, 0.24000E+02, 0.98094E+02, 0.75412E+00, 0.19897E-02
 0.30000E+01, 0.24000E+02, 0.11621E+03, 0.65088E+00, 0.24178E-02
 0.40000E+01, 0.24000E+02, 0.11910E+03, 0.63209E+00, 0.25082E-02
 0.50000E+01, 0.24000E+02, 0.11472E+03, 0.64929E+00, 0.24145E-02
 0.60000E+01, 0.24000E+02, 0.11934E+03, 0.61295E+00, 0.25881E-02
 0.70000E+01, 0.24000E+02, 0.11467E+03, 0.61905E+00, 0.25321E-02
 0.80000E+01, 0.24000E+02, 0.22000E+02, 0.30000E+02, 0.00000E+00
 0.90000E+01, 0.24000E+02, 0.99223E+03, 0.16894E+00, 0.30273E-01
 0.10000E+02, 0.24000E+02, 0.10654E+04, 0.18225E+00, 0.29685E-01
 0.11000E+02, 0.24000E+02, 0.10339E+04, 0.46200E+00, 0.11435E-01
 0.12000E+02, 0.24000E+02, 0.10377E+04, 0.45642E+00, 0.11608E-01
 0.13000E+02, 0.24000E+02, 0.10331E+04, 0.27710E+00, 0.19053E-01
 0.14000E+02, 0.24000E+02, 0.10339E+04, 0.21567E+00, 0.24495E-01
 0.15000E+02, 0.24000E+02, 0.91267E+03, 0.34865E+00, 0.13747E-01
 0.16000E+02, 0.24000E+02, 0.88109E+03, 0.31876E+00, 0.14636E-01
 0.17000E+02, 0.24000E+02, 0.81877E+03, 0.25634E+00, 0.17217E-01
 0.18000E+02, 0.24000E+02, 0.71264E+03, 0.18622E+00, 0.21396E-01
 0.19000E+02, 0.24000E+02, 0.76000E+03, 0.21811E+00, 0.19145E-01
 0.20000E+02, 0.24000E+02, 0.28839E+03, 0.31527E+00, 0.71989E-02
 0.21000E+02, 0.24000E+02, 0.31070E+03, 0.29777E+00, 0.79249E-02
 0.22000E+02, 0.24000E+02, 0.28158E+03, 0.28283E+00, 0.79275E-02
 0.23000E+02, 0.24000E+02, 0.29181E+03, 0.26999E+00, 0.84576E-02
 0.24000E+02, 0.24000E+02, 0.29690E+03, 0.25417E+00, 0.90647E-02
 0.25000E+02, 0.24000E+02, 0.29392E+03, 0.23766E+00, 0.96440E-02
 0.26000E+02, 0.24000E+02, 0.29847E+03, 0.23120E+00, 0.99930E-02
 0.27000E+02, 0.24000E+02, 0.30714E+03, 0.21613E+00, 0.10852E-01
 0.28000E+02, 0.24000E+02, 0.29151E+03, 0.21421E+00, 0.10654E-01
 0.29000E+02, 0.24000E+02, 0.29131E+03, 0.20276E+00, 0.11252E-01
 0.30000E+02, 0.24000E+02, 0.23010E+02, 0.30000E+02, 0.40914E-20
 0.31000E+02, 0.24000E+02, 0.23121E+02, 0.30000E+02, 0.11942E-15
 0.32000E+02, 0.24000E+02, 0.22598E+02, 0.30000E+02, 0.16101E-10
 0.33000E+02, 0.24000E+02, 0.22974E+02, 0.30000E+02, 0.19728E-06
 0.34000E+02, 0.24000E+02, 0.23598E+02, 0.30000E+02, 0.28899E-05
 0.35000E+02, 0.24000E+02, 0.23652E+02, 0.30000E+02, 0.42350E-05
 0.36000E+02, 0.24000E+02, 0.23707E+02, 0.30000E+02, 0.77307E-05
 0.37000E+02, 0.24000E+02, 0.23463E+02, 0.30000E+02, 0.58334E-05
 0.38000E+02, 0.24000E+02, 0.23154E+02, 0.30000E+02, 0.43593E-05
 0.39000E+02, 0.24000E+02, 0.23430E+02, 0.30000E+02, 0.24346E-05
 0.40000E+02, 0.24000E+02, 0.24133E+02, 0.30000E+02, 0.13881E-04
 0.41000E+02, 0.24000E+02, 0.24458E+02, 0.28843E+02, 0.41704E-04
 0.42000E+02, 0.24000E+02, 0.24301E+02, 0.24693E+02, 0.48688E-04
 0.43000E+02, 0.24000E+02, 0.24412E+02, 0.30000E+02, 0.31583E-04
 0.44000E+02, 0.24000E+02, 0.25261E+02, 0.18958E+02, 0.63622E-04
 0.45000E+02, 0.24000E+02, 0.25232E+02, 0.12045E+02, 0.10013E-03
 0.46000E+02, 0.24000E+02, 0.23538E+02, 0.12403E+02, 0.96683E-04
 0.47000E+02, 0.24000E+02, 0.23603E+02, 0.10624E+02, 0.11290E-03
 0.48000E+02, 0.24000E+02, 0.21958E+02, 0.30000E+02, 0.24002E-32
 0.49000E+02, 0.24000E+02, 0.21980E+02, 0.30000E+02, 0.78941E-29
 0.50000E+02, 0.24000E+02, 0.22053E+02, 0.30000E+02, 0.55026E-26
 0.51000E+02, 0.24000E+02, 0.22080E+02, 0.30000E+02, 0.70266E-24
 0.52000E+02, 0.24000E+02, 0.21993E+02, 0.30000E+02, 0.33878E-22
 0.53000E+02, 0.24000E+02, 0.21967E+02, 0.30000E+02, 0.87751E-21
 0.54000E+02, 0.24000E+02, 0.21967E+02, 0.30000E+02, 0.81712E-17
 0.55000E+02, 0.24000E+02, 0.21973E+02, 0.30000E+02, 0.98871E-13
 0.56000E+02, 0.24000E+02, 0.21993E+02, 0.30000E+02, 0.90242E-07
 0.57000E+02, 0.24000E+02, 0.22746E+02, 0.22978E+02, 0.52047E-04
 0.58000E+02, 0.24000E+02, 0.33816E+02, 0.14263E+01, 0.86990E-03
 0.59000E+02, 0.24000E+02, 0.22000E+02, 0.30000E+02, 0.00000E+00
 0.60000E+02, 0.24000E+02, 0.11711E+03, 0.20360E+00, 0.77472E-02
 0.61000E+02, 0.24000E+02, 0.11837E+03, 0.20842E+00, 0.75926E-02
 0.62000E+02, 0.24000E+02, 0.12380E+03, 0.22729E+00, 0.70588E-02
 0.63000E+02, 0.24000E+02, 0.13531E+03, 0.19749E+00, 0.83595E-02
 0.64000E+02, 0.24000E+02, 0.14281E+03, 0.18565E+00, 0.90561E-02
 0.65000E+02, 0.24000E+02, 0.14003E+03, 0.19292E+00, 0.86568E-02
 0.00000E+00, 0.25000E+02, 0.81281E+02, 0.80008E+00, 0.17905E-02
 0.10000E+01, 0.25000E+02, 0.94575E+02, 0.69064E+00, 0.21520E-02
 0.20000E+01, 0.25000E+02, 0.99249E+02, 0.67799E+00, 0.22201E-02
 0.30000E+01, 0.25000E+02, 0.97850E+02, 0.69710E+00, 0.21511E-02
 0.40000E+01, 0.25000E+02, 0.96782E+02, 0.71284E+00, 0.20975E-02
 0.50000E+01, 0.25000E+02, 0.99271E+02, 0.71051E+00, 0.21186E-02
 0.60000E+01, 0.25000E+02, 0.95644E+02, 0.71977E+00, 0.20710E-02
 0.70000E+01, 0.25000E+02, 0.90826E+02, 0.75008E+00, 0.19613E-02
 0.80000E+01, 0.25000E+02, 0.22000E+02, 0.30000E+02, 0.00000E+00
 0.90000E+01, 0.25000E+02, 0.99041E+03, 0.16075E+00, 0.31770E-01
 0.10000E+02, 0.25000E+02, 0.10656E+04, 0.23449E+00, 0.23075E-01
 0.11000E+02, 0.25000E+02, 0.94797E+03, 0.21431E+01, 0.23030E-02
 0.12000E+02, 0.25000E+02, 0.93692E+03, 0.12830E+01, 0.38120E-02
 0.13000E+02, 0.25000E+02, 0.93726E+03, 0.15328E+01, 0.31916E-02
 0.14000E+02, 0.25000E+02, 0.95778E+03, 0.29621E+00, 0.16796E-01
 0.15000E+02, 0.25000E+02, 0.81390E+03, 0.45373E+00, 0.96835E-02
 0.16000E+02, 0.25000E+02, 0.84801E+03, 0.25851E+00, 0.17529E-01
 0.17000E+02, 0.25000E+02, 0.80012E+03, 0.21352E+00, 0.20317E-01
 0.18000E+02, 0.25000E+02, 0.69308E+03, 0.22638E+00, 0.17251E-01
 0.19000E+02, 0.25000E+02, 0.39217E+03, 0.31545E+00, 0.85247E-02
 0.20000E+02, 0.25000E+02, 0.28296E+03, 0.34004E+00, 0.66102E-02
 0.21000E+02, 0.25000E+02, 0.25076E+03, 0.30223E+00, 0.70063E-02
 0.22000E+02, 0.25000E+02, 0.26554E+03, 0.28780E+00, 0.75652E-02
 0.23000E+02, 0.25000E+02, 0.27045E+03, 0.27523E+00, 0.79830E-02
 0.24000E+02, 0.25000E+02, 0.29216E+03, 0.25650E+00, 0.89079E-02
 0.25000E+02, 0.25000E+02, 0.29478E+03, 0.23575E+00, 0.97370E-02
 0.26000E+02, 0.25000E+02, 0.30955E+03, 0.21517E+00, 0.10946E-01
 0.27000E+02, 0.25000E+02, 0.31481E+03, 0.20170E+00, 0.11782E-01
 0.28000E+02, 0.25000E+02, 0.33642E+03, 0.18373E+00, 0.13410E-01
 0.29000E+02, 0.25000E+02, 0.30872E+03, 0.18406E+00, 0.12777E-01
 0.30000E+02, 0.25000E+02, 0.22738E+02, 0.30000E+02, 0.69589E-23
 0.31000E+02, 0.25000E+02, 0.23023E+02, 0.30000E+02, 0.34358E-19
 0.32000E+02, 0.25000E+02, 0.22695E+02, 0.30000E+02, 0.21526E-14
 0.33000E+02, 0.25000E+02, 0.22676E+02, 0.30000E+02, 0.98221E-10
 0.34000E+02, 0.25000E+02, 0.23203E+02, 0.30000E+02, 0.10228E-06
 0.35000E+02, 0.25000E+02, 0.23498E+02, 0.30000E+02, 0.54754E-06
 0.36000E+02, 0.25000E+02, 0.23722E+02, 0.30000E+02, 0.12920E-05
 0.37000E+02, 0.25000E+02, 0.23645E+02, 0.30000E+02, 0.28425E-05
 0.38000E+02, 0.25000E+02, 0.23399E+02, 0.30000E+02, 0.53504E-05
 0.39000E+02, 0.25000E+02, 0.23585E+02, 0.30000E+02, 0.30786E-05
 0.40000E+02, 0.25000E+02, 0.24150E+02, 0.30000E+02, 0.59406E-05
 0.41000E+02, 0.25000E+02, 0.25550E+02, 0.12017E+02, 0.10046E-03
 0.42000E+02, 0.25000E+02, 0.25695E+02, 0.90051E+01, 0.13413E-03
 0.43000E+02, 0.25000E+02, 0.25456E+02, 0.12004E+02, 0.10054E-03
 0.44000E+02, 0.25000E+02, 0.25728E+02, 0.10710E+02, 0.11279E-03
 0.45000E+02, 0.25000E+02, 0.25645E+02, 0.99204E+01, 0.12174E-03
 0.46000E+02, 0.25000E+02, 0.24674E+02, 0.95462E+01, 0.12610E-03
 0.47000E+02, 0.25000E+02, 0.24570E+02, 0.69430E+01, 0.17332E-03
 0.48000E+02, 0.25000E+02, 0.21932E+02, 0.30000E+02, 0.30728E-35
 0.49000E+02, 0.25000E+02, 0.21943E+02, 0.30000E+02, 0.72613E-32
 0.50000E+02, 0.25000E+02, 0.21998E+02, 0.30000E+02, 0.69179E-29
 0.51000E+02, 0.25000E+02, 0.22105E+02, 0.30000E+02, 0.16135E-26
 0.52000E+02, 0.25000E+02, 0.21999E+02, 0.30000E+02, 0.68160E-25
 0.53000E+02, 0.25000E+02, 0.21972E+02, 0.30000E+02, 0.59117E-23
 0.54000E+02, 0.25000E+02, 0.21967E+02, 0.30000E+02, 0.15295E-20
 0.55000E+02, 0.25000E+02, 0.21969E+02, 0.30000E+02, 0.79819E-19
 0.56000E+02, 0.25000E+02, 0.21977E+02, 0.30000E+02, 0.63636E-13
 0.57000E+02, 0.25000E+02, 0.21990E+02, 0.30000E+02, 0.70750E-08
 0.58000E+02, 0.25000E+02, 0.22162E+02, 0.30000E+02, 0.11699E-04
 0.59000E+02, 0.25000E+02, 0.22000E+02, 0.30000E+02, 0.00000E+00
 0.60000E+02, 0.25000E+02, 0.13285E+03, 0.19814E+00, 0.82818E-02
 0.61000E+02, 0.25000E+02, 0.11922E+03, 0.21471E+00, 0.73860E-02
 0.62000E+02, 0.25000E+02, 0.12122E+03, 0.21391E+00, 0.74515E-02
 0.63000E+02, 0.25000E+02, 0.12638E+03, 0.21739E+00, 0.74285E-02
 0.64000E+02, 0.25000E+02, 0.12823E+03, 0.21946E+00, 0.73922E-02
 0.65000E+02, 0.25000E+02, 0.13102E+03, 0.21115E+00, 0.77365E-02
 0.00000E+00, 0.26000E+02, 0.53858E+03, 0.20442E+00, 0.16050E-01
 0.10000E+01, 0.26000E+02, 0.52774E+03, 0.19956E+00, 0.16221E-01
 0.20000E+01, 0.26000E+02, 0.48449E+03, 0.18648E+00, 0.16421E-01
 0.30000E+01, 0.26000E+02, 0.61470E+03, 0.23850E+00, 0.15046E-01
 0.40000E+01, 0.26000E+02, 0.60218E+03, 0.24187E+00, 0.14628E-01
 0.50000E+01, 0.26000E+02, 0.60083E+03, 0.23763E+00, 0.14866E-01
 0.60000E+01, 0.26000E+02, 0.58827E+03, 0.20356E+00, 0.17104E-01
 0.70000E+01, 0.26000E+02, 0.22000E+02, 0.30000E+02, 0.00000E+00
 0.80000E+01, 0.26000E+02, 0.90283E+03, 0.17245E+00, 0.27562E-01
 0.90000E+01, 0.26000E+02, 0.96969E+03, 0.18384E+00, 0.27324E-01
 0.10000E+02, 0.26000E+02, 0.92780E+03, 0.57543E+00, 0.84355E-02
 0.11000E+02, 0.26000E+02, 0.87521E+03, 0.19659E+01, 0.23610E-02
 0.12000E+02, 0.26000E+02, 0.86933E+03, 0.25290E+01, 0.18259E-02
 0.13000E+02, 0.26000E+02, 0.88330E+03, 0.55850E+00, 0.83691E-02
 0.14000E+02, 0.26000E+02, 0.87839E+03, 0.65193E+00, 0.71393E-02
 0.15000E+02, 0.26000E+02, 0.78102E+03, 0.38644E+00, 0.11026E-01
 0.16000E+02, 0.26000E+02, 0.77788E+03, 0.26964E+00, 0.15755E-01
 0.17000E+02, 0.26000E+02, 0.76069E+03, 0.24131E+00, 0.17316E-01
 0.18000E+02, 0.26000E+02, 0.68328E+03, 0.29485E+00, 0.13111E-01
 0.19000E+02, 0.26000E+02, 0.33919E+03, 0.25230E+00, 0.98098E-02
 0.20000E+02, 0.26000E+02, 0.39884E+03, 0.22111E+00, 0.12284E-01
 0.21000E+02, 0.26000E+02, 0.43475E+03, 0.19638E+00, 0.14570E-01
 0.22000E+02, 0.26000E+02, 0.38742E+03, 0.19721E+00, 0.13539E-01
 0.23000E+02, 0.26000E+02, 0.29626E+03, 0.22307E+00, 0.10317E-01
 0.24000E+02, 0.26000E+02, 0.30769E+03, 0.22261E+00, 0.10546E-01
 0.25000E+02, 0.26000E+02, 0.32730E+03, 0.21318E+00, 0.11384E-01
 0.26000E+02, 0.26000E+02, 0.30540E+03, 0.21109E+00, 0.11078E-01
 0.27000E+02, 0.26000E+02, 0.31139E+03, 0.19813E+00, 0.11925E-01
 0.28000E+02, 0.26000E+02, 0.34442E+03, 0.16386E+00, 0.15233E-01
 0.29000E+02, 0.26000E+02, 0.29905E+03, 0.17738E+00, 0.13038E-01
 0.30000E+02, 0.26000E+02, 0.22463E+02, 0.30000E+02, 0.12543E-23
 0.31000E+02, 0.26000E+02, 0.22612E+02, 0.30000E+02, 0.42516E-21
 0.32000E+02, 0.26000E+02, 0.22518E+02, 0.30000E+02, 0.31677E-18
 0.33000E+02, 0.26000E+02, 0.22632E+02, 0.30000E+02, 0.32753E-14
 0.34000E+02, 0.26000E+02, 0.22919E+02, 0.30000E+02, 0.10200E-10
 0.35000E+02, 0.26000E+02, 0.23140E+02, 0.30000E+02, 0.53632E-09
 0.36000E+02, 0.26000E+02, 0.23090E+02, 0.30000E+02, 0.11523E-08
 0.37000E+02, 0.26000E+02, 0.23000E+02, 0.30000E+02, 0.80370E-09
 0.38000E+02, 0.26000E+02, 0.23167E+02, 0.30000E+02, 0.13550E-06
 0.39000E+02, 0.26000E+02, 0.23878E+02, 0.30000E+02, 0.15495E-04
 0.40000E+02, 0.26000E+02, 0.24639E+02, 0.30000E+02, 0.39784E-04
 0.41000E+02, 0.26000E+02, 0.24694E+02, 0.30000E+02, 0.29935E-04
 0.42000E+02, 0.26000E+02, 0.25454E+02, 0.10142E+02, 0.11900E-03
 0.43000E+02, 0.26000E+02, 0.25211E+02, 0.10496E+02, 0.11489E-03
 0.44000E+02, 0.26000E+02, 0.26139E+02, 0.61030E+01, 0.19821E-03
 0.45000E+02, 0.26000E+02, 0.25697E+02, 0.64449E+01, 0.18742E-03
 0.46000E+02, 0.26000E+02, 0.24998E+02, 0.61300E+01, 0.19658E-03
 0.47000E+02, 0.26000E+02, 0.26194E+02, 0.44731E+01, 0.27048E-03
 0.48000E+02, 0.26000E+02, 0.21962E+02, 0.30000E+02, 0.00000E+00
 0.49000E+02, 0.26000E+02, 0.21942E+02, 0.30000E+02, 0.14257E-35
 0.50000E+02, 0.26000E+02, 0.21900E+02, 0.30000E+02, 0.33403E-33
 0.51000E+02, 0.26000E+02, 0.22077E+02, 0.30000E+02, 0.13915E-30
 0.52000E+02, 0.26000E+02, 0.21998E+02, 0.30000E+02, 0.21467E-28
 0.53000E+02, 0.26000E+02, 0.21974E+02, 0.30000E+02, 0.71861E-26
 0.54000E+02, 0.26000E+02, 0.21974E+02, 0.30000E+02, 0.48154E-23
 0.55000E+02, 0.26000E+02, 0.21978E+02, 0.30000E+02, 0.53203E-22
 0.56000E+02, 0.26000E+02, 0.21985E+02, 0.30000E+02, 0.22726E-19
 0.57000E+02, 0.26000E+02, 0.22000E+02, 0.30000E+02, 0.33658E-14
 0.58000E+02, 0.26000E+02, 0.22023E+02, 0.30000E+02, 0.53124E-09
 0.59000E+02, 0.26000E+02, 0.22000E+02, 0.30000E+02, 0.00000E+00
 0.60000E+02, 0.26000E+02, 0.13405E+03, 0.20319E+00, 0.80997E-02
 0.61000E+02, 0.26000E+02, 0.11277E+03, 0.22682E+00, 0.68769E-02
 0.62000E+02, 0.26000E+02, 0.11727E+03, 0.23494E+00, 0.67167E-02
 0.63000E+02, 0.26000E+02, 0.12387E+03, 0.22980E+00, 0.69831E-02
 0.64000E+02, 0.26000E+02, 0.12327E+03, 0.23413E+00, 0.68433E-02
 0.65000E+02, 0.26000E+02, 0.13306E+03, 0.20593E+00, 0.79728E-02
 0.00000E+00, 0.27000E+02, 0.57574E+03, 0.21367E+00, 0.16057E-01
 0.10000E+01, 0.27000E+02, 0.58291E+03, 0.21172E+00, 0.16342E-01
 0.20000E+01, 0.27000E+02, 0.56983E+03, 0.20715E+00, 0.16448E-01
 0.30000E+01, 0.27000E+02, 0.64945E+03, 0.22749E+00, 0.16392E-01
 0.40000E+01, 0.27000E+02, 0.64865E+03, 0.22888E+00, 0.16278E-01
 0.50000E+01, 0.27000E+02, 0.66078E+03, 0.21657E+00, 0.17430E-01
 0.60000E+01, 0.27000E+02, 0.58052E+03, 0.22722E+00, 0.15185E-01
 0.70000E+01, 0.27000E+02, 0.22000E+02, 0.30000E+02, 0.00000E+00
 0.80000E+01, 0.27000E+02, 0.77465E+03, 0.29392E+00, 0.14409E-01
 0.90000E+01, 0.27000E+02, 0.78538E+03, 0.43550E+00, 0.98241E-02
 0.10000E+02, 0.27000E+02, 0.81964E+03, 0.53841E+00, 0.82035E-02
 0.11000E+02, 0.27000E+02, 0.80876E+03, 0.91467E+00, 0.47808E-02
 0.12000E+02, 0.27000E+02, 0.82870E+03, 0.53337E+01, 0.83497E-03
 0.13000E+02, 0.27000E+02, 0.82285E+03, 0.11321E+01, 0.39130E-02
 0.14000E+02, 0.27000E+02, 0.81597E+03, 0.35420E+00, 0.12428E-01
 0.15000E+02, 0.27000E+02, 0.73444E+03, 0.35747E+00, 0.11393E-01
 0.16000E+02, 0.27000E+02, 0.69543E+03, 0.29188E+00, 0.13412E-01
 0.17000E+02, 0.27000E+02, 0.69180E+03, 0.30629E+00, 0.12733E-01
 0.18000E+02, 0.27000E+02, 0.62855E+03, 0.29081E+00, 0.12532E-01
 0.19000E+02, 0.27000E+02, 0.65330E+03, 0.14867E+00, 0.25187E-01
 0.20000E+02, 0.27000E+02, 0.63584E+03, 0.15072E+00, 0.24375E-01
 0.21000E+02, 0.27000E+02, 0.54674E+03, 0.15011E+00, 0.22077E-01
 0.22000E+02, 0.27000E+02, 0.49042E+03, 0.15135E+00, 0.20391E-01
 0.23000E+02, 0.27000E+02, 0.49235E+03, 0.14596E+00, 0.21198E-01
 0.24000E+02, 0.27000E+02, 0.45883E+03, 0.14000E+00, 0.21133E-01
 0.25000E+02, 0.27000E+02, 0.46443E+03, 0.13990E+00, 0.21309E-01
 0.26000E+02, 0.27000E+02, 0.43847E+03, 0.14827E+00, 0.19399E-01
 0.27000E+02, 0.27000E+02, 0.41710E+03, 0.14787E+00, 0.18868E-01
 0.28000E+02, 0.27000E+02, 0.38865E+03, 0.13388E+00, 0.19980E-01
 0.29000E+02, 0.27000E+02, 0.36630E+03, 0.11168E+00, 0.23143E-01
 0.30000E+02, 0.27000E+02, 0.42394E+02, 0.18243E+01, 0.69911E-03
 0.31000E+02, 0.27000E+02, 0.44342E+02, 0.17416E+01, 0.73683E-03
 0.32000E+02, 0.27000E+02, 0.44846E+02, 0.17880E+01, 0.71882E-03
 0.33000E+02, 0.27000E+02, 0.46159E+02, 0.17370E+01, 0.74300E-03
 0.34000E+02, 0.27000E+02, 0.45609E+02, 0.17494E+01, 0.73647E-03
 0.35000E+02, 0.27000E+02, 0.42471E+02, 0.19006E+01, 0.67120E-03
 0.36000E+02, 0.27000E+02, 0.37139E+02, 0.25524E+01, 0.49136E-03
 0.37000E+02, 0.27000E+02, 0.35615E+02, 0.26259E+01, 0.47525E-03
 0.38000E+02, 0.27000E+02, 0.35187E+02, 0.25202E+01, 0.49450E-03
 0.39000E+02, 0.27000E+02, 0.35067E+02, 0.25438E+01, 0.48973E-03
 0.40000E+02, 0.27000E+02, 0.34468E+02, 0.26713E+01, 0.46545E-03
 0.41000E+02, 0.27000E+02, 0.30079E+02, 0.38869E+01, 0.31531E-03
 0.42000E+02, 0.27000E+02, 0.28197E+02, 0.45075E+01, 0.27021E-03
 0.43000E+02, 0.27000E+02, 0.27251E+02, 0.51918E+01, 0.23386E-03
 0.44000E+02, 0.27000E+02, 0.27305E+02, 0.50603E+01, 0.23998E-03
 0.45000E+02, 0.27000E+02, 0.28222E+02, 0.38956E+01, 0.31269E-03
 0.46000E+02, 0.27000E+02, 0.28349E+02, 0.36338E+01, 0.33536E-03
 0.47000E+02, 0.27000E+02, 0.27705E+02, 0.38769E+01, 0.31365E-03
 0.48000E+02, 0.27000E+02, 0.21921E+02, 0.30000E+02, 0.19769E-20
 0.49000E+02, 0.27000E+02, 0.21974E+02, 0.30000E+02, 0.24589E-19
 0.50000E+02, 0.27000E+02, 0.22050E+02, 0.30000E+02, 0.38632E-19
 0.51000E+02, 0.27000E+02, 0.22052E+02, 0.30000E+02, 0.18227E-16
 0.52000E+02, 0.27000E+02, 0.21955E+02, 0.30000E+02, 0.15613E-11
 0.53000E+02, 0.27000E+02, 0.21936E+02, 0.30000E+02, 0.78745E-06
 0.54000E+02, 0.27000E+02, 0.34020E+02, 0.12307E+01, 0.10088E-02
 0.55000E+02, 0.27000E+02, 0.46349E+02, 0.63340E+00, 0.20388E-02
 0.56000E+02, 0.27000E+02, 0.47589E+02, 0.60581E+00, 0.21399E-02
 0.57000E+02, 0.27000E+02, 0.49572E+02, 0.56459E+00, 0.23103E-02
 0.58000E+02, 0.27000E+02, 0.49367E+02, 0.56270E+00, 0.23166E-02
 0.59000E+02, 0.27000E+02, 0.22000E+02, 0.30000E+02, 0.00000E+00
 0.60000E+02, 0.27000E+02, 0.13066E+03, 0.20414E+00, 0.79953E-02
 0.61000E+02, 0.27000E+02, 0.11343E+03, 0.22466E+00, 0.69550E-02
 0.62000E+02, 0.27000E+02, 0.13520E+03, 0.20214E+00, 0.81651E-02
 0.63000E+02, 0.27000E+02, 0.11544E+03, 0.25713E+00, 0.61082E-02
 0.64000E+02, 0.27000E+02, 0.11473E+03, 0.25239E+00, 0.62117E-02
 0.65000E+02, 0.27000E+02, 0.12624E+03, 0.22821E+00, 0.70735E-02
 0.00000E+00, 0.28000E+02, 0.56379E+03, 0.21203E+00, 0.15954E-01
 0.10000E+01, 0.28000E+02, 0.54797E+03, 0.20506E+00, 0.16185E-01
 0.20000E+01, 0.28000E+02, 0.47212E+03, 0.18452E+00, 0.16325E-01
 0.30000E+01, 0.28000E+02, 0.66518E+03, 0.24780E+00, 0.15305E-01
 0.40000E+01, 0.28000E+02, 0.65579E+03, 0.25213E+00, 0.14891E-01
 0.50000E+01, 0.28000E+02, 0.59672E+03, 0.25054E+00, 0.14033E-01
 0.60000E+01, 0.28000E+02, 0.56529E+03, 0.25381E+00, 0.13352E-01
 0.70000E+01, 0.28000E+02, 0.58322E+03, 0.28694E+00, 0.12063E-01
 0.80000E+01, 0.28000E+02, 0.22000E+02, 0.30000E+02, 0.00000E+00
 0.90000E+01, 0.28000E+02, 0.69537E+03, 0.39551E+00, 0.98976E-02
 0.10000E+02, 0.28000E+02, 0.73075E+03, 0.45219E+00, 0.89732E-02
 0.11000E+02, 0.28000E+02, 0.76837E+03, 0.65811E+00, 0.63966E-02
 0.12000E+02, 0.28000E+02, 0.75741E+03, 0.86864E+00, 0.47953E-02
 0.13000E+02, 0.28000E+02, 0.77636E+03, 0.15448E+01, 0.27459E-02
 0.14000E+02, 0.28000E+02, 0.72899E+03, 0.40235E+00, 0.10067E-01
 0.15000E+02, 0.28000E+02, 0.68717E+03, 0.26282E+00, 0.14769E-01
 0.16000E+02, 0.28000E+02, 0.68361E+03, 0.25429E+00, 0.15207E-01
 0.17000E+02, 0.28000E+02, 0.67742E+03, 0.29855E+00, 0.12869E-01
 0.18000E+02, 0.28000E+02, 0.62500E+03, 0.27504E+00, 0.13198E-01
 0.19000E+02, 0.28000E+02, 0.64601E+03, 0.22503E+00, 0.16509E-01
 0.20000E+02, 0.28000E+02, 0.52986E+03, 0.19994E+00, 0.16233E-01
 0.21000E+02, 0.28000E+02, 0.41660E+03, 0.17487E+00, 0.15942E-01
 0.22000E+02, 0.28000E+02, 0.39239E+03, 0.16232E+00, 0.16572E-01
 0.23000E+02, 0.28000E+02, 0.41078E+03, 0.15866E+00, 0.17423E-01
 0.24000E+02, 0.28000E+02, 0.43493E+03, 0.15328E+00, 0.18672E-01
 0.25000E+02, 0.28000E+02, 0.45043E+03, 0.15316E+00, 0.19095E-01
 0.26000E+02, 0.28000E+02, 0.39794E+03, 0.13039E+00, 0.20803E-01
 0.27000E+02, 0.28000E+02, 0.38710E+03, 0.11797E+00, 0.22620E-01
 0.28000E+02, 0.28000E+02, 0.39522E+03, 0.12528E+00, 0.21563E-01
 0.29000E+02, 0.28000E+02, 0.39478E+03, 0.12652E+00, 0.21337E-01
 0.30000E+02, 0.28000E+02, 0.37753E+02, 0.24456E+01, 0.51383E-03
 0.31000E+02, 0.28000E+02, 0.39662E+02, 0.21292E+01, 0.59379E-03
 0.32000E+02, 0.28000E+02, 0.41761E+02, 0.19475E+01, 0.65357E-03
 0.33000E+02, 0.28000E+02, 0.35434E+02, 0.29145E+01, 0.42794E-03
 0.34000E+02, 0.28000E+02, 0.35033E+02, 0.30872E+01, 0.40349E-03
 0.35000E+02, 0.28000E+02, 0.36191E+02, 0.27887E+01, 0.44835E-03
 0.36000E+02, 0.28000E+02, 0.37473E+02, 0.25344E+01, 0.49538E-03
 0.37000E+02, 0.28000E+02, 0.37550E+02, 0.24563E+01, 0.51126E-03
 0.38000E+02, 0.28000E+02, 0.36002E+02, 0.24750E+01, 0.50486E-03
 0.39000E+02, 0.28000E+02, 0.33129E+02, 0.27933E+01, 0.44318E-03
 0.40000E+02, 0.28000E+02, 0.31558E+02, 0.32776E+01, 0.37575E-03
 0.41000E+02, 0.28000E+02, 0.29415E+02, 0.42434E+01, 0.28820E-03
 0.42000E+02, 0.28000E+02, 0.26594E+02, 0.72213E+01, 0.16777E-03
 0.43000E+02, 0.28000E+02, 0.25782E+02, 0.94217E+01, 0.12824E-03
 0.44000E+02, 0.28000E+02, 0.26177E+02, 0.75962E+01, 0.15927E-03
 0.45000E+02, 0.28000E+02, 0.26259E+02, 0.60349E+01, 0.20053E-03
 0.46000E+02, 0.28000E+02, 0.27184E+02, 0.45416E+01, 0.26728E-03
 0.47000E+02, 0.28000E+02, 0.25784E+02, 0.60855E+01, 0.19854E-03
 0.48000E+02, 0.28000E+02, 0.21904E+02, 0.30000E+02, 0.49323E-18
 0.49000E+02, 0.28000E+02, 0.21795E+02, 0.30000E+02, 0.79472E-17
 0.50000E+02, 0.28000E+02, 0.21840E+02, 0.30000E+02, 0.10028E-16
 0.51000E+02, 0.28000E+02, 0.22037E+02, 0.30000E+02, 0.60379E-14
 0.52000E+02, 0.28000E+02, 0.21999E+02, 0.30000E+02, 0.60747E-12
 0.53000E+02, 0.28000E+02, 0.22000E+02, 0.30000E+02, 0.27415E-06
 0.54000E+02, 0.28000E+02, 0.25419E+02, 0.43984E+01, 0.27436E-03
 0.55000E+02, 0.28000E+02, 0.31402E+02, 0.16044E+01, 0.76722E-03
 0.56000E+02, 0.28000E+02, 0.28989E+02, 0.21904E+01, 0.55752E-03
 0.57000E+02, 0.28000E+02, 0.28697E+02, 0.23005E+01, 0.53032E-03
 0.58000E+02, 0.28000E+02, 0.32898E+02, 0.14358E+01, 0.86151E-03
 0.59000E+02, 0.28000E+02, 0.22000E+02, 0.30000E+02, 0.00000E+00
 0.60000E+02, 0.28000E+02, 0.14072E+03, 0.19428E+00, 0.86100E-02
 0.61000E+02, 0.28000E+02, 0.12677E+03, 0.21269E+00, 0.75999E-02
 0.62000E+02, 0.28000E+02, 0.12780E+03, 0.21519E+00, 0.75308E-02
 0.63000E+02, 0.28000E+02, 0.11571E+03, 0.25257E+00, 0.62229E-02
 0.64000E+02, 0.28000E+02, 0.11774E+03, 0.25243E+00, 0.62587E-02
 0.65000E+02, 0.28000E+02, 0.16114E+03, 0.17808E+00, 0.98572E-02
 0.00000E+00, 0.29000E+02, 0.22000E+02, 0.30000E+02, 0.00000E+00
 0.10000E+01, 0.29000E+02, 0.22000E+02, 0.30000E+02, 0.00000E+00
 0.20000E+01, 0.29000E+02, 0.22000E+02, 0.30000E+02, 0.00000E+00
 0.30000E+01, 0.29000E+02, 0.22000E+02, 0.30000E+02, 0.00000E+00
 0.40000E+01, 0.29000E+02, 0.22000E+02, 0.30000E+02, 0.00000E+00
 0.50000E+01, 0.29000E+02, 0.22000E+02, 0.30000E+02, 0.00000E+00
 0.60000E+01, 0.29000E+02, 0.22000E+02, 0.30000E+02, 0.00000E+00
 0.70000E+01, 0.29000E+02, 0.22000E+02, 0.30000E+02, 0.00000E+00
 0.80000E+01, 0.29000E+02, 0.22000E+02, 0.30000E+02, 0.00000E+00
 0.90000E+01, 0.29000E+02, 0.65750E+03, 0.39535E+00, 0.95143E-02
 0.10000E+02, 0.29000E+02, 0.68431E+03, 0.40853E+00, 0.94729E-02
 0.11000E+02, 0.29000E+02, 0.69862E+03, 0.41470E+00, 0.94712E-02
 0.12000E+02, 0.29000E+02, 0.67351E+03, 0.40848E+00, 0.93670E-02
 0.13000E+02, 0.29000E+02, 0.69369E+03, 0.28465E+00, 0.13728E-01
 0.14000E+02, 0.29000E+02, 0.68574E+03, 0.25209E+00, 0.15374E-01
 0.15000E+02, 0.29000E+02, 0.67657E+03, 0.25590E+00, 0.15001E-01
 0.16000E+02, 0.29000E+02, 0.65973E+03, 0.28400E+00, 0.13276E-01
 0.17000E+02, 0.29000E+02, 0.66524E+03, 0.32183E+00, 0.11785E-01
 0.18000E+02, 0.29000E+02, 0.62042E+03, 0.25439E+00, 0.14197E-01
 0.19000E+02, 0.29000E+02, 0.97562E+03, 0.17976E+00, 0.28078E-01
 0.20000E+02, 0.29000E+02, 0.79485E+03, 0.19367E+00, 0.22289E-01
 0.21000E+02, 0.29000E+02, 0.46273E+03, 0.18197E+00, 0.16345E-01
 0.22000E+02, 0.29000E+02, 0.40694E+03, 0.15785E+00, 0.17414E-01
 0.23000E+02, 0.29000E+02, 0.43467E+03, 0.16234E+00, 0.17623E-01
 0.24000E+02, 0.29000E+02, 0.40519E+03, 0.14231E+00, 0.19266E-01
 0.25000E+02, 0.29000E+02, 0.39429E+03, 0.13671E+00, 0.19733E-01
 0.26000E+02, 0.29000E+02, 0.39812E+03, 0.13455E+00, 0.20165E-01
 0.27000E+02, 0.29000E+02, 0.40456E+03, 0.12743E+00, 0.21496E-01
 0.28000E+02, 0.29000E+02, 0.42009E+03, 0.12774E+00, 0.21935E-01
 0.29000E+02, 0.29000E+02, 0.40800E+03, 0.14126E+00, 0.19490E-01
 0.30000E+02, 0.29000E+02, 0.34939E+02, 0.30844E+01, 0.40372E-03
 0.31000E+02, 0.29000E+02, 0.33229E+02, 0.33975E+01, 0.36449E-03
 0.32000E+02, 0.29000E+02, 0.32986E+02, 0.34517E+01, 0.35847E-03
 0.33000E+02, 0.29000E+02, 0.31635E+02, 0.42285E+01, 0.29133E-03
 0.34000E+02, 0.29000E+02, 0.31752E+02, 0.41728E+01, 0.29533E-03
 0.35000E+02, 0.29000E+02, 0.40394E+02, 0.21776E+01, 0.58198E-03
 0.36000E+02, 0.29000E+02, 0.35524E+02, 0.27502E+01, 0.45365E-03
 0.37000E+02, 0.29000E+02, 0.37179E+02, 0.24854E+01, 0.50467E-03
 0.38000E+02, 0.29000E+02, 0.33482E+02, 0.30502E+01, 0.40632E-03
 0.39000E+02, 0.29000E+02, 0.30288E+02, 0.38368E+01, 0.31966E-03
 0.40000E+02, 0.29000E+02, 0.29250E+02, 0.43869E+01, 0.27861E-03
 0.41000E+02, 0.29000E+02, 0.27394E+02, 0.62075E+01, 0.19569E-03
 0.42000E+02, 0.29000E+02, 0.25161E+02, 0.12171E+02, 0.99065E-04
 0.43000E+02, 0.29000E+02, 0.25013E+02, 0.14476E+02, 0.83251E-04
 0.44000E+02, 0.29000E+02, 0.25511E+02, 0.78945E+01, 0.15291E-03
 0.45000E+02, 0.29000E+02, 0.24544E+02, 0.95051E+01, 0.12659E-03
 0.46000E+02, 0.29000E+02, 0.25382E+02, 0.70115E+01, 0.17209E-03
 0.47000E+02, 0.29000E+02, 0.27006E+02, 0.46298E+01, 0.26204E-03
 0.48000E+02, 0.29000E+02, 0.21531E+02, 0.30000E+02, 0.28135E-16
 0.49000E+02, 0.29000E+02, 0.21539E+02, 0.30000E+02, 0.42387E-16
 0.50000E+02, 0.29000E+02, 0.21703E+02, 0.30000E+02, 0.50339E-13
 0.51000E+02, 0.29000E+02, 0.21753E+02, 0.30000E+02, 0.68364E-09
 0.52000E+02, 0.29000E+02, 0.21682E+02, 0.30000E+02, 0.37049E-08
 0.53000E+02, 0.29000E+02, 0.21956E+02, 0.30000E+02, 0.50550E-05
 0.54000E+02, 0.29000E+02, 0.26293E+02, 0.35316E+01, 0.34271E-03
 0.55000E+02, 0.29000E+02, 0.24337E+02, 0.65619E+01, 0.18324E-03
 0.56000E+02, 0.29000E+02, 0.23242E+02, 0.12859E+02, 0.93160E-04
 0.57000E+02, 0.29000E+02, 0.31128E+02, 0.16327E+01, 0.75324E-03
 0.58000E+02, 0.29000E+02, 0.64843E+02, 0.41433E+00, 0.32971E-02
 0.59000E+02, 0.29000E+02, 0.22000E+02, 0.30000E+02, 0.00000E+00
 0.60000E+02, 0.29000E+02, 0.13857E+03, 0.19668E+00, 0.84610E-02
 0.61000E+02, 0.29000E+02, 0.12286E+03, 0.21916E+00, 0.73034E-02
 0.62000E+02, 0.29000E+02, 0.12034E+03, 0.23422E+00, 0.67903E-02
 0.63000E+02, 0.29000E+02, 0.12311E+03, 0.23306E+00, 0.68720E-02
 0.64000E+02, 0.29000E+02, 0.15223E+03, 0.18846E+00, 0.91229E-02
 0.65000E+02, 0.29000E+02, 0.17910E+03, 0.16309E+00, 0.11208E-01
 0.00000E+00, 0.30000E+02, 0.94778E+03, 0.21111E+00, 0.23376E-01
 0.10000E+01, 0.30000E+02, 0.49210E+03, 0.20097E+00, 0.15390E-01
 0.20000E+01, 0.30000E+02, 0.41995E+03, 0.19819E+00, 0.14135E-01
 0.30000E+01, 0.30000E+02, 0.40944E+03, 0.20430E+00, 0.13504E-01
 0.40000E+01, 0.30000E+02, 0.44033E+03, 0.20660E+00, 0.13958E-01
 0.50000E+01, 0.30000E+02, 0.44147E+03, 0.18782E+00, 0.15379E-01
 0.60000E+01, 0.30000E+02, 0.34763E+03, 0.12595E+00, 0.19921E-01
 0.70000E+01, 0.30000E+02, 0.33132E+03, 0.12194E+00, 0.20036E-01
 0.80000E+01, 0.30000E+02, 0.55078E+03, 0.27639E+00, 0.12049E-01
 0.90000E+01, 0.30000E+02, 0.63157E+03, 0.35610E+00, 0.10269E-01
 0.10000E+02, 0.30000E+02, 0.65081E+03, 0.34912E+00, 0.10697E-01
 0.11000E+02, 0.30000E+02, 0.65140E+03, 0.36838E+00, 0.10144E-01
 0.12000E+02, 0.30000E+02, 0.59787E+03, 0.24012E+00, 0.14662E-01
 0.13000E+02, 0.30000E+02, 0.65952E+03, 0.24132E+00, 0.15621E-01
 0.14000E+02, 0.30000E+02, 0.65237E+03, 0.24849E+00, 0.15054E-01
 0.15000E+02, 0.30000E+02, 0.64914E+03, 0.24704E+00, 0.15090E-01
 0.16000E+02, 0.30000E+02, 0.63803E+03, 0.29367E+00, 0.12541E-01
 0.17000E+02, 0.30000E+02, 0.65445E+03, 0.33194E+00, 0.11295E-01
 0.18000E+02, 0.30000E+02, 0.62221E+03, 0.22232E+00, 0.16278E-01
 0.19000E+02, 0.30000E+02, 0.97357E+03, 0.18643E+00, 0.27029E-01
 0.20000E+02, 0.30000E+02, 0.60944E+03, 0.22422E+00, 0.15910E-01
 0.21000E+02, 0.30000E+02, 0.50931E+03, 0.19099E+00, 0.16558E-01
 0.22000E+02, 0.30000E+02, 0.43267E+03, 0.16331E+00, 0.17469E-01
 0.23000E+02, 0.30000E+02, 0.41125E+03, 0.15359E+00, 0.18010E-01
 0.24000E+02, 0.30000E+02, 0.38426E+03, 0.13613E+00, 0.19519E-01
 0.25000E+02, 0.30000E+02, 0.38240E+03, 0.13442E+00, 0.19712E-01
 0.26000E+02, 0.30000E+02, 0.39608E+03, 0.13921E+00, 0.19430E-01
 0.27000E+02, 0.30000E+02, 0.41351E+03, 0.14015E+00, 0.19803E-01
 0.28000E+02, 0.30000E+02, 0.42095E+03, 0.13790E+00, 0.20344E-01
 0.29000E+02, 0.30000E+02, 0.39554E+03, 0.13339E+00, 0.20261E-01
 0.30000E+02, 0.30000E+02, 0.30756E+02, 0.47984E+01, 0.25599E-03
 0.31000E+02, 0.30000E+02, 0.31887E+02, 0.39526E+01, 0.31192E-03
 0.32000E+02, 0.30000E+02, 0.32722E+02, 0.36944E+01, 0.33463E-03
 0.33000E+02, 0.30000E+02, 0.29287E+02, 0.59473E+01, 0.20554E-03
 0.34000E+02, 0.30000E+02, 0.34067E+02, 0.32189E+01, 0.38575E-03
 0.35000E+02, 0.30000E+02, 0.46484E+02, 0.16900E+01, 0.76446E-03
 0.36000E+02, 0.30000E+02, 0.34624E+02, 0.30131E+01, 0.41286E-03
 0.37000E+02, 0.30000E+02, 0.31520E+02, 0.38609E+01, 0.31895E-03
 0.38000E+02, 0.30000E+02, 0.29603E+02, 0.42689E+01, 0.28665E-03
 0.39000E+02, 0.30000E+02, 0.27393E+02, 0.60729E+01, 0.20003E-03
 0.40000E+02, 0.30000E+02, 0.25868E+02, 0.10336E+02, 0.11693E-03
 0.41000E+02, 0.30000E+02, 0.24680E+02, 0.21802E+02, 0.55213E-04
 0.42000E+02, 0.30000E+02, 0.24981E+02, 0.14626E+02, 0.82386E-04
 0.43000E+02, 0.30000E+02, 0.24851E+02, 0.10388E+02, 0.11595E-03
 0.44000E+02, 0.30000E+02, 0.23872E+02, 0.12897E+02, 0.93084E-04
 0.45000E+02, 0.30000E+02, 0.23111E+02, 0.20466E+02, 0.58507E-04
 0.46000E+02, 0.30000E+02, 0.25074E+02, 0.76878E+01, 0.15679E-03
 0.47000E+02, 0.30000E+02, 0.27053E+02, 0.45146E+01, 0.26876E-03
 0.48000E+02, 0.30000E+02, 0.21501E+02, 0.30000E+02, 0.29402E-16
 0.49000E+02, 0.30000E+02, 0.21662E+02, 0.30000E+02, 0.15692E-15
 0.50000E+02, 0.30000E+02, 0.21942E+02, 0.30000E+02, 0.29836E-12
 0.51000E+02, 0.30000E+02, 0.21733E+02, 0.30000E+02, 0.73743E-09
 0.52000E+02, 0.30000E+02, 0.21604E+02, 0.30000E+02, 0.16629E-06
 0.53000E+02, 0.30000E+02, 0.23196E+02, 0.10629E+02, 0.11269E-03
 0.54000E+02, 0.30000E+02, 0.27858E+02, 0.25492E+01, 0.47726E-03
 0.55000E+02, 0.30000E+02, 0.26216E+02, 0.35378E+01, 0.34202E-03
 0.56000E+02, 0.30000E+02, 0.25291E+02, 0.47793E+01, 0.25239E-03
 0.57000E+02, 0.30000E+02, 0.31884E+02, 0.14809E+01, 0.83252E-03
 0.58000E+02, 0.30000E+02, 0.48488E+02, 0.62352E+00, 0.20849E-02
 0.59000E+02, 0.30000E+02, 0.22000E+02, 0.30000E+02, 0.00000E+00
 0.60000E+02, 0.30000E+02, 0.13350E+03, 0.20335E+00, 0.80825E-02
 0.61000E+02, 0.30000E+02, 0.12427E+03, 0.21646E+00, 0.74209E-02
 0.62000E+02, 0.30000E+02, 0.12800E+03, 0.21551E+00, 0.75235E-02
 0.63000E+02, 0.30000E+02, 0.13980E+03, 0.20364E+00, 0.81963E-02
 0.64000E+02, 0.30000E+02, 0.16134E+03, 0.17572E+00, 0.99940E-02
 0.65000E+02, 0.30000E+02, 0.19924E+03, 0.15357E+00, 0.12433E-01
 0.00000E+00, 0.31000E+02, 0.90053E+03, 0.21594E+00, 0.21968E-01
 0.10000E+01, 0.31000E+02, 0.54282E+03, 0.20943E+00, 0.15747E-01
 0.20000E+01, 0.31000E+02, 0.48234E+03, 0.20167E+00, 0.15141E-01
 0.30000E+01, 0.31000E+02, 0.43116E+03, 0.21435E+00, 0.13281E-01
 0.40000E+01, 0.31000E+02, 0.46671E+03, 0.21906E+00, 0.13651E-01
 0.50000E+01, 0.31000E+02, 0.49042E+03, 0.19287E+00, 0.16001E-01
 0.60000E+01, 0.31000E+02, 0.36056E+03, 0.12430E+00, 0.20606E-01
 0.70000E+01, 0.31000E+02, 0.35391E+03, 0.12542E+00, 0.20207E-01
 0.80000E+01, 0.31000E+02, 0.55530E+03, 0.29004E+00, 0.11545E-01
 0.90000E+01, 0.31000E+02, 0.61957E+03, 0.36566E+00, 0.98675E-02
 0.10000E+02, 0.31000E+02, 0.62298E+03, 0.28367E+00, 0.12768E-01
 0.11000E+02, 0.31000E+02, 0.59535E+03, 0.26678E+00, 0.13158E-01
 0.12000E+02, 0.31000E+02, 0.47770E+03, 0.27901E+00, 0.10877E-01
 0.13000E+02, 0.31000E+02, 0.55772E+03, 0.26015E+00, 0.12909E-01
 0.14000E+02, 0.31000E+02, 0.60138E+03, 0.26230E+00, 0.13476E-01
 0.15000E+02, 0.31000E+02, 0.61214E+03, 0.24433E+00, 0.14645E-01
 0.16000E+02, 0.31000E+02, 0.60433E+03, 0.24280E+00, 0.14607E-01
 0.17000E+02, 0.31000E+02, 0.64013E+03, 0.32593E+00, 0.11325E-01
 0.18000E+02, 0.31000E+02, 0.61405E+03, 0.21660E+00, 0.16555E-01
 0.19000E+02, 0.31000E+02, 0.73709E+03, 0.21398E+00, 0.19082E-01
 0.20000E+02, 0.31000E+02, 0.59238E+03, 0.20733E+00, 0.16873E-01
 0.21000E+02, 0.31000E+02, 0.47251E+03, 0.16908E+00, 0.17825E-01
 0.22000E+02, 0.31000E+02, 0.43220E+03, 0.15078E+00, 0.18908E-01
 0.23000E+02, 0.31000E+02, 0.43331E+03, 0.14537E+00, 0.19643E-01
 0.24000E+02, 0.31000E+02, 0.39279E+03, 0.13772E+00, 0.19544E-01
 0.25000E+02, 0.31000E+02, 0.37858E+03, 0.13435E+00, 0.19607E-01
 0.26000E+02, 0.31000E+02, 0.39800E+03, 0.13551E+00, 0.20017E-01
 0.27000E+02, 0.31000E+02, 0.40014E+03, 0.13800E+00, 0.19719E-01
 0.28000E+02, 0.31000E+02, 0.41329E+03, 0.14043E+00, 0.19756E-01
 0.29000E+02, 0.31000E+02, 0.39799E+03, 0.13051E+00, 0.20784E-01
 0.30000E+02, 0.31000E+02, 0.30603E+02, 0.53289E+01, 0.23039E-03
 0.31000E+02, 0.31000E+02, 0.31812E+02, 0.42831E+01, 0.28779E-03
 0.32000E+02, 0.31000E+02, 0.27981E+02, 0.74862E+01, 0.16258E-03
 0.33000E+02, 0.31000E+02, 0.27332E+02, 0.75820E+01, 0.16018E-03
 0.34000E+02, 0.31000E+02, 0.35368E+02, 0.29600E+01, 0.42128E-03
 0.35000E+02, 0.31000E+02, 0.45087E+02, 0.18063E+01, 0.71211E-03
 0.36000E+02, 0.31000E+02, 0.29736E+02, 0.47773E+01, 0.25626E-03
 0.37000E+02, 0.31000E+02, 0.27383E+02, 0.69158E+01, 0.17564E-03
 0.38000E+02, 0.31000E+02, 0.26060E+02, 0.86702E+01, 0.13948E-03
 0.39000E+02, 0.31000E+02, 0.24143E+02, 0.25278E+02, 0.47536E-04
 0.40000E+02, 0.31000E+02, 0.23739E+02, 0.26460E+02, 0.45350E-04
 0.41000E+02, 0.31000E+02, 0.24176E+02, 0.19130E+02, 0.62820E-04
 0.42000E+02, 0.31000E+02, 0.24784E+02, 0.11714E+02, 0.10280E-03
 0.43000E+02, 0.31000E+02, 0.23495E+02, 0.16202E+02, 0.74003E-04
 0.44000E+02, 0.31000E+02, 0.22765E+02, 0.30000E+02, 0.37389E-04
 0.45000E+02, 0.31000E+02, 0.23012E+02, 0.23864E+02, 0.50160E-04
 0.46000E+02, 0.31000E+02, 0.24755E+02, 0.89790E+01, 0.13410E-03
 0.47000E+02, 0.31000E+02, 0.26983E+02, 0.48921E+01, 0.24797E-03
 0.48000E+02, 0.31000E+02, 0.21738E+02, 0.30000E+02, 0.36669E-13
 0.49000E+02, 0.31000E+02, 0.21771E+02, 0.30000E+02, 0.53956E-14
 0.50000E+02, 0.31000E+02, 0.21981E+02, 0.30000E+02, 0.12925E-10
 0.51000E+02, 0.31000E+02, 0.22122E+02, 0.30000E+02, 0.35891E-08
 0.52000E+02, 0.31000E+02, 0.22003E+02, 0.30000E+02, 0.28747E-07
 0.53000E+02, 0.31000E+02, 0.22042E+02, 0.30000E+02, 0.48502E-05
 0.54000E+02, 0.31000E+02, 0.26923E+02, 0.30596E+01, 0.39640E-03
 0.55000E+02, 0.31000E+02, 0.28689E+02, 0.23248E+01, 0.52478E-03
 0.56000E+02, 0.31000E+02, 0.28037E+02, 0.26373E+01, 0.46159E-03
 0.57000E+02, 0.31000E+02, 0.33660E+02, 0.13425E+01, 0.92369E-03
 0.58000E+02, 0.31000E+02, 0.49052E+02, 0.62951E+00, 0.20687E-02
 0.59000E+02, 0.31000E+02, 0.22000E+02, 0.30000E+02, 0.00000E+00
 0.60000E+02, 0.31000E+02, 0.14086E+03, 0.19890E+00, 0.84132E-02
 0.61000E+02, 0.31000E+02, 0.14025E+03, 0.19772E+00, 0.84508E-02
 0.62000E+02, 0.31000E+02, 0.13820E+03, 0.19943E+00, 0.83368E-02
 0.63000E+02, 0.31000E+02, 0.14457E+03, 0.18820E+00, 0.89709E-02
 0.64000E+02, 0.31000E+02, 0.15890E+03, 0.17994E+00, 0.97045E-02
 0.65000E+02, 0.31000E+02, 0.19573E+03, 0.15920E+00, 0.11904E-01
 0.00000E+00, 0.32000E+02, 0.37810E+03, 0.42470E+00, 0.61979E-02
 0.10000E+01, 0.32000E+02, 0.83425E+03, 0.21780E+00, 0.20551E-01
 0.20000E+01, 0.32000E+02, 0.53258E+03, 0.21452E+00, 0.15181E-01
 0.30000E+01, 0.32000E+02, 0.48935E+03, 0.25316E+00, 0.12174E-01
 0.40000E+01, 0.32000E+02, 0.52141E+03, 0.20559E+00, 0.15621E-01
 0.50000E+01, 0.32000E+02, 0.51134E+03, 0.20971E+00, 0.15120E-01
 0.60000E+01, 0.32000E+02, 0.35512E+03, 0.11984E+00, 0.21189E-01
 0.70000E+01, 0.32000E+02, 0.35406E+03, 0.12056E+00, 0.21027E-01
 0.80000E+01, 0.32000E+02, 0.53432E+03, 0.32408E+00, 0.10071E-01
 0.90000E+01, 0.32000E+02, 0.60889E+03, 0.34736E+00, 0.10263E-01
 0.10000E+02, 0.32000E+02, 0.60054E+03, 0.28890E+00, 0.12223E-01
 0.11000E+02, 0.32000E+02, 0.57498E+03, 0.26184E+00, 0.13092E-01
 0.12000E+02, 0.32000E+02, 0.49132E+03, 0.26716E+00, 0.11566E-01
 0.13000E+02, 0.32000E+02, 0.50551E+03, 0.25831E+00, 0.12184E-01
 0.14000E+02, 0.32000E+02, 0.54525E+03, 0.24463E+00, 0.13522E-01
 0.15000E+02, 0.32000E+02, 0.58179E+03, 0.19739E+00, 0.17506E-01
 0.16000E+02, 0.32000E+02, 0.61066E+03, 0.22179E+00, 0.16106E-01
 0.17000E+02, 0.32000E+02, 0.70353E+03, 0.30541E+00, 0.12925E-01
 0.18000E+02, 0.32000E+02, 0.61955E+03, 0.27591E+00, 0.13077E-01
 0.19000E+02, 0.32000E+02, 0.67764E+03, 0.19816E+00, 0.19393E-01
 0.20000E+02, 0.32000E+02, 0.53044E+03, 0.17116E+00, 0.18977E-01
 0.21000E+02, 0.32000E+02, 0.42064E+03, 0.14140E+00, 0.19832E-01
 0.22000E+02, 0.32000E+02, 0.42112E+03, 0.13851E+00, 0.20260E-01
 0.23000E+02, 0.32000E+02, 0.42374E+03, 0.13839E+00, 0.20354E-01
 0.24000E+02, 0.32000E+02, 0.40256E+03, 0.13600E+00, 0.20081E-01
 0.25000E+02, 0.32000E+02, 0.39011E+03, 0.13471E+00, 0.19900E-01
 0.26000E+02, 0.32000E+02, 0.39933E+03, 0.13609E+00, 0.19972E-01
 0.27000E+02, 0.32000E+02, 0.41248E+03, 0.13962E+00, 0.19847E-01
 0.28000E+02, 0.32000E+02, 0.41875E+03, 0.13458E+00, 0.20780E-01
 0.29000E+02, 0.32000E+02, 0.39993E+03, 0.12892E+00, 0.21101E-01
 0.30000E+02, 0.32000E+02, 0.40658E+02, 0.24245E+01, 0.52314E-03
 0.31000E+02, 0.32000E+02, 0.28254E+02, 0.79429E+01, 0.15337E-03
 0.32000E+02, 0.32000E+02, 0.25124E+02, 0.13659E+02, 0.88262E-04
 0.33000E+02, 0.32000E+02, 0.27234E+02, 0.63957E+01, 0.18983E-03
 0.34000E+02, 0.32000E+02, 0.33932E+02, 0.31681E+01, 0.39177E-03
 0.35000E+02, 0.32000E+02, 0.43374E+02, 0.19172E+01, 0.66731E-03
 0.36000E+02, 0.32000E+02, 0.30061E+02, 0.46205E+01, 0.26524E-03
 0.37000E+02, 0.32000E+02, 0.26486E+02, 0.80563E+01, 0.15033E-03
 0.38000E+02, 0.32000E+02, 0.27450E+02, 0.72378E+01, 0.16786E-03
 0.39000E+02, 0.32000E+02, 0.23787E+02, 0.21050E+02, 0.57014E-04
 0.40000E+02, 0.32000E+02, 0.23375E+02, 0.23423E+02, 0.51168E-04
 0.41000E+02, 0.32000E+02, 0.23885E+02, 0.15793E+02, 0.76020E-04
 0.42000E+02, 0.32000E+02, 0.23790E+02, 0.14734E+02, 0.81456E-04
 0.43000E+02, 0.32000E+02, 0.23130E+02, 0.22726E+02, 0.52694E-04
 0.44000E+02, 0.32000E+02, 0.22727E+02, 0.30000E+02, 0.34909E-04
 0.45000E+02, 0.32000E+02, 0.23276E+02, 0.19720E+02, 0.60756E-04
 0.46000E+02, 0.32000E+02, 0.25063E+02, 0.87439E+01, 0.13785E-03
 0.47000E+02, 0.32000E+02, 0.26540E+02, 0.60742E+01, 0.19942E-03
 0.48000E+02, 0.32000E+02, 0.21980E+02, 0.30000E+02, 0.27155E-09
 0.49000E+02, 0.32000E+02, 0.22078E+02, 0.30000E+02, 0.15250E-09
 0.50000E+02, 0.32000E+02, 0.22230E+02, 0.30000E+02, 0.16399E-09
 0.51000E+02, 0.32000E+02, 0.22090E+02, 0.30000E+02, 0.68803E-07
 0.52000E+02, 0.32000E+02, 0.22022E+02, 0.30000E+02, 0.27885E-06
 0.53000E+02, 0.32000E+02, 0.22117E+02, 0.30000E+02, 0.89897E-06
 0.54000E+02, 0.32000E+02, 0.26807E+02, 0.33702E+01, 0.35973E-03
 0.55000E+02, 0.32000E+02, 0.30214E+02, 0.19871E+01, 0.61706E-03
 0.56000E+02, 0.32000E+02, 0.29610E+02, 0.21802E+01, 0.56127E-03
 0.57000E+02, 0.32000E+02, 0.36131E+02, 0.12619E+01, 0.99065E-03
 0.58000E+02, 0.32000E+02, 0.62735E+02, 0.48732E+00, 0.27858E-02
 0.59000E+02, 0.32000E+02, 0.22000E+02, 0.30000E+02, 0.00000E+00
 0.60000E+02, 0.32000E+02, 0.14108E+03, 0.20656E+00, 0.81054E-02
 0.61000E+02, 0.32000E+02, 0.14923E+03, 0.20197E+00, 0.84525E-02
 0.62000E+02, 0.32000E+02, 0.13300E+03, 0.20736E+00, 0.79168E-02
 0.63000E+02, 0.32000E+02, 0.13957E+03, 0.19873E+00, 0.83941E-02
 0.64000E+02, 0.32000E+02, 0.17709E+03, 0.16814E+00, 0.10823E-01
 0.65000E+02, 0.32000E+02, 0.20386E+03, 0.16034E+00, 0.12024E-01
 0.00000E+00, 0.33000E+02, 0.25592E+03, 0.62067E+00, 0.34453E-02
 0.10000E+01, 0.33000E+02, 0.84908E+03, 0.29486E+00, 0.15383E-01
 0.20000E+01, 0.33000E+02, 0.73014E+03, 0.21128E+00, 0.19193E-01
 0.30000E+01, 0.33000E+02, 0.53134E+03, 0.25821E+00, 0.12593E-01
 0.40000E+01, 0.33000E+02, 0.54512E+03, 0.23006E+00, 0.14376E-01
 0.50000E+01, 0.33000E+02, 0.52870E+03, 0.21867E+00, 0.14822E-01
 0.60000E+01, 0.33000E+02, 0.35824E+03, 0.12179E+00, 0.20954E-01
 0.70000E+01, 0.33000E+02, 0.35135E+03, 0.13098E+00, 0.19271E-01
 0.80000E+01, 0.33000E+02, 0.52022E+03, 0.31557E+00, 0.10161E-01
 0.90000E+01, 0.33000E+02, 0.59545E+03, 0.32481E+00, 0.10809E-01
 0.10000E+02, 0.33000E+02, 0.57752E+03, 0.28549E+00, 0.12043E-01
 0.11000E+02, 0.33000E+02, 0.52717E+03, 0.27185E+00, 0.11899E-01
 0.12000E+02, 0.33000E+02, 0.50948E+03, 0.22268E+00, 0.14206E-01
 0.13000E+02, 0.33000E+02, 0.51635E+03, 0.22795E+00, 0.13999E-01
 0.14000E+02, 0.33000E+02, 0.59585E+03, 0.19602E+00, 0.17918E-01
 0.15000E+02, 0.33000E+02, 0.60337E+03, 0.19740E+00, 0.17947E-01
 0.16000E+02, 0.33000E+02, 0.60026E+03, 0.25455E+00, 0.13868E-01
 0.17000E+02, 0.33000E+02, 0.67255E+03, 0.30080E+00, 0.12707E-01
 0.18000E+02, 0.33000E+02, 0.61796E+03, 0.33677E+00, 0.10695E-01
 0.19000E+02, 0.33000E+02, 0.52882E+03, 0.17581E+00, 0.18437E-01
 0.20000E+02, 0.33000E+02, 0.45904E+03, 0.15562E+00, 0.19016E-01
 0.21000E+02, 0.33000E+02, 0.42969E+03, 0.14897E+00, 0.19069E-01
 0.22000E+02, 0.33000E+02, 0.44383E+03, 0.15631E+00, 0.18540E-01
 0.23000E+02, 0.33000E+02, 0.47350E+03, 0.16087E+00, 0.18760E-01
 0.24000E+02, 0.33000E+02, 0.45929E+03, 0.15568E+00, 0.19016E-01
 0.25000E+02, 0.33000E+02, 0.41378E+03, 0.14053E+00, 0.19756E-01
 0.26000E+02, 0.33000E+02, 0.40038E+03, 0.13742E+00, 0.19810E-01
 0.27000E+02, 0.33000E+02, 0.43587E+03, 0.13643E+00, 0.21004E-01
 0.28000E+02, 0.33000E+02, 0.43810E+03, 0.13678E+00, 0.21017E-01
 0.29000E+02, 0.33000E+02, 0.41646E+03, 0.12915E+00, 0.21582E-01
 0.30000E+02, 0.33000E+02, 0.39454E+02, 0.24302E+01, 0.51991E-03
 0.31000E+02, 0.33000E+02, 0.43723E+02, 0.19678E+01, 0.65085E-03
 0.32000E+02, 0.33000E+02, 0.24147E+02, 0.17272E+02, 0.69572E-04
 0.33000E+02, 0.33000E+02, 0.26558E+02, 0.62740E+01, 0.19308E-03
 0.34000E+02, 0.33000E+02, 0.40456E+02, 0.21101E+01, 0.60071E-03
 0.35000E+02, 0.33000E+02, 0.45384E+02, 0.17693E+01, 0.72769E-03
 0.36000E+02, 0.33000E+02, 0.33505E+02, 0.32163E+01, 0.38536E-03
 0.37000E+02, 0.33000E+02, 0.30502E+02, 0.46473E+01, 0.26409E-03
 0.38000E+02, 0.33000E+02, 0.35367E+02, 0.29327E+01, 0.42520E-03
 0.39000E+02, 0.33000E+02, 0.35278E+02, 0.29674E+01, 0.42010E-03
 0.40000E+02, 0.33000E+02, 0.29365E+02, 0.55116E+01, 0.22184E-03
 0.41000E+02, 0.33000E+02, 0.23420E+02, 0.19358E+02, 0.61922E-04
 0.42000E+02, 0.33000E+02, 0.23583E+02, 0.17557E+02, 0.68311E-04
 0.43000E+02, 0.33000E+02, 0.23043E+02, 0.26068E+02, 0.45925E-04
 0.44000E+02, 0.33000E+02, 0.22703E+02, 0.30000E+02, 0.30472E-04
 0.45000E+02, 0.33000E+02, 0.23362E+02, 0.30000E+02, 0.39260E-04
 0.46000E+02, 0.33000E+02, 0.25016E+02, 0.11024E+02, 0.10932E-03
 0.47000E+02, 0.33000E+02, 0.25941E+02, 0.71428E+01, 0.16924E-03
 0.48000E+02, 0.33000E+02, 0.22462E+02, 0.30000E+02, 0.51430E-05
 0.49000E+02, 0.33000E+02, 0.22668E+02, 0.30000E+02, 0.38822E-06
 0.50000E+02, 0.33000E+02, 0.22582E+02, 0.30000E+02, 0.16912E-08
 0.51000E+02, 0.33000E+02, 0.22236E+02, 0.30000E+02, 0.36766E-06
 0.52000E+02, 0.33000E+02, 0.22059E+02, 0.30000E+02, 0.27222E-05
 0.53000E+02, 0.33000E+02, 0.22098E+02, 0.30000E+02, 0.31665E-05
 0.54000E+02, 0.33000E+02, 0.22317E+02, 0.30000E+02, 0.25113E-05
 0.55000E+02, 0.33000E+02, 0.25421E+02, 0.58063E+01, 0.20784E-03
 0.56000E+02, 0.33000E+02, 0.27790E+02, 0.32738E+01, 0.37154E-03
 0.57000E+02, 0.33000E+02, 0.27548E+02, 0.35074E+01, 0.34651E-03
 0.58000E+02, 0.33000E+02, 0.27048E+02, 0.38400E+01, 0.31598E-03
 0.59000E+02, 0.33000E+02, 0.22000E+02, 0.30000E+02, 0.00000E+00
 0.60000E+02, 0.33000E+02, 0.14225E+03, 0.20858E+00, 0.80497E-02
 0.61000E+02, 0.33000E+02, 0.15114E+03, 0.20105E+00, 0.85295E-02
 0.62000E+02, 0.33000E+02, 0.16509E+03, 0.19373E+00, 0.91429E-02
 0.63000E+02, 0.33000E+02, 0.13985E+03, 0.20679E+00, 0.80723E-02
 0.64000E+02, 0.33000E+02, 0.16170E+03, 0.18173E+00, 0.96713E-02
 0.65000E+02, 0.33000E+02, 0.20769E+03, 0.16145E+00, 0.12038E-01
 0.00000E+00, 0.34000E+02, 0.20010E+03, 0.77067E+00, 0.24820E-02
 0.10000E+01, 0.34000E+02, 0.77996E+03, 0.28268E+00, 0.15058E-01
 0.20000E+01, 0.34000E+02, 0.80213E+03, 0.21208E+00, 0.20493E-01
 0.30000E+01, 0.34000E+02, 0.55811E+03, 0.27869E+00, 0.12056E-01
 0.40000E+01, 0.34000E+02, 0.58136E+03, 0.24544E+00, 0.14072E-01
 0.50000E+01, 0.34000E+02, 0.54737E+03, 0.21866E+00, 0.15167E-01
 0.60000E+01, 0.34000E+02, 0.34968E+03, 0.11434E+00, 0.22017E-01
 0.70000E+01, 0.34000E+02, 0.37061E+03, 0.13747E+00, 0.18927E-01
 0.80000E+01, 0.34000E+02, 0.53810E+03, 0.34890E+00, 0.93980E-02
 0.90000E+01, 0.34000E+02, 0.58179E+03, 0.35793E+00, 0.96541E-02
 0.10000E+02, 0.34000E+02, 0.55443E+03, 0.31553E+00, 0.10601E-01
 0.11000E+02, 0.34000E+02, 0.52311E+03, 0.25019E+00, 0.12864E-01
 0.12000E+02, 0.34000E+02, 0.52436E+03, 0.20229E+00, 0.15935E-01
 0.13000E+02, 0.34000E+02, 0.53819E+03, 0.22303E+00, 0.14703E-01
 0.14000E+02, 0.34000E+02, 0.60839E+03, 0.25413E+00, 0.14020E-01
 0.15000E+02, 0.34000E+02, 0.63976E+03, 0.19754E+00, 0.18679E-01
 0.16000E+02, 0.34000E+02, 0.66464E+03, 0.17682E+00, 0.21437E-01
 0.17000E+02, 0.34000E+02, 0.66599E+03, 0.20739E+00, 0.18303E-01
 0.18000E+02, 0.34000E+02, 0.60303E+03, 0.18191E+00, 0.19468E-01
 0.19000E+02, 0.34000E+02, 0.64235E+03, 0.19250E+00, 0.19222E-01
 0.20000E+02, 0.34000E+02, 0.51865E+03, 0.17681E+00, 0.18100E-01
 0.21000E+02, 0.34000E+02, 0.53273E+03, 0.17235E+00, 0.18899E-01
 0.22000E+02, 0.34000E+02, 0.53863E+03, 0.16648E+00, 0.19708E-01
 0.23000E+02, 0.34000E+02, 0.52964E+03, 0.16402E+00, 0.19783E-01
 0.24000E+02, 0.34000E+02, 0.53089E+03, 0.16120E+00, 0.20160E-01
 0.25000E+02, 0.34000E+02, 0.52367E+03, 0.15814E+00, 0.20366E-01
 0.26000E+02, 0.34000E+02, 0.48157E+03, 0.15264E+00, 0.19984E-01
 0.27000E+02, 0.34000E+02, 0.47062E+03, 0.15042E+00, 0.19985E-01
 0.28000E+02, 0.34000E+02, 0.46304E+03, 0.13829E+00, 0.21517E-01
 0.29000E+02, 0.34000E+02, 0.40771E+03, 0.12584E+00, 0.21868E-01
 0.30000E+02, 0.34000E+02, 0.73302E+02, 0.72176E+00, 0.19401E-02
 0.31000E+02, 0.34000E+02, 0.53496E+02, 0.12408E+01, 0.10641E-02
 0.32000E+02, 0.34000E+02, 0.24954E+02, 0.11154E+02, 0.10802E-03
 0.33000E+02, 0.34000E+02, 0.30576E+02, 0.38803E+01, 0.31637E-03
 0.34000E+02, 0.34000E+02, 0.53647E+02, 0.13544E+01, 0.97525E-03
 0.35000E+02, 0.34000E+02, 0.44431E+02, 0.17881E+01, 0.71788E-03
 0.36000E+02, 0.34000E+02, 0.27569E+02, 0.54137E+01, 0.22451E-03
 0.37000E+02, 0.34000E+02, 0.30925E+02, 0.36098E+01, 0.34047E-03
 0.38000E+02, 0.34000E+02, 0.40588E+02, 0.20234E+01, 0.62670E-03
 0.39000E+02, 0.34000E+02, 0.69948E+02, 0.87089E+00, 0.15923E-02
 0.40000E+02, 0.34000E+02, 0.36765E+02, 0.28311E+01, 0.44245E-03
 0.41000E+02, 0.34000E+02, 0.23468E+02, 0.22488E+02, 0.53312E-04
 0.42000E+02, 0.34000E+02, 0.23138E+02, 0.23486E+02, 0.50989E-04
 0.43000E+02, 0.34000E+02, 0.22797E+02, 0.30000E+02, 0.36166E-04
 0.44000E+02, 0.34000E+02, 0.22768E+02, 0.30000E+02, 0.30053E-04
 0.45000E+02, 0.34000E+02, 0.23242E+02, 0.30000E+02, 0.38433E-04
 0.46000E+02, 0.34000E+02, 0.24639E+02, 0.11771E+02, 0.10226E-03
 0.47000E+02, 0.34000E+02, 0.29167E+02, 0.31619E+01, 0.38645E-03
 0.48000E+02, 0.34000E+02, 0.69582E+02, 0.74884E+00, 0.18499E-02
 0.49000E+02, 0.34000E+02, 0.26752E+02, 0.78709E+01, 0.15400E-03
 0.50000E+02, 0.34000E+02, 0.22398E+02, 0.30000E+02, 0.37300E-07
 0.51000E+02, 0.34000E+02, 0.22091E+02, 0.30000E+02, 0.43109E-06
 0.52000E+02, 0.34000E+02, 0.22031E+02, 0.30000E+02, 0.59329E-05
 0.53000E+02, 0.34000E+02, 0.22150E+02, 0.30000E+02, 0.53151E-05
 0.54000E+02, 0.34000E+02, 0.22163E+02, 0.30000E+02, 0.27508E-05
 0.55000E+02, 0.34000E+02, 0.22197E+02, 0.30000E+02, 0.10907E-05
 0.56000E+02, 0.34000E+02, 0.22386E+02, 0.30000E+02, 0.22929E-05
 0.57000E+02, 0.34000E+02, 0.23982E+02, 0.12238E+02, 0.98136E-04
 0.58000E+02, 0.34000E+02, 0.27445E+02, 0.33501E+01, 0.36266E-03
 0.59000E+02, 0.34000E+02, 0.22000E+02, 0.30000E+02, 0.00000E+00
 0.60000E+02, 0.34000E+02, 0.13942E+03, 0.21211E+00, 0.78618E-02
 0.61000E+02, 0.34000E+02, 0.16420E+03, 0.19118E+00, 0.92461E-02
 0.62000E+02, 0.34000E+02, 0.14865E+03, 0.20325E+00, 0.83877E-02
 0.63000E+02, 0.34000E+02, 0.15250E+03, 0.20299E+00, 0.84752E-02
 0.64000E+02, 0.34000E+02, 0.18297E+03, 0.17109E+00, 0.10775E-01
 0.65000E+02, 0.34000E+02, 0.19875E+03, 0.16516E+00, 0.11548E-01
 0.00000E+00, 0.35000E+02, 0.40186E+03, 0.45266E+00, 0.60272E-02
 0.10000E+01, 0.35000E+02, 0.97542E+03, 0.22762E+00, 0.22171E-01
 0.20000E+01, 0.35000E+02, 0.89039E+03, 0.21553E+00, 0.21819E-01
 0.30000E+01, 0.35000E+02, 0.68329E+03, 0.24882E+00, 0.15536E-01
 0.40000E+01, 0.35000E+02, 0.63216E+03, 0.25564E+00, 0.14314E-01
 0.50000E+01, 0.35000E+02, 0.58730E+03, 0.20999E+00, 0.16562E-01
 0.60000E+01, 0.35000E+02, 0.34490E+03, 0.11571E+00, 0.21590E-01
 0.70000E+01, 0.35000E+02, 0.37155E+03, 0.13901E+00, 0.18746E-01
 0.80000E+01, 0.35000E+02, 0.51549E+03, 0.31806E+00, 0.10022E-01
 0.90000E+01, 0.35000E+02, 0.54845E+03, 0.33155E+00, 0.10016E-01
 0.10000E+02, 0.35000E+02, 0.55025E+03, 0.30390E+00, 0.10951E-01
 0.11000E+02, 0.35000E+02, 0.53084E+03, 0.25568E+00, 0.12710E-01
 0.12000E+02, 0.35000E+02, 0.55721E+03, 0.21456E+00, 0.15642E-01
 0.13000E+02, 0.35000E+02, 0.53709E+03, 0.28928E+00, 0.11321E-01
 0.14000E+02, 0.35000E+02, 0.58230E+03, 0.28738E+00, 0.12032E-01
 0.15000E+02, 0.35000E+02, 0.66942E+03, 0.23494E+00, 0.16215E-01
 0.16000E+02, 0.35000E+02, 0.71634E+03, 0.20556E+00, 0.19456E-01
 0.17000E+02, 0.35000E+02, 0.74839E+03, 0.19151E+00, 0.21559E-01
 0.18000E+02, 0.35000E+02, 0.73463E+03, 0.16414E+00, 0.24816E-01
 0.19000E+02, 0.35000E+02, 0.84846E+03, 0.15319E+00, 0.29594E-01
 0.20000E+02, 0.35000E+02, 0.82937E+03, 0.14925E+00, 0.29857E-01
 0.21000E+02, 0.35000E+02, 0.75437E+03, 0.16552E+00, 0.25092E-01
 0.22000E+02, 0.35000E+02, 0.67644E+03, 0.14677E+00, 0.26150E-01
 0.23000E+02, 0.35000E+02, 0.36283E+03, 0.33325E+00, 0.77135E-02
 0.24000E+02, 0.35000E+02, 0.46745E+03, 0.28182E+00, 0.10622E-01
 0.25000E+02, 0.35000E+02, 0.46716E+03, 0.33418E+00, 0.89537E-02
 0.26000E+02, 0.35000E+02, 0.45097E+03, 0.28720E+00, 0.10191E-01
 0.27000E+02, 0.35000E+02, 0.47701E+03, 0.22478E+00, 0.13489E-01
 0.28000E+02, 0.35000E+02, 0.48850E+03, 0.20343E+00, 0.15133E-01
 0.29000E+02, 0.35000E+02, 0.48130E+03, 0.18953E+00, 0.16089E-01
 0.30000E+02, 0.35000E+02, 0.45430E+03, 0.17461E+00, 0.16839E-01
 0.31000E+02, 0.35000E+02, 0.43893E+03, 0.16228E+00, 0.17735E-01
 0.32000E+02, 0.35000E+02, 0.42884E+03, 0.16409E+00, 0.17291E-01
 0.33000E+02, 0.35000E+02, 0.35513E+03, 0.19695E+00, 0.12894E-01
 0.34000E+02, 0.35000E+02, 0.31173E+03, 0.24924E+00, 0.94849E-02
 0.35000E+02, 0.35000E+02, 0.30993E+03, 0.24066E+00, 0.97925E-02
 0.36000E+02, 0.35000E+02, 0.31854E+03, 0.20915E+00, 0.11434E-01
 0.37000E+02, 0.35000E+02, 0.32218E+03, 0.19292E+00, 0.12473E-01
 0.38000E+02, 0.35000E+02, 0.32000E+03, 0.19021E+00, 0.12604E-01
 0.39000E+02, 0.35000E+02, 0.31430E+03, 0.19673E+00, 0.12069E-01
 0.40000E+02, 0.35000E+02, 0.30525E+03, 0.19634E+00, 0.11907E-01
 0.41000E+02, 0.35000E+02, 0.29606E+03, 0.17971E+00, 0.12802E-01
 0.42000E+02, 0.35000E+02, 0.30021E+03, 0.19526E+00, 0.11868E-01
 0.43000E+02, 0.35000E+02, 0.29559E+03, 0.20949E+00, 0.10973E-01
 0.44000E+02, 0.35000E+02, 0.28216E+03, 0.22748E+00, 0.98668E-02
 0.45000E+02, 0.35000E+02, 0.28950E+03, 0.22485E+00, 0.10114E-01
 0.46000E+02, 0.35000E+02, 0.28331E+03, 0.19974E+00, 0.11260E-01
 0.47000E+02, 0.35000E+02, 0.27388E+03, 0.17813E+00, 0.12412E-01
 0.48000E+02, 0.35000E+02, 0.26902E+03, 0.18905E+00, 0.11591E-01
 0.49000E+02, 0.35000E+02, 0.26125E+03, 0.19082E+00, 0.11319E-01
 0.50000E+02, 0.35000E+02, 0.26538E+03, 0.16623E+00, 0.13094E-01
 0.51000E+02, 0.35000E+02, 0.25682E+03, 0.18173E+00, 0.11787E-01
 0.52000E+02, 0.35000E+02, 0.25001E+03, 0.19972E+00, 0.10588E-01
 0.53000E+02, 0.35000E+02, 0.23537E+03, 0.20965E+00, 0.98039E-02
 0.54000E+02, 0.35000E+02, 0.23105E+03, 0.20281E+00, 0.10048E-01
 0.55000E+02, 0.35000E+02, 0.20833E+03, 0.22504E+00, 0.86475E-02
 0.56000E+02, 0.35000E+02, 0.21274E+03, 0.21060E+00, 0.93250E-02
 0.57000E+02, 0.35000E+02, 0.20657E+03, 0.20064E+00, 0.96635E-02
 0.58000E+02, 0.35000E+02, 0.19954E+03, 0.20075E+00, 0.95167E-02
 0.59000E+02, 0.35000E+02, 0.16278E+03, 0.20180E+00, 0.87311E-02
 0.60000E+02, 0.35000E+02, 0.15280E+03, 0.20600E+00, 0.83572E-02
 0.61000E+02, 0.35000E+02, 0.16996E+03, 0.19533E+00, 0.91690E-02
 0.62000E+02, 0.35000E+02, 0.17719E+03, 0.18623E+00, 0.97741E-02
 0.63000E+02, 0.35000E+02, 0.14818E+03, 0.20246E+00, 0.84114E-02
 0.64000E+02, 0.35000E+02, 0.19200E+03, 0.17046E+00, 0.11029E-01
 0.65000E+02, 0.35000E+02, 0.20197E+03, 0.16331E+00, 0.11759E-01
 0.00000E+00, 0.36000E+02, 0.62073E+03, 0.32910E+00, 0.10978E-01
 0.10000E+01, 0.36000E+02, 0.99712E+03, 0.24130E+00, 0.21278E-01
 0.20000E+01, 0.36000E+02, 0.10093E+04, 0.20824E+00, 0.24891E-01
 0.30000E+01, 0.36000E+02, 0.76176E+03, 0.24335E+00, 0.17189E-01
 0.40000E+01, 0.36000E+02, 0.70929E+03, 0.27054E+00, 0.14678E-01
 0.50000E+01, 0.36000E+02, 0.58167E+03, 0.22965E+00, 0.15045E-01
 0.60000E+01, 0.36000E+02, 0.34461E+03, 0.14632E+00, 0.17064E-01
 0.70000E+01, 0.36000E+02, 0.37683E+03, 0.15048E+00, 0.17458E-01
 0.80000E+01, 0.36000E+02, 0.49933E+03, 0.29812E+00, 0.10473E-01
 0.90000E+01, 0.36000E+02, 0.53743E+03, 0.32772E+00, 0.99970E-02
 0.10000E+02, 0.36000E+02, 0.53827E+03, 0.28050E+00, 0.11692E-01
 0.11000E+02, 0.36000E+02, 0.59091E+03, 0.23892E+00, 0.14617E-01
 0.12000E+02, 0.36000E+02, 0.61212E+03, 0.25936E+00, 0.13796E-01
 0.13000E+02, 0.36000E+02, 0.57759E+03, 0.25571E+00, 0.13447E-01
 0.14000E+02, 0.36000E+02, 0.63653E+03, 0.29213E+00, 0.12586E-01
 0.15000E+02, 0.36000E+02, 0.70585E+03, 0.30418E+00, 0.13009E-01
 0.16000E+02, 0.36000E+02, 0.82301E+03, 0.22302E+00, 0.19866E-01
 0.17000E+02, 0.36000E+02, 0.93145E+03, 0.18661E+00, 0.26091E-01
 0.18000E+02, 0.36000E+02, 0.10089E+04, 0.17154E+00, 0.30209E-01
 0.19000E+02, 0.36000E+02, 0.10126E+04, 0.17298E+00, 0.30043E-01
 0.20000E+02, 0.36000E+02, 0.86950E+03, 0.20561E+00, 0.22462E-01
 0.21000E+02, 0.36000E+02, 0.58252E+03, 0.33061E+00, 0.10461E-01
 0.22000E+02, 0.36000E+02, 0.44315E+03, 0.49328E+00, 0.58691E-02
 0.23000E+02, 0.36000E+02, 0.44766E+03, 0.49226E+00, 0.59184E-02
 0.24000E+02, 0.36000E+02, 0.46349E+03, 0.59292E+00, 0.50215E-02
 0.25000E+02, 0.36000E+02, 0.48140E+03, 0.54659E+00, 0.55795E-02
 0.26000E+02, 0.36000E+02, 0.48883E+03, 0.30945E+00, 0.99524E-02
 0.27000E+02, 0.36000E+02, 0.50984E+03, 0.29207E+00, 0.10835E-01
 0.28000E+02, 0.36000E+02, 0.52015E+03, 0.30456E+00, 0.10528E-01
 0.29000E+02, 0.36000E+02, 0.52115E+03, 0.31253E+00, 0.10272E-01
 0.30000E+02, 0.36000E+02, 0.51041E+03, 0.26241E+00, 0.12069E-01
 0.31000E+02, 0.36000E+02, 0.49649E+03, 0.21819E+00, 0.14257E-01
 0.32000E+02, 0.36000E+02, 0.47537E+03, 0.19318E+00, 0.15661E-01
 0.33000E+02, 0.36000E+02, 0.43559E+03, 0.18411E+00, 0.15559E-01
 0.34000E+02, 0.36000E+02, 0.38130E+03, 0.19533E+00, 0.13542E-01
 0.35000E+02, 0.36000E+02, 0.33834E+03, 0.23854E+00, 0.10361E-01
 0.36000E+02, 0.36000E+02, 0.34239E+03, 0.21789E+00, 0.11418E-01
 0.37000E+02, 0.36000E+02, 0.35692E+03, 0.20485E+00, 0.12432E-01
 0.38000E+02, 0.36000E+02, 0.34650E+03, 0.20881E+00, 0.11994E-01
 0.39000E+02, 0.36000E+02, 0.32665E+03, 0.22264E+00, 0.10889E-01
 0.40000E+02, 0.36000E+02, 0.33509E+03, 0.21593E+00, 0.11385E-01
 0.41000E+02, 0.36000E+02, 0.32082E+03, 0.23826E+00, 0.10076E-01
 0.42000E+02, 0.36000E+02, 0.31082E+03, 0.25523E+00, 0.92477E-02
 0.43000E+02, 0.36000E+02, 0.29632E+03, 0.26346E+00, 0.87366E-02
 0.44000E+02, 0.36000E+02, 0.26592E+03, 0.26786E+00, 0.81344E-02
 0.45000E+02, 0.36000E+02, 0.27996E+03, 0.25174E+00, 0.88806E-02
 0.46000E+02, 0.36000E+02, 0.29120E+03, 0.24027E+00, 0.94935E-02
 0.47000E+02, 0.36000E+02, 0.29378E+03, 0.21230E+00, 0.10793E-01
 0.48000E+02, 0.36000E+02, 0.28338E+03, 0.21412E+00, 0.10505E-01
 0.49000E+02, 0.36000E+02, 0.26658E+03, 0.21732E+00, 0.10038E-01
 0.50000E+02, 0.36000E+02, 0.24650E+03, 0.22925E+00, 0.91619E-02
 0.51000E+02, 0.36000E+02, 0.23968E+03, 0.23992E+00, 0.86393E-02
 0.52000E+02, 0.36000E+02, 0.25111E+03, 0.21870E+00, 0.96891E-02
 0.53000E+02, 0.36000E+02, 0.23265E+03, 0.22490E+00, 0.90902E-02
 0.54000E+02, 0.36000E+02, 0.21471E+03, 0.24592E+00, 0.80182E-02
 0.55000E+02, 0.36000E+02, 0.23224E+03, 0.23034E+00, 0.88681E-02
 0.56000E+02, 0.36000E+02, 0.21664E+03, 0.23915E+00, 0.82779E-02
 0.57000E+02, 0.36000E+02, 0.20665E+03, 0.24100E+00, 0.80469E-02
 0.58000E+02, 0.36000E+02, 0.19979E+03, 0.23629E+00, 0.80900E-02
 0.59000E+02, 0.36000E+02, 0.16238E+03, 0.19958E+00, 0.88203E-02
 0.60000E+02, 0.36000E+02, 0.17306E+03, 0.19604E+00, 0.91997E-02
 0.61000E+02, 0.36000E+02, 0.17789E+03, 0.19415E+00, 0.93898E-02
 0.62000E+02, 0.36000E+02, 0.19477E+03, 0.18941E+00, 0.99851E-02
 0.63000E+02, 0.36000E+02, 0.18843E+03, 0.17529E+00, 0.10643E-01
 0.64000E+02, 0.36000E+02, 0.20036E+03, 0.16857E+00, 0.11354E-01
 0.65000E+02, 0.36000E+02, 0.21965E+03, 0.16307E+00, 0.12214E-01
 0.00000E+00, 0.37000E+02, 0.99843E+03, 0.24802E+00, 0.20722E-01
 0.10000E+01, 0.37000E+02, 0.10423E+04, 0.22726E+00, 0.23395E-01
 0.20000E+01, 0.37000E+02, 0.10693E+04, 0.19028E+00, 0.28515E-01
 0.30000E+01, 0.37000E+02, 0.85564E+03, 0.26921E+00, 0.16947E-01
 0.40000E+01, 0.37000E+02, 0.76434E+03, 0.23303E+00, 0.17995E-01
 0.50000E+01, 0.37000E+02, 0.58083E+03, 0.22524E+00, 0.15324E-01
 0.60000E+01, 0.37000E+02, 0.40921E+03, 0.18858E+00, 0.14625E-01
 0.70000E+01, 0.37000E+02, 0.40294E+03, 0.17245E+00, 0.15846E-01
 0.80000E+01, 0.37000E+02, 0.48346E+03, 0.28724E+00, 0.10647E-01
 0.90000E+01, 0.37000E+02, 0.51986E+03, 0.28903E+00, 0.11090E-01
 0.10000E+02, 0.37000E+02, 0.54775E+03, 0.25314E+00, 0.13107E-01
 0.11000E+02, 0.37000E+02, 0.67303E+03, 0.23445E+00, 0.16312E-01
 0.12000E+02, 0.37000E+02, 0.70997E+03, 0.28173E+00, 0.14104E-01
 0.13000E+02, 0.37000E+02, 0.69923E+03, 0.32411E+00, 0.12126E-01
 0.14000E+02, 0.37000E+02, 0.69529E+03, 0.35142E+00, 0.11138E-01
 0.15000E+02, 0.37000E+02, 0.74619E+03, 0.35874E+00, 0.11484E-01
 0.16000E+02, 0.37000E+02, 0.83916E+03, 0.30175E+00, 0.14899E-01
 0.17000E+02, 0.37000E+02, 0.95301E+03, 0.18882E+00, 0.26247E-01
 0.18000E+02, 0.37000E+02, 0.10630E+04, 0.17362E+00, 0.31105E-01
 0.19000E+02, 0.37000E+02, 0.99269E+03, 0.27376E+00, 0.18689E-01
 0.20000E+02, 0.37000E+02, 0.71736E+03, 0.46862E+00, 0.85431E-02
 0.21000E+02, 0.37000E+02, 0.56660E+03, 0.53567E+00, 0.63362E-02
 0.22000E+02, 0.37000E+02, 0.52343E+03, 0.61452E+00, 0.52393E-02
 0.23000E+02, 0.37000E+02, 0.48768E+03, 0.63542E+00, 0.48395E-02
 0.24000E+02, 0.37000E+02, 0.46599E+03, 0.54312E+00, 0.55006E-02
 0.25000E+02, 0.37000E+02, 0.51194E+03, 0.37430E+00, 0.84777E-02
 0.26000E+02, 0.37000E+02, 0.58642E+03, 0.23145E+00, 0.15011E-01
 0.27000E+02, 0.37000E+02, 0.60965E+03, 0.20278E+00, 0.17596E-01
 0.28000E+02, 0.37000E+02, 0.60423E+03, 0.21235E+00, 0.16700E-01
 0.29000E+02, 0.37000E+02, 0.59723E+03, 0.25511E+00, 0.13790E-01
 0.30000E+02, 0.37000E+02, 0.58729E+03, 0.26697E+00, 0.13027E-01
 0.31000E+02, 0.37000E+02, 0.57414E+03, 0.26843E+00, 0.12758E-01
 0.32000E+02, 0.37000E+02, 0.56413E+03, 0.22679E+00, 0.14922E-01
 0.33000E+02, 0.37000E+02, 0.47104E+03, 0.18417E+00, 0.16332E-01
 0.34000E+02, 0.37000E+02, 0.40065E+03, 0.21666E+00, 0.12570E-01
 0.35000E+02, 0.37000E+02, 0.37682E+03, 0.23390E+00, 0.11232E-01
 0.36000E+02, 0.37000E+02, 0.38381E+03, 0.21137E+00, 0.12563E-01
 0.37000E+02, 0.37000E+02, 0.40379E+03, 0.18597E+00, 0.14712E-01
 0.38000E+02, 0.37000E+02, 0.41186E+03, 0.20164E+00, 0.13731E-01
 0.39000E+02, 0.37000E+02, 0.36386E+03, 0.22028E+00, 0.11688E-01
 0.40000E+02, 0.37000E+02, 0.32975E+03, 0.23332E+00, 0.10444E-01
 0.41000E+02, 0.37000E+02, 0.33589E+03, 0.22830E+00, 0.10783E-01
 0.42000E+02, 0.37000E+02, 0.32794E+03, 0.23191E+00, 0.10476E-01
 0.43000E+02, 0.37000E+02, 0.32239E+03, 0.23277E+00, 0.10341E-01
 0.44000E+02, 0.37000E+02, 0.24031E+03, 0.28953E+00, 0.71678E-02
 0.45000E+02, 0.37000E+02, 0.25538E+03, 0.26942E+00, 0.79290E-02
 0.46000E+02, 0.37000E+02, 0.28075E+03, 0.24085E+00, 0.92950E-02
 0.47000E+02, 0.37000E+02, 0.29679E+03, 0.21885E+00, 0.10526E-01
 0.48000E+02, 0.37000E+02, 0.29470E+03, 0.20457E+00, 0.11219E-01
 0.49000E+02, 0.37000E+02, 0.28546E+03, 0.20917E+00, 0.10794E-01
 0.50000E+02, 0.37000E+02, 0.26112E+03, 0.22597E+00, 0.95562E-02
 0.51000E+02, 0.37000E+02, 0.23694E+03, 0.24472E+00, 0.84246E-02
 0.52000E+02, 0.37000E+02, 0.24692E+03, 0.23045E+00, 0.91216E-02
 0.53000E+02, 0.37000E+02, 0.22287E+03, 0.24511E+00, 0.81793E-02
 0.54000E+02, 0.37000E+02, 0.24067E+03, 0.22652E+00, 0.91681E-02
 0.55000E+02, 0.37000E+02, 0.21830E+03, 0.22822E+00, 0.87037E-02
 0.56000E+02, 0.37000E+02, 0.19267E+03, 0.24077E+00, 0.78197E-02
 0.57000E+02, 0.37000E+02, 0.20842E+03, 0.23097E+00, 0.84271E-02
 0.58000E+02, 0.37000E+02, 0.19664E+03, 0.22886E+00, 0.82967E-02
 0.59000E+02, 0.37000E+02, 0.17469E+03, 0.20542E+00, 0.88116E-02
 0.60000E+02, 0.37000E+02, 0.18171E+03, 0.19567E+00, 0.93956E-02
 0.61000E+02, 0.37000E+02, 0.19081E+03, 0.19135E+00, 0.98001E-02
 0.62000E+02, 0.37000E+02, 0.19476E+03, 0.18571E+00, 0.10184E-01
 0.63000E+02, 0.37000E+02, 0.20939E+03, 0.18161E+00, 0.10739E-01
 0.64000E+02, 0.37000E+02, 0.19946E+03, 0.15942E+00, 0.11982E-01
 0.65000E+02, 0.37000E+02, 0.21292E+03, 0.15313E+00, 0.12830E-01
 0.00000E+00, 0.38000E+02, 0.79086E+03, 0.25991E+00, 0.16546E-01
 0.10000E+01, 0.38000E+02, 0.10102E+04, 0.19645E+00, 0.26405E-01
 0.20000E+01, 0.38000E+02, 0.99304E+03, 0.16833E+00, 0.30403E-01
 0.30000E+01, 0.38000E+02, 0.83691E+03, 0.20120E+00, 0.22299E-01
 0.40000E+01, 0.38000E+02, 0.69018E+03, 0.19683E+00, 0.19781E-01
 0.50000E+01, 0.38000E+02, 0.56137E+03, 0.22937E+00, 0.14706E-01
 0.60000E+01, 0.38000E+02, 0.45855E+03, 0.18486E+00, 0.15998E-01
 0.70000E+01, 0.38000E+02, 0.42257E+03, 0.17721E+00, 0.15868E-01
 0.80000E+01, 0.38000E+02, 0.49544E+03, 0.21923E+00, 0.14170E-01
 0.90000E+01, 0.38000E+02, 0.58019E+03, 0.22580E+00, 0.15275E-01
 0.10000E+02, 0.38000E+02, 0.66359E+03, 0.21117E+00, 0.17929E-01
 0.11000E+02, 0.38000E+02, 0.71801E+03, 0.23110E+00, 0.17335E-01
 0.12000E+02, 0.38000E+02, 0.74045E+03, 0.25580E+00, 0.16015E-01
 0.13000E+02, 0.38000E+02, 0.77633E+03, 0.26664E+00, 0.15908E-01
 0.14000E+02, 0.38000E+02, 0.78650E+03, 0.28660E+00, 0.14944E-01
 0.15000E+02, 0.38000E+02, 0.82855E+03, 0.31929E+00, 0.13946E-01
 0.16000E+02, 0.38000E+02, 0.89042E+03, 0.31194E+00, 0.15076E-01
 0.17000E+02, 0.38000E+02, 0.97244E+03, 0.21351E+00, 0.23579E-01
 0.18000E+02, 0.38000E+02, 0.10392E+04, 0.17181E+00, 0.30873E-01
 0.19000E+02, 0.38000E+02, 0.10543E+04, 0.19494E+00, 0.27523E-01
 0.20000E+02, 0.38000E+02, 0.84552E+03, 0.47487E+00, 0.95215E-02
 0.21000E+02, 0.38000E+02, 0.77197E+03, 0.50887E+00, 0.83012E-02
 0.22000E+02, 0.38000E+02, 0.66167E+03, 0.36099E+00, 0.10467E-01
 0.23000E+02, 0.38000E+02, 0.58414E+03, 0.32922E+00, 0.10525E-01
 0.24000E+02, 0.38000E+02, 0.58677E+03, 0.31760E+00, 0.10944E-01
 0.25000E+02, 0.38000E+02, 0.67255E+03, 0.24102E+00, 0.15859E-01
 0.26000E+02, 0.38000E+02, 0.69839E+03, 0.17931E+00, 0.21899E-01
 0.27000E+02, 0.38000E+02, 0.65288E+03, 0.19526E+00, 0.19168E-01
 0.28000E+02, 0.38000E+02, 0.64769E+03, 0.18963E+00, 0.19627E-01
 0.29000E+02, 0.38000E+02, 0.64288E+03, 0.20825E+00, 0.17779E-01
 0.30000E+02, 0.38000E+02, 0.64680E+03, 0.20225E+00, 0.18385E-01
 0.31000E+02, 0.38000E+02, 0.63679E+03, 0.20921E+00, 0.17579E-01
 0.32000E+02, 0.38000E+02, 0.63004E+03, 0.20890E+00, 0.17475E-01
 0.33000E+02, 0.38000E+02, 0.62004E+03, 0.18395E+00, 0.19626E-01
 0.34000E+02, 0.38000E+02, 0.58008E+03, 0.16179E+00, 0.21315E-01
 0.35000E+02, 0.38000E+02, 0.48527E+03, 0.18653E+00, 0.16434E-01
 0.36000E+02, 0.38000E+02, 0.43179E+03, 0.21977E+00, 0.12964E-01
 0.37000E+02, 0.38000E+02, 0.42418E+03, 0.20577E+00, 0.13698E-01
 0.38000E+02, 0.38000E+02, 0.45101E+03, 0.17569E+00, 0.16659E-01
 0.39000E+02, 0.38000E+02, 0.43935E+03, 0.17356E+00, 0.16593E-01
 0.40000E+02, 0.38000E+02, 0.35854E+03, 0.21883E+00, 0.11667E-01
 0.41000E+02, 0.38000E+02, 0.35702E+03, 0.21896E+00, 0.11632E-01
 0.42000E+02, 0.38000E+02, 0.34266E+03, 0.22758E+00, 0.10937E-01
 0.43000E+02, 0.38000E+02, 0.33342E+03, 0.22794E+00, 0.10756E-01
 0.44000E+02, 0.38000E+02, 0.23519E+03, 0.29296E+00, 0.70133E-02
 0.45000E+02, 0.38000E+02, 0.25623E+03, 0.27447E+00, 0.77955E-02
 0.46000E+02, 0.38000E+02, 0.26440E+03, 0.25826E+00, 0.84129E-02
 0.47000E+02, 0.38000E+02, 0.26134E+03, 0.24888E+00, 0.86799E-02
 0.48000E+02, 0.38000E+02, 0.27916E+03, 0.22711E+00, 0.98295E-02
 0.49000E+02, 0.38000E+02, 0.27806E+03, 0.21800E+00, 0.10220E-01
 0.50000E+02, 0.38000E+02, 0.27557E+03, 0.21570E+00, 0.10282E-01
 0.51000E+02, 0.38000E+02, 0.25455E+03, 0.22101E+00, 0.96506E-02
 0.52000E+02, 0.38000E+02, 0.24558E+03, 0.22090E+00, 0.94911E-02
 0.53000E+02, 0.38000E+02, 0.24998E+03, 0.21571E+00, 0.98024E-02
 0.54000E+02, 0.38000E+02, 0.24798E+03, 0.21061E+00, 0.10001E-01
 0.55000E+02, 0.38000E+02, 0.18940E+03, 0.22879E+00, 0.81715E-02
 0.56000E+02, 0.38000E+02, 0.19490E+03, 0.22631E+00, 0.83594E-02
 0.57000E+02, 0.38000E+02, 0.20057E+03, 0.22454E+00, 0.85272E-02
 0.58000E+02, 0.38000E+02, 0.20129E+03, 0.22061E+00, 0.86924E-02
 0.59000E+02, 0.38000E+02, 0.19551E+03, 0.21376E+00, 0.88614E-02
 0.60000E+02, 0.38000E+02, 0.19398E+03, 0.20490E+00, 0.92144E-02
 0.61000E+02, 0.38000E+02, 0.19772E+03, 0.19548E+00, 0.97361E-02
 0.62000E+02, 0.38000E+02, 0.19535E+03, 0.18608E+00, 0.10176E-01
 0.63000E+02, 0.38000E+02, 0.21470E+03, 0.18073E+00, 0.10910E-01
 0.64000E+02, 0.38000E+02, 0.19871E+03, 0.15797E+00, 0.12073E-01
 0.65000E+02, 0.38000E+02, 0.21466E+03, 0.15602E+00, 0.12637E-01
 0.00000E+00, 0.39000E+02, 0.77144E+03, 0.19167E+00, 0.22028E-01
 0.10000E+01, 0.39000E+02, 0.88609E+03, 0.15584E+00, 0.30066E-01
 0.20000E+01, 0.39000E+02, 0.87237E+03, 0.17007E+00, 0.27224E-01
 0.30000E+01, 0.39000E+02, 0.58792E+03, 0.21491E+00, 0.16194E-01
 0.40000E+01, 0.39000E+02, 0.57603E+03, 0.21049E+00, 0.16306E-01
 0.50000E+01, 0.39000E+02, 0.53822E+03, 0.21153E+00, 0.15503E-01
 0.60000E+01, 0.39000E+02, 0.53131E+03, 0.19834E+00, 0.16394E-01
 0.70000E+01, 0.39000E+02, 0.56567E+03, 0.19703E+00, 0.17207E-01
 0.80000E+01, 0.39000E+02, 0.56435E+03, 0.18164E+00, 0.18636E-01
 0.90000E+01, 0.39000E+02, 0.65408E+03, 0.20484E+00, 0.18296E-01
 0.10000E+02, 0.39000E+02, 0.68677E+03, 0.24284E+00, 0.15977E-01
 0.11000E+02, 0.39000E+02, 0.70430E+03, 0.26323E+00, 0.15009E-01
 0.12000E+02, 0.39000E+02, 0.70952E+03, 0.30740E+00, 0.12921E-01
 0.13000E+02, 0.39000E+02, 0.79489E+03, 0.28698E+00, 0.15043E-01
 0.14000E+02, 0.39000E+02, 0.86051E+03, 0.26311E+00, 0.17415E-01
 0.15000E+02, 0.39000E+02, 0.89931E+03, 0.28204E+00, 0.16802E-01
 0.16000E+02, 0.39000E+02, 0.93866E+03, 0.33785E+00, 0.14497E-01
 0.17000E+02, 0.39000E+02, 0.10164E+04, 0.21846E+00, 0.23858E-01
 0.18000E+02, 0.39000E+02, 0.11093E+04, 0.23068E+00, 0.24222E-01
 0.19000E+02, 0.39000E+02, 0.10682E+04, 0.23934E+00, 0.22652E-01
 0.20000E+02, 0.39000E+02, 0.92917E+03, 0.44235E+00, 0.10986E-01
 0.21000E+02, 0.39000E+02, 0.87699E+03, 0.34426E+00, 0.13503E-01
 0.22000E+02, 0.39000E+02, 0.83105E+03, 0.28277E+00, 0.15783E-01
 0.23000E+02, 0.39000E+02, 0.71695E+03, 0.32310E+00, 0.12386E-01
 0.24000E+02, 0.39000E+02, 0.72985E+03, 0.26578E+00, 0.15253E-01
 0.25000E+02, 0.39000E+02, 0.78827E+03, 0.17768E+00, 0.24144E-01
 0.26000E+02, 0.39000E+02, 0.75890E+03, 0.16929E+00, 0.24641E-01
 0.27000E+02, 0.39000E+02, 0.59994E+03, 0.28194E+00, 0.12516E-01
 0.28000E+02, 0.39000E+02, 0.61659E+03, 0.28463E+00, 0.12635E-01
 0.29000E+02, 0.39000E+02, 0.66329E+03, 0.24810E+00, 0.15256E-01
 0.30000E+02, 0.39000E+02, 0.69057E+03, 0.23860E+00, 0.16325E-01
 0.31000E+02, 0.39000E+02, 0.69297E+03, 0.21024E+00, 0.18573E-01
 0.32000E+02, 0.39000E+02, 0.68534E+03, 0.16339E+00, 0.23710E-01
 0.33000E+02, 0.39000E+02, 0.61216E+03, 0.17006E+00, 0.21041E-01
 0.34000E+02, 0.39000E+02, 0.55093E+03, 0.17932E+00, 0.18574E-01
 0.35000E+02, 0.39000E+02, 0.47530E+03, 0.20482E+00, 0.14769E-01
 0.36000E+02, 0.39000E+02, 0.45430E+03, 0.22557E+00, 0.13035E-01
 0.37000E+02, 0.39000E+02, 0.44245E+03, 0.21733E+00, 0.13309E-01
 0.38000E+02, 0.39000E+02, 0.47521E+03, 0.17584E+00, 0.17202E-01
 0.39000E+02, 0.39000E+02, 0.40094E+03, 0.19935E+00, 0.13667E-01
 0.40000E+02, 0.39000E+02, 0.34455E+03, 0.22835E+00, 0.10933E-01
 0.41000E+02, 0.39000E+02, 0.35417E+03, 0.21984E+00, 0.11533E-01
 0.42000E+02, 0.39000E+02, 0.38242E+03, 0.19488E+00, 0.13596E-01
 0.43000E+02, 0.39000E+02, 0.38730E+03, 0.18260E+00, 0.14619E-01
 0.44000E+02, 0.39000E+02, 0.30875E+03, 0.21371E+00, 0.11005E-01
 0.45000E+02, 0.39000E+02, 0.27335E+03, 0.23742E+00, 0.93035E-02
 0.46000E+02, 0.39000E+02, 0.26967E+03, 0.23336E+00, 0.94016E-02
 0.47000E+02, 0.39000E+02, 0.24207E+03, 0.24743E+00, 0.84162E-02
 0.48000E+02, 0.39000E+02, 0.25055E+03, 0.23628E+00, 0.89586E-02
 0.49000E+02, 0.39000E+02, 0.26107E+03, 0.22707E+00, 0.95089E-02
 0.50000E+02, 0.39000E+02, 0.26117E+03, 0.21884E+00, 0.98688E-02
 0.51000E+02, 0.39000E+02, 0.26483E+03, 0.21022E+00, 0.10344E-01
 0.52000E+02, 0.39000E+02, 0.26270E+03, 0.20711E+00, 0.10457E-01
 0.53000E+02, 0.39000E+02, 0.26229E+03, 0.20325E+00, 0.10648E-01
 0.54000E+02, 0.39000E+02, 0.21861E+03, 0.21910E+00, 0.90719E-02
 0.55000E+02, 0.39000E+02, 0.22215E+03, 0.21138E+00, 0.94704E-02
 0.56000E+02, 0.39000E+02, 0.22323E+03, 0.21052E+00, 0.95302E-02
 0.57000E+02, 0.39000E+02, 0.21132E+03, 0.21554E+00, 0.90846E-02
 0.58000E+02, 0.39000E+02, 0.19320E+03, 0.21608E+00, 0.87230E-02
 0.59000E+02, 0.39000E+02, 0.19645E+03, 0.21346E+00, 0.88920E-02
 0.60000E+02, 0.39000E+02, 0.19019E+03, 0.20741E+00, 0.90293E-02
 0.61000E+02, 0.39000E+02, 0.19604E+03, 0.19577E+00, 0.96868E-02
 0.62000E+02, 0.39000E+02, 0.20288E+03, 0.18739E+00, 0.10268E-01
 0.63000E+02, 0.39000E+02, 0.20460E+03, 0.18432E+00, 0.10476E-01
 0.64000E+02, 0.39000E+02, 0.22195E+03, 0.17823E+00, 0.11228E-01
 0.65000E+02, 0.39000E+02, 0.22510E+03, 0.16806E+00, 0.11983E-01
 0.00000E+00, 0.40000E+02, 0.71426E+03, 0.16762E+00, 0.23810E-01
 0.10000E+01, 0.40000E+02, 0.65198E+03, 0.19725E+00, 0.18957E-01
 0.20000E+01, 0.40000E+02, 0.59105E+03, 0.20870E+00, 0.16736E-01
 0.30000E+01, 0.40000E+02, 0.57608E+03, 0.20201E+00, 0.16992E-01
 0.40000E+01, 0.40000E+02, 0.57854E+03, 0.19016E+00, 0.18103E-01
 0.50000E+01, 0.40000E+02, 0.56242E+03, 0.17015E+00, 0.19848E-01
 0.60000E+01, 0.40000E+02, 0.53671E+03, 0.20045E+00, 0.16330E-01
 0.70000E+01, 0.40000E+02, 0.49976E+03, 0.18232E+00, 0.17135E-01
 0.80000E+01, 0.40000E+02, 0.58397E+03, 0.18774E+00, 0.18452E-01
 0.90000E+01, 0.40000E+02, 0.64368E+03, 0.29170E+00, 0.12704E-01
 0.10000E+02, 0.40000E+02, 0.65018E+03, 0.31213E+00, 0.11956E-01
 0.11000E+02, 0.40000E+02, 0.69075E+03, 0.28448E+00, 0.13695E-01
 0.12000E+02, 0.40000E+02, 0.75428E+03, 0.25870E+00, 0.16052E-01
 0.13000E+02, 0.40000E+02, 0.80930E+03, 0.27403E+00, 0.15965E-01
 0.14000E+02, 0.40000E+02, 0.89037E+03, 0.27779E+00, 0.16929E-01
 0.15000E+02, 0.40000E+02, 0.97838E+03, 0.33333E+00, 0.15175E-01
 0.16000E+02, 0.40000E+02, 0.10137E+04, 0.40040E+00, 0.12990E-01
 0.17000E+02, 0.40000E+02, 0.11166E+04, 0.24764E+00, 0.22682E-01
 0.18000E+02, 0.40000E+02, 0.11323E+04, 0.20156E+00, 0.28183E-01
 0.19000E+02, 0.40000E+02, 0.10861E+04, 0.32847E+00, 0.16726E-01
 0.20000E+02, 0.40000E+02, 0.99957E+03, 0.27270E+00, 0.18864E-01
 0.21000E+02, 0.40000E+02, 0.95878E+03, 0.23756E+00, 0.20960E-01
 0.22000E+02, 0.40000E+02, 0.89692E+03, 0.29439E+00, 0.16065E-01
 0.23000E+02, 0.40000E+02, 0.76995E+03, 0.35058E+00, 0.12026E-01
 0.24000E+02, 0.40000E+02, 0.82764E+03, 0.20477E+00, 0.21728E-01
 0.25000E+02, 0.40000E+02, 0.79754E+03, 0.20604E+00, 0.21004E-01
 0.26000E+02, 0.40000E+02, 0.72298E+03, 0.24341E+00, 0.16541E-01
 0.27000E+02, 0.40000E+02, 0.56978E+03, 0.39194E+00, 0.86926E-02
 0.28000E+02, 0.40000E+02, 0.53578E+03, 0.40481E+00, 0.80767E-02
 0.29000E+02, 0.40000E+02, 0.58196E+03, 0.35578E+00, 0.97144E-02
 0.30000E+02, 0.40000E+02, 0.63875E+03, 0.30821E+00, 0.11959E-01
 0.31000E+02, 0.40000E+02, 0.73620E+03, 0.22183E+00, 0.18391E-01
 0.32000E+02, 0.40000E+02, 0.65845E+03, 0.18096E+00, 0.20808E-01
 0.33000E+02, 0.40000E+02, 0.52511E+03, 0.20133E+00, 0.16026E-01
 0.34000E+02, 0.40000E+02, 0.51357E+03, 0.20423E+00, 0.15570E-01
 0.35000E+02, 0.40000E+02, 0.42257E+03, 0.24003E+00, 0.11715E-01
 0.36000E+02, 0.40000E+02, 0.37745E+03, 0.26237E+00, 0.10022E-01
 0.37000E+02, 0.40000E+02, 0.38270E+03, 0.24355E+00, 0.10884E-01
 0.38000E+02, 0.40000E+02, 0.45064E+03, 0.17607E+00, 0.16615E-01
 0.39000E+02, 0.40000E+02, 0.36009E+03, 0.20633E+00, 0.12405E-01
 0.40000E+02, 0.40000E+02, 0.31414E+03, 0.23934E+00, 0.99176E-02
 0.41000E+02, 0.40000E+02, 0.35407E+03, 0.21716E+00, 0.11674E-01
 0.42000E+02, 0.40000E+02, 0.40680E+03, 0.16993E+00, 0.16173E-01
 0.43000E+02, 0.40000E+02, 0.36715E+03, 0.17956E+00, 0.14413E-01
 0.44000E+02, 0.40000E+02, 0.26415E+03, 0.24908E+00, 0.87187E-02
 0.45000E+02, 0.40000E+02, 0.27037E+03, 0.22891E+00, 0.95970E-02
 0.46000E+02, 0.40000E+02, 0.27332E+03, 0.22670E+00, 0.97429E-02
 0.47000E+02, 0.40000E+02, 0.23319E+03, 0.26326E+00, 0.77737E-02
 0.48000E+02, 0.40000E+02, 0.20252E+03, 0.27265E+00, 0.70513E-02
 0.49000E+02, 0.40000E+02, 0.22922E+03, 0.24914E+00, 0.81499E-02
 0.50000E+02, 0.40000E+02, 0.23933E+03, 0.23336E+00, 0.88762E-02
 0.51000E+02, 0.40000E+02, 0.24847E+03, 0.22312E+00, 0.94491E-02
 0.52000E+02, 0.40000E+02, 0.26617E+03, 0.20540E+00, 0.10613E-01
 0.53000E+02, 0.40000E+02, 0.27485E+03, 0.19022E+00, 0.11644E-01
 0.54000E+02, 0.40000E+02, 0.23915E+03, 0.21058E+00, 0.98331E-02
 0.55000E+02, 0.40000E+02, 0.24924E+03, 0.19826E+00, 0.10650E-01
 0.56000E+02, 0.40000E+02, 0.25747E+03, 0.18259E+00, 0.11746E-01
 0.57000E+02, 0.40000E+02, 0.24941E+03, 0.18126E+00, 0.11652E-01
 0.58000E+02, 0.40000E+02, 0.23125E+03, 0.19153E+00, 0.10645E-01
 0.59000E+02, 0.40000E+02, 0.19064E+03, 0.20966E+00, 0.89408E-02
 0.60000E+02, 0.40000E+02, 0.18820E+03, 0.20949E+00, 0.89010E-02
 0.61000E+02, 0.40000E+02, 0.19282E+03, 0.20392E+00, 0.92357E-02
 0.62000E+02, 0.40000E+02, 0.20222E+03, 0.19211E+00, 0.10001E-01
 0.63000E+02, 0.40000E+02, 0.19375E+03, 0.18215E+00, 0.10360E-01
 0.64000E+02, 0.40000E+02, 0.20180E+03, 0.18300E+00, 0.10490E-01
 0.65000E+02, 0.40000E+02, 0.22735E+03, 0.17644E+00, 0.11465E-01
 0.00000E+00, 0.41000E+02, 0.65990E+03, 0.19813E+00, 0.19034E-01
 0.10000E+01, 0.41000E+02, 0.63334E+03, 0.21230E+00, 0.17258E-01
 0.20000E+01, 0.41000E+02, 0.62276E+03, 0.20872E+00, 0.17349E-01
 0.30000E+01, 0.41000E+02, 0.63506E+03, 0.19470E+00, 0.18854E-01
 0.40000E+01, 0.41000E+02, 0.62957E+03, 0.16981E+00, 0.21487E-01
 0.50000E+01, 0.41000E+02, 0.56561E+03, 0.16044E+00, 0.21130E-01
 0.60000E+01, 0.41000E+02, 0.44623E+03, 0.17945E+00, 0.16203E-01
 0.70000E+01, 0.41000E+02, 0.43229E+03, 0.16696E+00, 0.17078E-01
 0.80000E+01, 0.41000E+02, 0.62156E+03, 0.15831E+00, 0.22843E-01
 0.90000E+01, 0.41000E+02, 0.65698E+03, 0.27837E+00, 0.13505E-01
 0.10000E+02, 0.41000E+02, 0.65356E+03, 0.30489E+00, 0.12285E-01
 0.11000E+02, 0.41000E+02, 0.70948E+03, 0.24448E+00, 0.16245E-01
 0.12000E+02, 0.41000E+02, 0.76831E+03, 0.23087E+00, 0.18233E-01
 0.13000E+02, 0.41000E+02, 0.81269E+03, 0.23255E+00, 0.18873E-01
 0.14000E+02, 0.41000E+02, 0.87424E+03, 0.28313E+00, 0.16379E-01
 0.15000E+02, 0.41000E+02, 0.97570E+03, 0.26231E+00, 0.19243E-01
 0.16000E+02, 0.41000E+02, 0.10690E+04, 0.19570E+00, 0.27720E-01
 0.17000E+02, 0.41000E+02, 0.10802E+04, 0.16690E+00, 0.32775E-01
 0.18000E+02, 0.41000E+02, 0.10830E+04, 0.18106E+00, 0.30274E-01
 0.19000E+02, 0.41000E+02, 0.10224E+04, 0.19490E+00, 0.26866E-01
 0.20000E+02, 0.41000E+02, 0.10139E+04, 0.24345E+00, 0.21368E-01
 0.21000E+02, 0.41000E+02, 0.89661E+03, 0.36237E+00, 0.13047E-01
 0.22000E+02, 0.41000E+02, 0.84329E+03, 0.31491E+00, 0.14329E-01
 0.23000E+02, 0.41000E+02, 0.81385E+03, 0.27456E+00, 0.16002E-01
 0.24000E+02, 0.41000E+02, 0.78979E+03, 0.23478E+00, 0.18299E-01
 0.25000E+02, 0.41000E+02, 0.74362E+03, 0.27504E+00, 0.14942E-01
 0.26000E+02, 0.41000E+02, 0.69091E+03, 0.32525E+00, 0.11980E-01
 0.27000E+02, 0.41000E+02, 0.63159E+03, 0.38340E+00, 0.95378E-02
 0.28000E+02, 0.41000E+02, 0.59857E+03, 0.39455E+00, 0.89300E-02
 0.29000E+02, 0.41000E+02, 0.56430E+03, 0.33307E+00, 0.10162E-01
 0.30000E+02, 0.41000E+02, 0.55731E+03, 0.30638E+00, 0.10955E-01
 0.31000E+02, 0.41000E+02, 0.54768E+03, 0.26057E+00, 0.12732E-01
 0.32000E+02, 0.41000E+02, 0.51247E+03, 0.23650E+00, 0.13426E-01
 0.33000E+02, 0.41000E+02, 0.47002E+03, 0.25490E+00, 0.11784E-01
 0.34000E+02, 0.41000E+02, 0.37130E+03, 0.28862E+00, 0.90248E-02
 0.35000E+02, 0.41000E+02, 0.37982E+03, 0.26658E+00, 0.99002E-02
 0.36000E+02, 0.41000E+02, 0.41064E+03, 0.24442E+00, 0.11307E-01
 0.37000E+02, 0.41000E+02, 0.40516E+03, 0.23456E+00, 0.11688E-01
 0.38000E+02, 0.41000E+02, 0.38565E+03, 0.24814E+00, 0.10731E-01
 0.39000E+02, 0.41000E+02, 0.32616E+03, 0.25424E+00, 0.95276E-02
 0.40000E+02, 0.41000E+02, 0.28051E+03, 0.26260E+00, 0.85215E-02
 0.41000E+02, 0.41000E+02, 0.33745E+03, 0.21897E+00, 0.11271E-01
 0.42000E+02, 0.41000E+02, 0.37774E+03, 0.18440E+00, 0.14267E-01
 0.43000E+02, 0.41000E+02, 0.27027E+03, 0.25237E+00, 0.87031E-02
 0.44000E+02, 0.41000E+02, 0.27124E+03, 0.25267E+00, 0.87083E-02
 0.45000E+02, 0.41000E+02, 0.31275E+03, 0.21643E+00, 0.10942E-01
 0.46000E+02, 0.41000E+02, 0.26583E+03, 0.24386E+00, 0.89331E-02
 0.47000E+02, 0.41000E+02, 0.26313E+03, 0.24868E+00, 0.87161E-02
 0.48000E+02, 0.41000E+02, 0.19542E+03, 0.26610E+00, 0.71173E-02
 0.49000E+02, 0.41000E+02, 0.19863E+03, 0.25869E+00, 0.73710E-02
 0.50000E+02, 0.41000E+02, 0.21078E+03, 0.24486E+00, 0.79881E-02
 0.51000E+02, 0.41000E+02, 0.22863E+03, 0.23486E+00, 0.86352E-02
 0.52000E+02, 0.41000E+02, 0.24810E+03, 0.21624E+00, 0.97429E-02
 0.53000E+02, 0.41000E+02, 0.27195E+03, 0.19315E+00, 0.11406E-01
 0.54000E+02, 0.41000E+02, 0.26461E+03, 0.19120E+00, 0.11367E-01
 0.55000E+02, 0.41000E+02, 0.25634E+03, 0.19298E+00, 0.11090E-01
 0.56000E+02, 0.41000E+02, 0.26537E+03, 0.17773E+00, 0.12246E-01
 0.57000E+02, 0.41000E+02, 0.26055E+03, 0.17133E+00, 0.12590E-01
 0.58000E+02, 0.41000E+02, 0.21385E+03, 0.18472E+00, 0.10656E-01
 0.59000E+02, 0.41000E+02, 0.16948E+03, 0.20727E+00, 0.86312E-02
 0.60000E+02, 0.41000E+02, 0.18570E+03, 0.20454E+00, 0.90673E-02
 0.61000E+02, 0.41000E+02, 0.21092E+03, 0.20079E+00, 0.97444E-02
 0.62000E+02, 0.41000E+02, 0.21953E+03, 0.19808E+00, 0.10053E-01
 0.63000E+02, 0.41000E+02, 0.21209E+03, 0.19243E+00, 0.10192E-01
 0.64000E+02, 0.41000E+02, 0.19591E+03, 0.18582E+00, 0.10202E-01
 0.65000E+02, 0.41000E+02, 0.22134E+03, 0.17547E+00, 0.11390E-01
 0.00000E+00, 0.42000E+02, 0.69574E+03, 0.22644E+00, 0.17294E-01
 0.10000E+01, 0.42000E+02, 0.78043E+03, 0.19842E+00, 0.21461E-01
 0.20000E+01, 0.42000E+02, 0.85036E+03, 0.18289E+00, 0.24829E-01
 0.30000E+01, 0.42000E+02, 0.77119E+03, 0.18407E+00, 0.22932E-01
 0.40000E+01, 0.42000E+02, 0.68819E+03, 0.17484E+00, 0.22223E-01
 0.50000E+01, 0.42000E+02, 0.65545E+03, 0.15412E+00, 0.24353E-01
 0.60000E+01, 0.42000E+02, 0.39756E+03, 0.16333E+00, 0.16597E-01
 0.70000E+01, 0.42000E+02, 0.37313E+03, 0.14761E+00, 0.17697E-01
 0.80000E+01, 0.42000E+02, 0.64342E+03, 0.15947E+00, 0.23230E-01
 0.90000E+01, 0.42000E+02, 0.70722E+03, 0.25703E+00, 0.15416E-01
 0.10000E+02, 0.42000E+02, 0.66207E+03, 0.31007E+00, 0.12191E-01
 0.11000E+02, 0.42000E+02, 0.73898E+03, 0.22148E+00, 0.18470E-01
 0.12000E+02, 0.42000E+02, 0.77711E+03, 0.22496E+00, 0.18870E-01
 0.13000E+02, 0.42000E+02, 0.82840E+03, 0.23872E+00, 0.18651E-01
 0.14000E+02, 0.42000E+02, 0.89894E+03, 0.20842E+00, 0.22730E-01
 0.15000E+02, 0.42000E+02, 0.95968E+03, 0.24757E+00, 0.20127E-01
 0.16000E+02, 0.42000E+02, 0.10350E+04, 0.19519E+00, 0.27089E-01
 0.17000E+02, 0.42000E+02, 0.10884E+04, 0.21146E+00, 0.26024E-01
 0.18000E+02, 0.42000E+02, 0.10773E+04, 0.34372E+00, 0.15880E-01
 0.19000E+02, 0.42000E+02, 0.10012E+04, 0.47270E+00, 0.10897E-01
 0.20000E+02, 0.42000E+02, 0.92781E+03, 0.32543E+00, 0.14916E-01
 0.21000E+02, 0.42000E+02, 0.84992E+03, 0.23682E+00, 0.19168E-01
 0.22000E+02, 0.42000E+02, 0.81284E+03, 0.26101E+00, 0.16817E-01
 0.23000E+02, 0.42000E+02, 0.77133E+03, 0.29358E+00, 0.14380E-01
 0.24000E+02, 0.42000E+02, 0.73136E+03, 0.33281E+00, 0.12199E-01
 0.25000E+02, 0.42000E+02, 0.75193E+03, 0.26486E+00, 0.15643E-01
 0.26000E+02, 0.42000E+02, 0.61530E+03, 0.38047E+00, 0.94382E-02
 0.27000E+02, 0.42000E+02, 0.47310E+03, 0.47615E+00, 0.63345E-02
 0.28000E+02, 0.42000E+02, 0.48111E+03, 0.44338E+00, 0.68758E-02
 0.29000E+02, 0.42000E+02, 0.53691E+03, 0.32972E+00, 0.99300E-02
 0.30000E+02, 0.42000E+02, 0.43719E+03, 0.30828E+00, 0.93133E-02
 0.31000E+02, 0.42000E+02, 0.45205E+03, 0.28552E+00, 0.10266E-01
 0.32000E+02, 0.42000E+02, 0.51024E+03, 0.25261E+00, 0.12534E-01
 0.33000E+02, 0.42000E+02, 0.44186E+03, 0.28509E+00, 0.10137E-01
 0.34000E+02, 0.42000E+02, 0.31710E+03, 0.28757E+00, 0.82962E-02
 0.35000E+02, 0.42000E+02, 0.37455E+03, 0.23856E+00, 0.10974E-01
 0.36000E+02, 0.42000E+02, 0.43448E+03, 0.20982E+00, 0.13631E-01
 0.37000E+02, 0.42000E+02, 0.33882E+03, 0.24911E+00, 0.99292E-02
 0.38000E+02, 0.42000E+02, 0.28280E+03, 0.28807E+00, 0.78004E-02
 0.39000E+02, 0.42000E+02, 0.21978E+03, 0.29471E+00, 0.67603E-02
 0.40000E+02, 0.42000E+02, 0.26764E+03, 0.24997E+00, 0.87442E-02
 0.41000E+02, 0.42000E+02, 0.29229E+03, 0.20351E+00, 0.11230E-01
 0.42000E+02, 0.42000E+02, 0.31299E+03, 0.19841E+00, 0.11940E-01
 0.43000E+02, 0.42000E+02, 0.25877E+03, 0.22691E+00, 0.94748E-02
 0.44000E+02, 0.42000E+02, 0.24315E+03, 0.22477E+00, 0.92841E-02
 0.45000E+02, 0.42000E+02, 0.31265E+03, 0.20217E+00, 0.11712E-01
 0.46000E+02, 0.42000E+02, 0.35004E+03, 0.18005E+00, 0.13989E-01
 0.47000E+02, 0.42000E+02, 0.27520E+03, 0.22442E+00, 0.98759E-02
 0.48000E+02, 0.42000E+02, 0.27133E+03, 0.22882E+00, 0.96174E-02
 0.49000E+02, 0.42000E+02, 0.21144E+03, 0.25294E+00, 0.77433E-02
 0.50000E+02, 0.42000E+02, 0.19701E+03, 0.25922E+00, 0.73309E-02
 0.51000E+02, 0.42000E+02, 0.21179E+03, 0.24144E+00, 0.81181E-02
 0.52000E+02, 0.42000E+02, 0.22974E+03, 0.22671E+00, 0.89654E-02
 0.53000E+02, 0.42000E+02, 0.24552E+03, 0.20994E+00, 0.99858E-02
 0.54000E+02, 0.42000E+02, 0.25300E+03, 0.19751E+00, 0.10767E-01
 0.55000E+02, 0.42000E+02, 0.26423E+03, 0.18510E+00, 0.11734E-01
 0.56000E+02, 0.42000E+02, 0.26851E+03, 0.17787E+00, 0.12308E-01
 0.57000E+02, 0.42000E+02, 0.24757E+03, 0.18500E+00, 0.11376E-01
 0.58000E+02, 0.42000E+02, 0.22962E+03, 0.18632E+00, 0.10906E-01
 0.59000E+02, 0.42000E+02, 0.19033E+03, 0.19863E+00, 0.94310E-02
 0.60000E+02, 0.42000E+02, 0.16595E+03, 0.21157E+00, 0.83887E-02
 0.61000E+02, 0.42000E+02, 0.19718E+03, 0.20269E+00, 0.93789E-02
 0.62000E+02, 0.42000E+02, 0.21897E+03, 0.19246E+00, 0.10335E-01
 0.63000E+02, 0.42000E+02, 0.19456E+03, 0.18819E+00, 0.10046E-01
 0.64000E+02, 0.42000E+02, 0.19373E+03, 0.18723E+00, 0.10079E-01
 0.65000E+02, 0.42000E+02, 0.20540E+03, 0.18198E+00, 0.10628E-01
 0.00000E+00, 0.43000E+02, 0.80003E+03, 0.29286E+00, 0.14811E-01
 0.10000E+01, 0.43000E+02, 0.10146E+04, 0.22167E+00, 0.23480E-01
 0.20000E+01, 0.43000E+02, 0.10093E+04, 0.19424E+00, 0.26687E-01
 0.30000E+01, 0.43000E+02, 0.90546E+03, 0.19266E+00, 0.24726E-01
 0.40000E+01, 0.43000E+02, 0.83097E+03, 0.17098E+00, 0.26101E-01
 0.50000E+01, 0.43000E+02, 0.69782E+03, 0.14409E+00, 0.27236E-01
 0.60000E+01, 0.43000E+02, 0.36759E+03, 0.14192E+00, 0.18248E-01
 0.70000E+01, 0.43000E+02, 0.36701E+03, 0.14202E+00, 0.18218E-01
 0.80000E+01, 0.43000E+02, 0.64832E+03, 0.16065E+00, 0.23183E-01
 0.90000E+01, 0.43000E+02, 0.73353E+03, 0.17842E+00, 0.22804E-01
 0.10000E+02, 0.43000E+02, 0.73491E+03, 0.23368E+00, 0.17436E-01
 0.11000E+02, 0.43000E+02, 0.73966E+03, 0.23189E+00, 0.17654E-01
 0.12000E+02, 0.43000E+02, 0.78436E+03, 0.21877E+00, 0.19538E-01
 0.13000E+02, 0.43000E+02, 0.83980E+03, 0.22126E+00, 0.20331E-01
 0.14000E+02, 0.43000E+02, 0.90919E+03, 0.19138E+00, 0.24970E-01
 0.15000E+02, 0.43000E+02, 0.96352E+03, 0.15941E+00, 0.31355E-01
 0.16000E+02, 0.43000E+02, 0.10090E+04, 0.16194E+00, 0.32000E-01
 0.17000E+02, 0.43000E+02, 0.10933E+04, 0.23140E+00, 0.23868E-01
 0.18000E+02, 0.43000E+02, 0.10135E+04, 0.29853E+00, 0.17420E-01
 0.19000E+02, 0.43000E+02, 0.96109E+03, 0.34917E+00, 0.14287E-01
 0.20000E+02, 0.43000E+02, 0.92811E+03, 0.18082E+00, 0.26852E-01
 0.21000E+02, 0.43000E+02, 0.82260E+03, 0.22398E+00, 0.19773E-01
 0.22000E+02, 0.43000E+02, 0.75099E+03, 0.26078E+00, 0.15873E-01
 0.23000E+02, 0.43000E+02, 0.73021E+03, 0.29208E+00, 0.13885E-01
 0.24000E+02, 0.43000E+02, 0.76228E+03, 0.25120E+00, 0.16660E-01
 0.25000E+02, 0.43000E+02, 0.80052E+03, 0.22512E+00, 0.19277E-01
 0.26000E+02, 0.43000E+02, 0.76165E+03, 0.25656E+00, 0.16302E-01
 0.27000E+02, 0.43000E+02, 0.61768E+03, 0.34148E+00, 0.10544E-01
 0.28000E+02, 0.43000E+02, 0.42850E+03, 0.36847E+00, 0.76967E-02
 0.29000E+02, 0.43000E+02, 0.37655E+03, 0.36418E+00, 0.72106E-02
 0.30000E+02, 0.43000E+02, 0.41592E+03, 0.32725E+00, 0.85106E-02
 0.31000E+02, 0.43000E+02, 0.45067E+03, 0.31156E+00, 0.93899E-02
 0.32000E+02, 0.43000E+02, 0.50139E+03, 0.29399E+00, 0.10648E-01
 0.33000E+02, 0.43000E+02, 0.30099E+03, 0.27776E+00, 0.83547E-02
 0.34000E+02, 0.43000E+02, 0.32169E+03, 0.25451E+00, 0.94467E-02
 0.35000E+02, 0.43000E+02, 0.34566E+03, 0.23812E+00, 0.10504E-01
 0.36000E+02, 0.43000E+02, 0.32536E+03, 0.24414E+00, 0.99084E-02
 0.37000E+02, 0.43000E+02, 0.21953E+03, 0.30189E+00, 0.65963E-02
 0.38000E+02, 0.43000E+02, 0.17688E+03, 0.31733E+00, 0.57319E-02
 0.39000E+02, 0.43000E+02, 0.22365E+03, 0.26486E+00, 0.75814E-02
 0.40000E+02, 0.43000E+02, 0.26576E+03, 0.23763E+00, 0.91664E-02
 0.41000E+02, 0.43000E+02, 0.30953E+03, 0.21019E+00, 0.11204E-01
 0.42000E+02, 0.43000E+02, 0.31179E+03, 0.19158E+00, 0.12341E-01
 0.43000E+02, 0.43000E+02, 0.32245E+03, 0.17008E+00, 0.14154E-01
 0.44000E+02, 0.43000E+02, 0.33433E+03, 0.16267E+00, 0.15094E-01
 0.45000E+02, 0.43000E+02, 0.33367E+03, 0.16827E+00, 0.14576E-01
 0.46000E+02, 0.43000E+02, 0.35710E+03, 0.14996E+00, 0.16987E-01
 0.47000E+02, 0.43000E+02, 0.35242E+03, 0.14825E+00, 0.17055E-01
 0.48000E+02, 0.43000E+02, 0.31700E+03, 0.16297E+00, 0.14636E-01
 0.49000E+02, 0.43000E+02, 0.29281E+03, 0.19375E+00, 0.11807E-01
 0.50000E+02, 0.43000E+02, 0.28906E+03, 0.18849E+00, 0.12056E-01
 0.51000E+02, 0.43000E+02, 0.19231E+03, 0.25009E+00, 0.75224E-02
 0.52000E+02, 0.43000E+02, 0.20711E+03, 0.23699E+00, 0.81908E-02
 0.53000E+02, 0.43000E+02, 0.24130E+03, 0.21052E+00, 0.98768E-02
 0.54000E+02, 0.43000E+02, 0.24562E+03, 0.20285E+00, 0.10337E-01
 0.55000E+02, 0.43000E+02, 0.26661E+03, 0.18149E+00, 0.12021E-01
 0.56000E+02, 0.43000E+02, 0.26453E+03, 0.17774E+00, 0.12227E-01
 0.57000E+02, 0.43000E+02, 0.20320E+03, 0.20413E+00, 0.94317E-02
 0.58000E+02, 0.43000E+02, 0.15332E+03, 0.23993E+00, 0.71842E-02
 0.59000E+02, 0.43000E+02, 0.15922E+03, 0.23093E+00, 0.75676E-02
 0.60000E+02, 0.43000E+02, 0.18590E+03, 0.20461E+00, 0.90680E-02
 0.61000E+02, 0.43000E+02, 0.20070E+03, 0.19567E+00, 0.97881E-02
 0.62000E+02, 0.43000E+02, 0.21852E+03, 0.18520E+00, 0.10730E-01
 0.63000E+02, 0.43000E+02, 0.18668E+03, 0.19028E+00, 0.97673E-02
 0.64000E+02, 0.43000E+02, 0.18264E+03, 0.18218E+00, 0.10112E-01
 0.65000E+02, 0.43000E+02, 0.20362E+03, 0.17149E+00, 0.11237E-01
 0.00000E+00, 0.44000E+02, 0.36375E+03, 0.49654E+00, 0.51844E-02
 0.10000E+01, 0.44000E+02, 0.91262E+03, 0.24435E+00, 0.19614E-01
 0.20000E+01, 0.44000E+02, 0.10664E+04, 0.21116E+00, 0.25640E-01
 0.30000E+01, 0.44000E+02, 0.98557E+03, 0.18506E+00, 0.27491E-01
 0.40000E+01, 0.44000E+02, 0.86456E+03, 0.17219E+00, 0.26705E-01
 0.50000E+01, 0.44000E+02, 0.68521E+03, 0.13981E+00, 0.27707E-01
 0.60000E+01, 0.44000E+02, 0.35863E+03, 0.13773E+00, 0.18541E-01
 0.70000E+01, 0.44000E+02, 0.36376E+03, 0.13837E+00, 0.18604E-01
 0.80000E+01, 0.44000E+02, 0.59908E+03, 0.15944E+00, 0.22111E-01
 0.90000E+01, 0.44000E+02, 0.69997E+03, 0.16977E+00, 0.23168E-01
 0.10000E+02, 0.44000E+02, 0.74632E+03, 0.17167E+00, 0.24003E-01
 0.11000E+02, 0.44000E+02, 0.78445E+03, 0.19672E+00, 0.21729E-01
 0.12000E+02, 0.44000E+02, 0.81236E+03, 0.21600E+00, 0.20312E-01
 0.13000E+02, 0.44000E+02, 0.82907E+03, 0.22368E+00, 0.19917E-01
 0.14000E+02, 0.44000E+02, 0.87376E+03, 0.18690E+00, 0.24802E-01
 0.15000E+02, 0.44000E+02, 0.92231E+03, 0.17061E+00, 0.28320E-01
 0.16000E+02, 0.44000E+02, 0.95645E+03, 0.15995E+00, 0.31071E-01
 0.17000E+02, 0.44000E+02, 0.98634E+03, 0.16115E+00, 0.31589E-01
 0.18000E+02, 0.44000E+02, 0.10110E+04, 0.16632E+00, 0.31208E-01
 0.19000E+02, 0.44000E+02, 0.96142E+03, 0.20929E+00, 0.23843E-01
 0.20000E+02, 0.44000E+02, 0.80490E+03, 0.30690E+00, 0.14198E-01
 0.21000E+02, 0.44000E+02, 0.65873E+03, 0.42891E+00, 0.87816E-02
 0.22000E+02, 0.44000E+02, 0.63792E+03, 0.34334E+00, 0.10725E-01
 0.23000E+02, 0.44000E+02, 0.64402E+03, 0.32511E+00, 0.11402E-01
 0.24000E+02, 0.44000E+02, 0.63648E+03, 0.33350E+00, 0.11024E-01
 0.25000E+02, 0.44000E+02, 0.69136E+03, 0.25712E+00, 0.15161E-01
 0.26000E+02, 0.44000E+02, 0.94626E+03, 0.19148E+00, 0.25740E-01
 0.27000E+02, 0.44000E+02, 0.70374E+03, 0.30259E+00, 0.13049E-01
 0.28000E+02, 0.44000E+02, 0.44411E+03, 0.34496E+00, 0.84041E-02
 0.29000E+02, 0.44000E+02, 0.42136E+03, 0.30011E+00, 0.93535E-02
 0.30000E+02, 0.44000E+02, 0.33107E+03, 0.32460E+00, 0.75237E-02
 0.31000E+02, 0.44000E+02, 0.35854E+03, 0.30016E+00, 0.85061E-02
 0.32000E+02, 0.44000E+02, 0.33901E+03, 0.26603E+00, 0.93006E-02
 0.33000E+02, 0.44000E+02, 0.31664E+03, 0.23398E+00, 0.10188E-01
 0.34000E+02, 0.44000E+02, 0.24570E+03, 0.24044E+00, 0.87220E-02
 0.35000E+02, 0.44000E+02, 0.27059E+03, 0.23318E+00, 0.94248E-02
 0.36000E+02, 0.44000E+02, 0.22586E+03, 0.25891E+00, 0.77899E-02
 0.37000E+02, 0.44000E+02, 0.26169E+03, 0.27124E+00, 0.79696E-02
 0.38000E+02, 0.44000E+02, 0.25685E+03, 0.24958E+00, 0.85831E-02
 0.39000E+02, 0.44000E+02, 0.28747E+03, 0.22635E+00, 0.10011E-01
 0.40000E+02, 0.44000E+02, 0.35124E+03, 0.19911E+00, 0.12675E-01
 0.41000E+02, 0.44000E+02, 0.35800E+03, 0.17602E+00, 0.14493E-01
 0.42000E+02, 0.44000E+02, 0.27874E+03, 0.19749E+00, 0.11295E-01
 0.43000E+02, 0.44000E+02, 0.32020E+03, 0.17460E+00, 0.13736E-01
 0.44000E+02, 0.44000E+02, 0.31461E+03, 0.17242E+00, 0.13778E-01
 0.45000E+02, 0.44000E+02, 0.31889E+03, 0.16551E+00, 0.14457E-01
 0.46000E+02, 0.44000E+02, 0.30508E+03, 0.15870E+00, 0.14727E-01
 0.47000E+02, 0.44000E+02, 0.30399E+03, 0.16108E+00, 0.14482E-01
 0.48000E+02, 0.44000E+02, 0.29889E+03, 0.16655E+00, 0.13882E-01
 0.49000E+02, 0.44000E+02, 0.32788E+03, 0.14438E+00, 0.16826E-01
 0.50000E+02, 0.44000E+02, 0.26394E+03, 0.17902E+00, 0.12126E-01
 0.51000E+02, 0.44000E+02, 0.20232E+03, 0.23479E+00, 0.81852E-02
 0.52000E+02, 0.44000E+02, 0.22505E+03, 0.20892E+00, 0.96385E-02
 0.53000E+02, 0.44000E+02, 0.26080E+03, 0.18231E+00, 0.11838E-01
 0.54000E+02, 0.44000E+02, 0.26599E+03, 0.17544E+00, 0.12421E-01
 0.55000E+02, 0.44000E+02, 0.27659E+03, 0.15965E+00, 0.13918E-01
 0.56000E+02, 0.44000E+02, 0.26148E+03, 0.16839E+00, 0.12832E-01
 0.57000E+02, 0.44000E+02, 0.24565E+03, 0.17473E+00, 0.12001E-01
 0.58000E+02, 0.44000E+02, 0.20941E+03, 0.18679E+00, 0.10442E-01
 0.59000E+02, 0.44000E+02, 0.21216E+03, 0.17826E+00, 0.11004E-01
 0.60000E+02, 0.44000E+02, 0.21111E+03, 0.18165E+00, 0.10775E-01
 0.61000E+02, 0.44000E+02, 0.20142E+03, 0.18784E+00, 0.10211E-01
 0.62000E+02, 0.44000E+02, 0.19518E+03, 0.19436E+00, 0.97391E-02
 0.63000E+02, 0.44000E+02, 0.18092E+03, 0.19727E+00, 0.93032E-02
 0.64000E+02, 0.44000E+02, 0.17041E+03, 0.18668E+00, 0.96034E-02
 0.65000E+02, 0.44000E+02, 0.21402E+03, 0.16022E+00, 0.12290E-01
 0.00000E+00, 0.45000E+02, 0.84435E+03, 0.18054E+00, 0.25018E-01
 0.10000E+01, 0.45000E+02, 0.89204E+03, 0.15529E+00, 0.30327E-01
 0.20000E+01, 0.45000E+02, 0.87545E+03, 0.16624E+00, 0.27925E-01
 0.30000E+01, 0.45000E+02, 0.88774E+03, 0.16217E+00, 0.28934E-01
 0.40000E+01, 0.45000E+02, 0.85901E+03, 0.18815E+00, 0.24321E-01
 0.50000E+01, 0.45000E+02, 0.65319E+03, 0.11668E+00, 0.32090E-01
 0.60000E+01, 0.45000E+02, 0.34944E+03, 0.14022E+00, 0.17946E-01
 0.70000E+01, 0.45000E+02, 0.34454E+03, 0.13838E+00, 0.18042E-01
 0.80000E+01, 0.45000E+02, 0.54677E+03, 0.14103E+00, 0.23499E-01
 0.90000E+01, 0.45000E+02, 0.62977E+03, 0.15491E+00, 0.23559E-01
 0.10000E+02, 0.45000E+02, 0.65512E+03, 0.17948E+00, 0.20904E-01
 0.11000E+02, 0.45000E+02, 0.73715E+03, 0.17509E+00, 0.23323E-01
 0.12000E+02, 0.45000E+02, 0.67612E+03, 0.17710E+00, 0.21664E-01
 0.13000E+02, 0.45000E+02, 0.69734E+03, 0.15796E+00, 0.24832E-01
 0.14000E+02, 0.45000E+02, 0.71835E+03, 0.14536E+00, 0.27569E-01
 0.15000E+02, 0.45000E+02, 0.72628E+03, 0.13913E+00, 0.29034E-01
 0.16000E+02, 0.45000E+02, 0.79345E+03, 0.13253E+00, 0.32529E-01
 0.17000E+02, 0.45000E+02, 0.80934E+03, 0.12897E+00, 0.33925E-01
 0.18000E+02, 0.45000E+02, 0.83749E+03, 0.13392E+00, 0.33521E-01
 0.19000E+02, 0.45000E+02, 0.82361E+03, 0.15120E+00, 0.29318E-01
 0.20000E+02, 0.45000E+02, 0.77246E+03, 0.17232E+00, 0.24525E-01
 0.21000E+02, 0.45000E+02, 0.69777E+03, 0.25068E+00, 0.15655E-01
 0.22000E+02, 0.45000E+02, 0.62208E+03, 0.27820E+00, 0.13006E-01
 0.23000E+02, 0.45000E+02, 0.60345E+03, 0.24886E+00, 0.14237E-01
 0.24000E+02, 0.45000E+02, 0.59007E+03, 0.25693E+00, 0.13580E-01
 0.25000E+02, 0.45000E+02, 0.58782E+03, 0.25840E+00, 0.13467E-01
 0.26000E+02, 0.45000E+02, 0.84814E+03, 0.16298E+00, 0.27807E-01
 0.27000E+02, 0.45000E+02, 0.80685E+03, 0.20030E+00, 0.21793E-01
 0.28000E+02, 0.45000E+02, 0.60525E+03, 0.26453E+00, 0.13421E-01
 0.29000E+02, 0.45000E+02, 0.57425E+03, 0.25613E+00, 0.13372E-01
 0.30000E+02, 0.45000E+02, 0.43488E+03, 0.27331E+00, 0.10471E-01
 0.31000E+02, 0.45000E+02, 0.39815E+03, 0.26734E+00, 0.10149E-01
 0.32000E+02, 0.45000E+02, 0.44065E+03, 0.24475E+00, 0.11788E-01
 0.33000E+02, 0.45000E+02, 0.44910E+03, 0.22511E+00, 0.12968E-01
 0.34000E+02, 0.45000E+02, 0.21813E+03, 0.22161E+00, 0.89601E-02
 0.35000E+02, 0.45000E+02, 0.24043E+03, 0.19529E+00, 0.10630E-01
 0.36000E+02, 0.45000E+02, 0.24221E+03, 0.20188E+00, 0.10318E-01
 0.37000E+02, 0.45000E+02, 0.28059E+03, 0.20987E+00, 0.10664E-01
 0.38000E+02, 0.45000E+02, 0.30140E+03, 0.20197E+00, 0.11498E-01
 0.39000E+02, 0.45000E+02, 0.30676E+03, 0.20253E+00, 0.11573E-01
 0.40000E+02, 0.45000E+02, 0.33148E+03, 0.19096E+00, 0.12797E-01
 0.41000E+02, 0.45000E+02, 0.34177E+03, 0.17262E+00, 0.14398E-01
 0.42000E+02, 0.45000E+02, 0.31461E+03, 0.17184E+00, 0.13825E-01
 0.43000E+02, 0.45000E+02, 0.33615E+03, 0.16164E+00, 0.15235E-01
 0.44000E+02, 0.45000E+02, 0.31548E+03, 0.15765E+00, 0.15091E-01
 0.45000E+02, 0.45000E+02, 0.27879E+03, 0.17145E+00, 0.13012E-01
 0.46000E+02, 0.45000E+02, 0.31078E+03, 0.15236E+00, 0.15490E-01
 0.47000E+02, 0.45000E+02, 0.32599E+03, 0.12990E+00, 0.18642E-01
 0.48000E+02, 0.45000E+02, 0.28262E+03, 0.14634E+00, 0.15350E-01
 0.49000E+02, 0.45000E+02, 0.28551E+03, 0.14849E+00, 0.15207E-01
 0.50000E+02, 0.45000E+02, 0.29791E+03, 0.13765E+00, 0.16768E-01
 0.51000E+02, 0.45000E+02, 0.28248E+03, 0.14311E+00, 0.15692E-01
 0.52000E+02, 0.45000E+02, 0.24717E+03, 0.16437E+00, 0.12795E-01
 0.53000E+02, 0.45000E+02, 0.26649E+03, 0.15272E+00, 0.14282E-01
 0.54000E+02, 0.45000E+02, 0.29401E+03, 0.12461E+00, 0.18396E-01
 0.55000E+02, 0.45000E+02, 0.27423E+03, 0.12862E+00, 0.17201E-01
 0.56000E+02, 0.45000E+02, 0.24377E+03, 0.15134E+00, 0.13806E-01
 0.57000E+02, 0.45000E+02, 0.23671E+03, 0.15099E+00, 0.13648E-01
 0.58000E+02, 0.45000E+02, 0.23916E+03, 0.13471E+00, 0.15371E-01
 0.59000E+02, 0.45000E+02, 0.22332E+03, 0.14605E+00, 0.13739E-01
 0.60000E+02, 0.45000E+02, 0.22020E+03, 0.15561E+00, 0.12815E-01
 0.61000E+02, 0.45000E+02, 0.20957E+03, 0.16097E+00, 0.12121E-01
 0.62000E+02, 0.45000E+02, 0.18854E+03, 0.17532E+00, 0.10644E-01
 0.63000E+02, 0.45000E+02, 0.16384E+03, 0.19720E+00, 0.89567E-02
 0.64000E+02, 0.45000E+02, 0.14291E+03, 0.21588E+00, 0.77897E-02
 0.65000E+02, 0.45000E+02, 0.20224E+03, 0.16724E+00, 0.11489E-01
 0.00000E+00, 0.46000E+02, 0.18409E+03, 0.26135E+00, 0.70714E-02
 0.10000E+01, 0.46000E+02, 0.15956E+03, 0.29243E+00, 0.59807E-02
 0.20000E+01, 0.46000E+02, 0.16392E+03, 0.29619E+00, 0.59642E-02
 0.30000E+01, 0.46000E+02, 0.16901E+03, 0.29445E+00, 0.60695E-02
 0.40000E+01, 0.46000E+02, 0.17834E+03, 0.28367E+00, 0.64329E-02
 0.50000E+01, 0.46000E+02, 0.17311E+03, 0.29419E+00, 0.61312E-02
 0.60000E+01, 0.46000E+02, 0.16604E+03, 0.30749E+00, 0.57730E-02
 0.70000E+01, 0.46000E+02, 0.16209E+03, 0.32704E+00, 0.53790E-02
 0.80000E+01, 0.46000E+02, 0.30523E+03, 0.21333E+00, 0.10958E-01
 0.90000E+01, 0.46000E+02, 0.22758E+03, 0.29385E+00, 0.68874E-02
 0.10000E+02, 0.46000E+02, 0.54758E+03, 0.22147E+00, 0.14978E-01
 0.11000E+02, 0.46000E+02, 0.57532E+03, 0.28073E+00, 0.12216E-01
 0.12000E+02, 0.46000E+02, 0.86527E+03, 0.21436E+00, 0.21465E-01
 0.13000E+02, 0.46000E+02, 0.85557E+03, 0.19381E+00, 0.23539E-01
 0.14000E+02, 0.46000E+02, 0.28210E+03, 0.51804E+00, 0.43322E-02
 0.15000E+02, 0.46000E+02, 0.22790E+03, 0.48056E+00, 0.42141E-02
 0.16000E+02, 0.46000E+02, 0.31251E+03, 0.26860E+00, 0.88131E-02
 0.17000E+02, 0.46000E+02, 0.30039E+03, 0.24195E+00, 0.95810E-02
 0.18000E+02, 0.46000E+02, 0.63407E+02, 0.85508E+00, 0.15908E-02
 0.19000E+02, 0.46000E+02, 0.64943E+02, 0.85460E+00, 0.15990E-02
 0.20000E+02, 0.46000E+02, 0.71175E+02, 0.76135E+00, 0.18279E-02
 0.21000E+02, 0.46000E+02, 0.64183E+02, 0.85642E+00, 0.15920E-02
 0.22000E+02, 0.46000E+02, 0.12016E+03, 0.40774E+00, 0.38988E-02
 0.23000E+02, 0.46000E+02, 0.14415E+03, 0.34663E+00, 0.48658E-02
 0.24000E+02, 0.46000E+02, 0.67616E+03, 0.16966E+00, 0.22616E-01
 0.25000E+02, 0.46000E+02, 0.79728E+03, 0.19442E+00, 0.22253E-01
 0.26000E+02, 0.46000E+02, 0.83776E+03, 0.19561E+00, 0.22954E-01
 0.27000E+02, 0.46000E+02, 0.75074E+03, 0.20415E+00, 0.20271E-01
 0.28000E+02, 0.46000E+02, 0.19110E+03, 0.23542E+00, 0.79704E-02
 0.29000E+02, 0.46000E+02, 0.18371E+03, 0.29393E+00, 0.62822E-02
 0.30000E+02, 0.46000E+02, 0.14981E+03, 0.39549E+00, 0.43225E-02
 0.31000E+02, 0.46000E+02, 0.21334E+03, 0.15183E+00, 0.12951E-01
 0.32000E+02, 0.46000E+02, 0.20256E+03, 0.17419E+00, 0.11038E-01
 0.33000E+02, 0.46000E+02, 0.19738E+03, 0.18139E+00, 0.10484E-01
 0.34000E+02, 0.46000E+02, 0.22000E+02, 0.30000E+02, 0.00000E+00
 0.35000E+02, 0.46000E+02, 0.20429E+03, 0.13885E+00, 0.13898E-01
 0.36000E+02, 0.46000E+02, 0.21318E+03, 0.16778E+00, 0.11716E-01
 0.37000E+02, 0.46000E+02, 0.44264E+02, 0.12802E+01, 0.10022E-02
 0.38000E+02, 0.46000E+02, 0.73666E+02, 0.64951E+00, 0.21582E-02
 0.39000E+02, 0.46000E+02, 0.47612E+02, 0.11618E+01, 0.11159E-02
 0.40000E+02, 0.46000E+02, 0.29358E+02, 0.39779E+01, 0.30737E-03
 0.41000E+02, 0.46000E+02, 0.27458E+02, 0.54216E+01, 0.22411E-03
 0.42000E+02, 0.46000E+02, 0.27254E+02, 0.59345E+01, 0.20460E-03
 0.43000E+02, 0.46000E+02, 0.31387E+02, 0.29776E+01, 0.41338E-03
 0.44000E+02, 0.46000E+02, 0.33435E+02, 0.21588E+01, 0.57401E-03
 0.45000E+02, 0.46000E+02, 0.28178E+02, 0.38623E+01, 0.31534E-03
 0.46000E+02, 0.46000E+02, 0.33232E+02, 0.23156E+01, 0.53479E-03
 0.47000E+02, 0.46000E+02, 0.66181E+02, 0.61116E+00, 0.22441E-02
 0.48000E+02, 0.46000E+02, 0.66984E+02, 0.60964E+00, 0.22551E-02
 0.49000E+02, 0.46000E+02, 0.52247E+02, 0.93771E+00, 0.14026E-02
 0.50000E+02, 0.46000E+02, 0.28654E+02, 0.42916E+01, 0.28424E-03
 0.51000E+02, 0.46000E+02, 0.24517E+02, 0.11414E+02, 0.10541E-03
 0.52000E+02, 0.46000E+02, 0.22508E+02, 0.30000E+02, 0.24124E-04
 0.53000E+02, 0.46000E+02, 0.23449E+02, 0.22610E+02, 0.53020E-04
 0.54000E+02, 0.46000E+02, 0.28653E+02, 0.35018E+01, 0.34834E-03
 0.55000E+02, 0.46000E+02, 0.68362E+02, 0.48200E+00, 0.28638E-02
 0.56000E+02, 0.46000E+02, 0.79559E+02, 0.40463E+00, 0.35232E-02
 0.57000E+02, 0.46000E+02, 0.10585E+03, 0.30930E+00, 0.49526E-02
 0.58000E+02, 0.46000E+02, 0.54478E+02, 0.67437E+00, 0.19636E-02
 0.59000E+02, 0.46000E+02, 0.29287E+02, 0.22738E+01, 0.53761E-03
 0.60000E+02, 0.46000E+02, 0.23624E+02, 0.59782E+01, 0.20065E-03
 0.61000E+02, 0.46000E+02, 0.31182E+02, 0.19039E+01, 0.64607E-03
 0.62000E+02, 0.46000E+02, 0.52679E+02, 0.67365E+00, 0.19549E-02
 0.63000E+02, 0.46000E+02, 0.89245E+02, 0.33564E+00, 0.43641E-02
 0.64000E+02, 0.46000E+02, 0.13571E+03, 0.21897E+00, 0.75468E-02
 0.65000E+02, 0.46000E+02, 0.19967E+03, 0.17453E+00, 0.10949E-01
 0.00000E+00, 0.47000E+02, 0.18853E+03, 0.26413E+00, 0.70649E-02
 0.10000E+01, 0.47000E+02, 0.17900E+03, 0.27313E+00, 0.66910E-02
 0.20000E+01, 0.47000E+02, 0.17831E+03, 0.27595E+00, 0.66126E-02
 0.30000E+01, 0.47000E+02, 0.17438E+03, 0.27856E+00, 0.64936E-02
 0.40000E+01, 0.47000E+02, 0.17479E+03, 0.29108E+00, 0.62198E-02
 0.50000E+01, 0.47000E+02, 0.18439E+03, 0.29759E+00, 0.62143E-02
 0.60000E+01, 0.47000E+02, 0.18610E+03, 0.30415E+00, 0.61029E-02
 0.70000E+01, 0.47000E+02, 0.18861E+03, 0.31969E+00, 0.58379E-02
 0.80000E+01, 0.47000E+02, 0.27880E+03, 0.23492E+00, 0.94964E-02
 0.90000E+01, 0.47000E+02, 0.30132E+03, 0.25993E+00, 0.89329E-02
 0.10000E+02, 0.47000E+02, 0.46989E+03, 0.22806E+00, 0.13169E-01
 0.11000E+02, 0.47000E+02, 0.41312E+03, 0.28521E+00, 0.97254E-02
 0.12000E+02, 0.47000E+02, 0.30193E+03, 0.39185E+00, 0.59318E-02
 0.13000E+02, 0.47000E+02, 0.30379E+03, 0.47294E+00, 0.49306E-02
 0.14000E+02, 0.47000E+02, 0.26179E+03, 0.49557E+00, 0.43629E-02
 0.15000E+02, 0.47000E+02, 0.28148E+03, 0.38120E+00, 0.58807E-02
 0.16000E+02, 0.47000E+02, 0.29364E+03, 0.30574E+00, 0.74928E-02
 0.17000E+02, 0.47000E+02, 0.30231E+03, 0.25428E+00, 0.91470E-02
 0.18000E+02, 0.47000E+02, 0.62721E+02, 0.88301E+00, 0.15374E-02
 0.19000E+02, 0.47000E+02, 0.63192E+02, 0.88115E+00, 0.15428E-02
 0.20000E+02, 0.47000E+02, 0.69512E+02, 0.76829E+00, 0.18027E-02
 0.21000E+02, 0.47000E+02, 0.53299E+02, 0.10998E+01, 0.11998E-02
 0.22000E+02, 0.47000E+02, 0.13150E+03, 0.44731E+00, 0.36564E-02
 0.23000E+02, 0.47000E+02, 0.24431E+03, 0.27514E+00, 0.76017E-02
 0.24000E+02, 0.47000E+02, 0.63802E+03, 0.17095E+00, 0.21543E-01
 0.25000E+02, 0.47000E+02, 0.76858E+03, 0.21222E+00, 0.19840E-01
 0.26000E+02, 0.47000E+02, 0.81175E+03, 0.20590E+00, 0.21297E-01
 0.27000E+02, 0.47000E+02, 0.80212E+03, 0.19633E+00, 0.22136E-01
 0.28000E+02, 0.47000E+02, 0.20915E+03, 0.24504E+00, 0.79553E-02
 0.29000E+02, 0.47000E+02, 0.18013E+03, 0.31068E+00, 0.58970E-02
 0.30000E+02, 0.47000E+02, 0.14344E+03, 0.39795E+00, 0.42311E-02
 0.31000E+02, 0.47000E+02, 0.21162E+03, 0.15698E+00, 0.12482E-01
 0.32000E+02, 0.47000E+02, 0.21244E+03, 0.16837E+00, 0.11657E-01
 0.33000E+02, 0.47000E+02, 0.20834E+03, 0.17319E+00, 0.11237E-01
 0.34000E+02, 0.47000E+02, 0.22000E+02, 0.30000E+02, 0.00000E+00
 0.35000E+02, 0.47000E+02, 0.20379E+03, 0.14319E+00, 0.13463E-01
 0.36000E+02, 0.47000E+02, 0.22444E+03, 0.16755E+00, 0.12004E-01
 0.37000E+02, 0.47000E+02, 0.40727E+02, 0.15231E+01, 0.83293E-03
 0.38000E+02, 0.47000E+02, 0.33230E+02, 0.24728E+01, 0.50078E-03
 0.39000E+02, 0.47000E+02, 0.25126E+02, 0.91466E+01, 0.13181E-03
 0.40000E+02, 0.47000E+02, 0.25804E+02, 0.82159E+01, 0.14707E-03
 0.41000E+02, 0.47000E+02, 0.26943E+02, 0.57702E+01, 0.21021E-03
 0.42000E+02, 0.47000E+02, 0.31390E+02, 0.32298E+01, 0.38111E-03
 0.43000E+02, 0.47000E+02, 0.32333E+02, 0.27131E+01, 0.45509E-03
 0.44000E+02, 0.47000E+02, 0.32597E+02, 0.21651E+01, 0.57076E-03
 0.45000E+02, 0.47000E+02, 0.25484E+02, 0.66309E+01, 0.18203E-03
 0.46000E+02, 0.47000E+02, 0.32453E+02, 0.25766E+01, 0.47939E-03
 0.47000E+02, 0.47000E+02, 0.35728E+02, 0.19478E+01, 0.64095E-03
 0.48000E+02, 0.47000E+02, 0.39421E+02, 0.15821E+01, 0.79855E-03
 0.49000E+02, 0.47000E+02, 0.37322E+02, 0.17361E+01, 0.72281E-03
 0.50000E+02, 0.47000E+02, 0.26450E+02, 0.54702E+01, 0.22137E-03
 0.51000E+02, 0.47000E+02, 0.22958E+02, 0.23354E+02, 0.51247E-04
 0.52000E+02, 0.47000E+02, 0.22542E+02, 0.30000E+02, 0.21323E-04
 0.53000E+02, 0.47000E+02, 0.23679E+02, 0.17667E+02, 0.67908E-04
 0.54000E+02, 0.47000E+02, 0.29594E+02, 0.28523E+01, 0.42901E-03
 0.55000E+02, 0.47000E+02, 0.57317E+02, 0.57984E+00, 0.23036E-02
 0.56000E+02, 0.47000E+02, 0.64316E+02, 0.56430E+00, 0.24171E-02
 0.57000E+02, 0.47000E+02, 0.46082E+02, 0.84538E+00, 0.15263E-02
 0.58000E+02, 0.47000E+02, 0.56070E+02, 0.57439E+00, 0.23166E-02
 0.59000E+02, 0.47000E+02, 0.29411E+02, 0.22516E+01, 0.54313E-03
 0.60000E+02, 0.47000E+02, 0.31812E+02, 0.16636E+01, 0.74092E-03
 0.61000E+02, 0.47000E+02, 0.31492E+02, 0.19218E+01, 0.64072E-03
 0.62000E+02, 0.47000E+02, 0.49925E+02, 0.75074E+00, 0.17394E-02
 0.63000E+02, 0.47000E+02, 0.59473E+02, 0.56695E+00, 0.23713E-02
 0.64000E+02, 0.47000E+02, 0.13338E+03, 0.21779E+00, 0.75446E-02
 0.65000E+02, 0.47000E+02, 0.18255E+03, 0.18050E+00, 0.10204E-01
 0.00000E+00, 0.48000E+02, 0.21455E+03, 0.24592E+00, 0.80156E-02
 0.10000E+01, 0.48000E+02, 0.19932E+03, 0.25760E+00, 0.74133E-02
 0.20000E+01, 0.48000E+02, 0.19550E+03, 0.26239E+00, 0.72190E-02
 0.30000E+01, 0.48000E+02, 0.18915E+03, 0.26838E+00, 0.69623E-02
 0.40000E+01, 0.48000E+02, 0.18490E+03, 0.29104E+00, 0.63612E-02
 0.50000E+01, 0.48000E+02, 0.19091E+03, 0.30105E+00, 0.62303E-02
 0.60000E+01, 0.48000E+02, 0.19004E+03, 0.32460E+00, 0.57676E-02
 0.70000E+01, 0.48000E+02, 0.18183E+03, 0.35560E+00, 0.51715E-02
 0.80000E+01, 0.48000E+02, 0.20104E+03, 0.33294E+00, 0.57565E-02
 0.90000E+01, 0.48000E+02, 0.25206E+03, 0.30543E+00, 0.69502E-02
 0.10000E+02, 0.48000E+02, 0.28712E+03, 0.33874E+00, 0.66850E-02
 0.11000E+02, 0.48000E+02, 0.30855E+03, 0.33296E+00, 0.70613E-02
 0.12000E+02, 0.48000E+02, 0.30241E+03, 0.36910E+00, 0.63027E-02
 0.13000E+02, 0.48000E+02, 0.24724E+03, 0.44747E+00, 0.47005E-02
 0.14000E+02, 0.48000E+02, 0.27160E+03, 0.42369E+00, 0.51967E-02
 0.15000E+02, 0.48000E+02, 0.23915E+03, 0.46852E+00, 0.44195E-02
 0.16000E+02, 0.48000E+02, 0.23237E+03, 0.45332E+00, 0.45073E-02
 0.17000E+02, 0.48000E+02, 0.30139E+03, 0.26893E+00, 0.86348E-02
 0.18000E+02, 0.48000E+02, 0.64883E+02, 0.83195E+00, 0.16423E-02
 0.19000E+02, 0.48000E+02, 0.72667E+02, 0.73416E+00, 0.19039E-02
 0.20000E+02, 0.48000E+02, 0.77468E+02, 0.67588E+00, 0.20967E-02
 0.21000E+02, 0.48000E+02, 0.63191E+02, 0.85945E+00, 0.15818E-02
 0.22000E+02, 0.48000E+02, 0.27191E+03, 0.27911E+00, 0.78931E-02
 0.23000E+02, 0.48000E+02, 0.25092E+03, 0.30422E+00, 0.69627E-02
 0.24000E+02, 0.48000E+02, 0.46393E+03, 0.18504E+00, 0.16100E-01
 0.25000E+02, 0.48000E+02, 0.76279E+03, 0.18719E+00, 0.22368E-01
 0.26000E+02, 0.48000E+02, 0.74457E+03, 0.21558E+00, 0.19081E-01
 0.27000E+02, 0.48000E+02, 0.72894E+03, 0.20158E+00, 0.20092E-01
 0.28000E+02, 0.48000E+02, 0.20566E+03, 0.25466E+00, 0.75992E-02
 0.29000E+02, 0.48000E+02, 0.15980E+03, 0.30420E+00, 0.57525E-02
 0.30000E+02, 0.48000E+02, 0.14454E+03, 0.37073E+00, 0.45539E-02
 0.31000E+02, 0.48000E+02, 0.88531E+02, 0.41875E+00, 0.34910E-02
 0.32000E+02, 0.48000E+02, 0.46523E+02, 0.93503E+00, 0.13818E-02
 0.33000E+02, 0.48000E+02, 0.39428E+02, 0.12462E+01, 0.10138E-02
 0.34000E+02, 0.48000E+02, 0.22000E+02, 0.30000E+02, 0.00000E+00
 0.35000E+02, 0.48000E+02, 0.20735E+03, 0.13388E+00, 0.14506E-01
 0.36000E+02, 0.48000E+02, 0.19535E+03, 0.15533E+00, 0.12190E-01
 0.37000E+02, 0.48000E+02, 0.33276E+02, 0.23872E+01, 0.51882E-03
 0.38000E+02, 0.48000E+02, 0.24678E+02, 0.10515E+02, 0.11448E-03
 0.39000E+02, 0.48000E+02, 0.25916E+02, 0.72002E+01, 0.16788E-03
 0.40000E+02, 0.48000E+02, 0.25827E+02, 0.68559E+01, 0.17626E-03
 0.41000E+02, 0.48000E+02, 0.28972E+02, 0.38196E+01, 0.31970E-03
 0.42000E+02, 0.48000E+02, 0.30871E+02, 0.32691E+01, 0.37588E-03
 0.43000E+02, 0.48000E+02, 0.32864E+02, 0.26392E+01, 0.46865E-03
 0.44000E+02, 0.48000E+02, 0.34127E+02, 0.18671E+01, 0.66520E-03
 0.45000E+02, 0.48000E+02, 0.25096E+02, 0.79364E+01, 0.15189E-03
 0.46000E+02, 0.48000E+02, 0.24013E+02, 0.12998E+02, 0.92402E-04
 0.47000E+02, 0.48000E+02, 0.23842E+02, 0.13045E+02, 0.92022E-04
 0.48000E+02, 0.48000E+02, 0.23997E+02, 0.12101E+02, 0.99246E-04
 0.49000E+02, 0.48000E+02, 0.23213E+02, 0.18547E+02, 0.64584E-04
 0.50000E+02, 0.48000E+02, 0.22740E+02, 0.29707E+02, 0.40258E-04
 0.51000E+02, 0.48000E+02, 0.22654E+02, 0.30000E+02, 0.36347E-04
 0.52000E+02, 0.48000E+02, 0.22403E+02, 0.30000E+02, 0.20813E-04
 0.53000E+02, 0.48000E+02, 0.24409E+02, 0.12276E+02, 0.97974E-04
 0.54000E+02, 0.48000E+02, 0.30493E+02, 0.25275E+01, 0.48556E-03
 0.55000E+02, 0.48000E+02, 0.51442E+02, 0.59432E+00, 0.22075E-02
 0.56000E+02, 0.48000E+02, 0.47324E+02, 0.78876E+00, 0.16422E-02
 0.57000E+02, 0.48000E+02, 0.50341E+02, 0.68684E+00, 0.19036E-02
 0.58000E+02, 0.48000E+02, 0.51935E+02, 0.61961E+00, 0.21206E-02
 0.59000E+02, 0.48000E+02, 0.39361E+02, 0.90853E+00, 0.13903E-02
 0.60000E+02, 0.48000E+02, 0.33610E+02, 0.11604E+01, 0.10685E-02
 0.61000E+02, 0.48000E+02, 0.31163E+02, 0.17799E+01, 0.69104E-03
 0.62000E+02, 0.48000E+02, 0.31341E+02, 0.17720E+01, 0.69453E-03
 0.63000E+02, 0.48000E+02, 0.32089E+02, 0.15790E+01, 0.78133E-03
 0.64000E+02, 0.48000E+02, 0.13311E+03, 0.21835E+00, 0.75200E-02
 0.65000E+02, 0.48000E+02, 0.15795E+03, 0.19178E+00, 0.90856E-02
 0.00000E+00, 0.49000E+02, 0.22618E+03, 0.24190E+00, 0.83433E-02
 0.10000E+01, 0.49000E+02, 0.19745E+03, 0.26010E+00, 0.73129E-02
 0.20000E+01, 0.49000E+02, 0.19780E+03, 0.27171E+00, 0.70055E-02
 0.30000E+01, 0.49000E+02, 0.19071E+03, 0.27934E+00, 0.67116E-02
 0.40000E+01, 0.49000E+02, 0.19280E+03, 0.29543E+00, 0.63748E-02
 0.50000E+01, 0.49000E+02, 0.19131E+03, 0.30927E+00, 0.60700E-02
 0.60000E+01, 0.49000E+02, 0.18832E+03, 0.32846E+00, 0.56785E-02
 0.70000E+01, 0.49000E+02, 0.17602E+03, 0.36098E+00, 0.50293E-02
 0.80000E+01, 0.49000E+02, 0.19061E+03, 0.36661E+00, 0.51129E-02
 0.90000E+01, 0.49000E+02, 0.20649E+03, 0.36087E+00, 0.53720E-02
 0.10000E+02, 0.49000E+02, 0.20851E+03, 0.35685E+00, 0.54555E-02
 0.11000E+02, 0.49000E+02, 0.21362E+03, 0.41777E+00, 0.47093E-02
 0.12000E+02, 0.49000E+02, 0.22842E+03, 0.41106E+00, 0.49317E-02
 0.13000E+02, 0.49000E+02, 0.26756E+03, 0.36679E+00, 0.59583E-02
 0.14000E+02, 0.49000E+02, 0.23772E+03, 0.36748E+00, 0.56189E-02
 0.15000E+02, 0.49000E+02, 0.23180E+03, 0.39587E+00, 0.51555E-02
 0.16000E+02, 0.49000E+02, 0.23289E+03, 0.38283E+00, 0.53426E-02
 0.17000E+02, 0.49000E+02, 0.32896E+03, 0.25933E+00, 0.93842E-02
 0.18000E+02, 0.49000E+02, 0.70641E+02, 0.74595E+00, 0.18628E-02
 0.19000E+02, 0.49000E+02, 0.74309E+02, 0.70909E+00, 0.19805E-02
 0.20000E+02, 0.49000E+02, 0.76426E+02, 0.68643E+00, 0.20584E-02
 0.21000E+02, 0.49000E+02, 0.75777E+02, 0.68421E+00, 0.20612E-02
 0.22000E+02, 0.49000E+02, 0.26916E+03, 0.25012E+00, 0.87635E-02
 0.23000E+02, 0.49000E+02, 0.32948E+03, 0.25324E+00, 0.96181E-02
 0.24000E+02, 0.49000E+02, 0.49062E+03, 0.17696E+00, 0.17445E-01
 0.25000E+02, 0.49000E+02, 0.68289E+03, 0.15883E+00, 0.24329E-01
 0.26000E+02, 0.49000E+02, 0.71286E+03, 0.19853E+00, 0.20073E-01
 0.27000E+02, 0.49000E+02, 0.66118E+03, 0.20062E+00, 0.18824E-01
 0.28000E+02, 0.49000E+02, 0.21613E+03, 0.24162E+00, 0.81847E-02
 0.29000E+02, 0.49000E+02, 0.17408E+03, 0.27668E+00, 0.65332E-02
 0.30000E+02, 0.49000E+02, 0.14888E+03, 0.33693E+00, 0.50627E-02
 0.31000E+02, 0.49000E+02, 0.46873E+02, 0.89084E+00, 0.14520E-02
 0.32000E+02, 0.49000E+02, 0.38734E+02, 0.12198E+01, 0.10335E-02
 0.33000E+02, 0.49000E+02, 0.44412E+02, 0.98082E+00, 0.13086E-02
 0.34000E+02, 0.49000E+02, 0.22000E+02, 0.30000E+02, 0.00000E+00
 0.35000E+02, 0.49000E+02, 0.21100E+03, 0.13031E+00, 0.15017E-01
 0.36000E+02, 0.49000E+02, 0.22194E+03, 0.14688E+00, 0.13624E-01
 0.37000E+02, 0.49000E+02, 0.32497E+02, 0.26464E+01, 0.46681E-03
 0.38000E+02, 0.49000E+02, 0.25415E+02, 0.81438E+01, 0.14818E-03
 0.39000E+02, 0.49000E+02, 0.27178E+02, 0.52366E+01, 0.23181E-03
 0.40000E+02, 0.49000E+02, 0.27618E+02, 0.49930E+01, 0.24347E-03
 0.41000E+02, 0.49000E+02, 0.30109E+02, 0.32526E+01, 0.37685E-03
 0.42000E+02, 0.49000E+02, 0.32947E+02, 0.25452E+01, 0.48610E-03
 0.43000E+02, 0.49000E+02, 0.36004E+02, 0.21139E+01, 0.59111E-03
 0.44000E+02, 0.49000E+02, 0.35504E+02, 0.17048E+01, 0.73176E-03
 0.45000E+02, 0.49000E+02, 0.25208E+02, 0.79247E+01, 0.15217E-03
 0.46000E+02, 0.49000E+02, 0.24433E+02, 0.10723E+02, 0.11217E-03
 0.47000E+02, 0.49000E+02, 0.22769E+02, 0.30000E+02, 0.39792E-04
 0.48000E+02, 0.49000E+02, 0.22488E+02, 0.30000E+02, 0.27105E-04
 0.49000E+02, 0.49000E+02, 0.22464E+02, 0.30000E+02, 0.25250E-04
 0.50000E+02, 0.49000E+02, 0.22341E+02, 0.30000E+02, 0.19734E-04
 0.51000E+02, 0.49000E+02, 0.22248E+02, 0.30000E+02, 0.16124E-04
 0.52000E+02, 0.49000E+02, 0.22291E+02, 0.30000E+02, 0.17439E-04
 0.53000E+02, 0.49000E+02, 0.25296E+02, 0.68976E+01, 0.17488E-03
 0.54000E+02, 0.49000E+02, 0.31455E+02, 0.22675E+01, 0.54297E-03
 0.55000E+02, 0.49000E+02, 0.49385E+02, 0.61585E+00, 0.21168E-02
 0.56000E+02, 0.49000E+02, 0.53725E+02, 0.60955E+00, 0.21675E-02
 0.57000E+02, 0.49000E+02, 0.53374E+02, 0.66463E+00, 0.19857E-02
 0.58000E+02, 0.49000E+02, 0.53279E+02, 0.58366E+00, 0.22605E-02
 0.59000E+02, 0.49000E+02, 0.44224E+02, 0.67795E+00, 0.18921E-02
 0.60000E+02, 0.49000E+02, 0.37451E+02, 0.89780E+00, 0.13983E-02
 0.61000E+02, 0.49000E+02, 0.34677E+02, 0.11478E+01, 0.10839E-02
 0.62000E+02, 0.49000E+02, 0.27185E+02, 0.25854E+01, 0.46953E-03
 0.63000E+02, 0.49000E+02, 0.22887E+02, 0.58162E+01, 0.20572E-03
 0.64000E+02, 0.49000E+02, 0.13948E+03, 0.18548E+00, 0.89919E-02
 0.65000E+02, 0.49000E+02, 0.15608E+03, 0.18633E+00, 0.93109E-02
 0.00000E+00, 0.50000E+02, 0.22449E+03, 0.24875E+00, 0.80860E-02
 0.10000E+01, 0.50000E+02, 0.19505E+03, 0.26581E+00, 0.71192E-02
 0.20000E+01, 0.50000E+02, 0.19772E+03, 0.27350E+00, 0.69585E-02
 0.30000E+01, 0.50000E+02, 0.20495E+03, 0.27881E+00, 0.69310E-02
 0.40000E+01, 0.50000E+02, 0.20374E+03, 0.29973E+00, 0.64308E-02
 0.50000E+01, 0.50000E+02, 0.19212E+03, 0.31734E+00, 0.59260E-02
 0.60000E+01, 0.50000E+02, 0.18036E+03, 0.33860E+00, 0.54135E-02
 0.70000E+01, 0.50000E+02, 0.17514E+03, 0.35195E+00, 0.51482E-02
 0.80000E+01, 0.50000E+02, 0.17924E+03, 0.35587E+00, 0.51381E-02
 0.90000E+01, 0.50000E+02, 0.20070E+03, 0.33681E+00, 0.56864E-02
 0.10000E+02, 0.50000E+02, 0.20707E+03, 0.33619E+00, 0.57735E-02
 0.11000E+02, 0.50000E+02, 0.22699E+03, 0.37174E+00, 0.54379E-02
 0.12000E+02, 0.50000E+02, 0.23371E+03, 0.32698E+00, 0.62654E-02
 0.13000E+02, 0.50000E+02, 0.22012E+03, 0.31671E+00, 0.62950E-02
 0.14000E+02, 0.50000E+02, 0.24231E+03, 0.29636E+00, 0.70300E-02
 0.15000E+02, 0.50000E+02, 0.23979E+03, 0.31256E+00, 0.66329E-02
 0.16000E+02, 0.50000E+02, 0.24365E+03, 0.30837E+00, 0.67737E-02
 0.17000E+02, 0.50000E+02, 0.31355E+03, 0.27344E+00, 0.86721E-02
 0.18000E+02, 0.50000E+02, 0.70278E+02, 0.74230E+00, 0.18700E-02
 0.19000E+02, 0.50000E+02, 0.89660E+02, 0.57177E+00, 0.25647E-02
 0.20000E+02, 0.50000E+02, 0.99193E+02, 0.50380E+00, 0.29872E-02
 0.21000E+02, 0.50000E+02, 0.97953E+02, 0.51783E+00, 0.28966E-02
 0.22000E+02, 0.50000E+02, 0.27832E+03, 0.23744E+00, 0.93875E-02
 0.23000E+02, 0.50000E+02, 0.40365E+03, 0.21018E+00, 0.13015E-01
 0.24000E+02, 0.50000E+02, 0.52579E+03, 0.17281E+00, 0.18686E-01
 0.25000E+02, 0.50000E+02, 0.62015E+03, 0.15352E+00, 0.23519E-01
 0.26000E+02, 0.50000E+02, 0.65735E+03, 0.18793E+00, 0.20012E-01
 0.27000E+02, 0.50000E+02, 0.76843E+03, 0.19770E+00, 0.21295E-01
 0.28000E+02, 0.50000E+02, 0.22217E+03, 0.22985E+00, 0.87100E-02
 0.29000E+02, 0.50000E+02, 0.17817E+03, 0.27226E+00, 0.66999E-02
 0.30000E+02, 0.50000E+02, 0.16717E+03, 0.29151E+00, 0.61052E-02
 0.31000E+02, 0.50000E+02, 0.37461E+02, 0.12696E+01, 0.98883E-03
 0.32000E+02, 0.50000E+02, 0.45227E+02, 0.92947E+00, 0.13845E-02
 0.33000E+02, 0.50000E+02, 0.45252E+02, 0.93058E+00, 0.13829E-02
 0.34000E+02, 0.50000E+02, 0.22000E+02, 0.30000E+02, 0.00000E+00
 0.35000E+02, 0.50000E+02, 0.19192E+03, 0.12785E+00, 0.14703E-01
 0.36000E+02, 0.50000E+02, 0.22152E+03, 0.13371E+00, 0.14953E-01
 0.37000E+02, 0.50000E+02, 0.30767E+02, 0.30546E+01, 0.40214E-03
 0.38000E+02, 0.50000E+02, 0.28049E+02, 0.41704E+01, 0.29191E-03
 0.39000E+02, 0.50000E+02, 0.29563E+02, 0.32612E+01, 0.37517E-03
 0.40000E+02, 0.50000E+02, 0.28713E+02, 0.38173E+01, 0.31962E-03
 0.41000E+02, 0.50000E+02, 0.31085E+02, 0.28082E+01, 0.43789E-03
 0.42000E+02, 0.50000E+02, 0.34252E+02, 0.22212E+01, 0.55936E-03
 0.43000E+02, 0.50000E+02, 0.36528E+02, 0.20243E+01, 0.61833E-03
 0.44000E+02, 0.50000E+02, 0.36180E+02, 0.16056E+01, 0.77867E-03
 0.45000E+02, 0.50000E+02, 0.25938E+02, 0.61320E+01, 0.19714E-03
 0.46000E+02, 0.50000E+02, 0.25326E+02, 0.72816E+01, 0.16568E-03
 0.47000E+02, 0.50000E+02, 0.22742E+02, 0.30000E+02, 0.37357E-04
 0.48000E+02, 0.50000E+02, 0.22580E+02, 0.30000E+02, 0.32965E-04
 0.49000E+02, 0.50000E+02, 0.22477E+02, 0.30000E+02, 0.27565E-04
 0.50000E+02, 0.50000E+02, 0.22457E+02, 0.30000E+02, 0.26749E-04
 0.51000E+02, 0.50000E+02, 0.22395E+02, 0.30000E+02, 0.23700E-04
 0.52000E+02, 0.50000E+02, 0.22516E+02, 0.30000E+02, 0.29068E-04
 0.53000E+02, 0.50000E+02, 0.24736E+02, 0.79259E+01, 0.15191E-03
 0.54000E+02, 0.50000E+02, 0.31109E+02, 0.23462E+01, 0.52416E-03
 0.55000E+02, 0.50000E+02, 0.45436E+02, 0.66789E+00, 0.19280E-02
 0.56000E+02, 0.50000E+02, 0.47238E+02, 0.66967E+00, 0.19337E-02
 0.57000E+02, 0.50000E+02, 0.56160E+02, 0.54184E+00, 0.24565E-02
 0.58000E+02, 0.50000E+02, 0.41313E+02, 0.69239E+00, 0.18357E-02
 0.59000E+02, 0.50000E+02, 0.38471E+02, 0.81581E+00, 0.15439E-02
 0.60000E+02, 0.50000E+02, 0.33554E+02, 0.10960E+01, 0.11311E-02
 0.61000E+02, 0.50000E+02, 0.31819E+02, 0.13936E+01, 0.88452E-03
 0.62000E+02, 0.50000E+02, 0.27693E+02, 0.24453E+01, 0.49726E-03
 0.63000E+02, 0.50000E+02, 0.22584E+02, 0.64756E+01, 0.18459E-03
 0.64000E+02, 0.50000E+02, 0.12908E+03, 0.17909E+00, 0.90781E-02
 0.65000E+02, 0.50000E+02, 0.16219E+03, 0.18240E+00, 0.96466E-02
 0.00000E+00, 0.51000E+02, 0.20822E+03, 0.24913E+00, 0.78097E-02
 0.10000E+01, 0.51000E+02, 0.20071E+03, 0.26517E+00, 0.72228E-02
 0.20000E+01, 0.51000E+02, 0.22100E+03, 0.26503E+00, 0.75360E-02
 0.30000E+01, 0.51000E+02, 0.23092E+03, 0.27427E+00, 0.74284E-02
 0.40000E+01, 0.51000E+02, 0.21267E+03, 0.29583E+00, 0.66377E-02
 0.50000E+01, 0.51000E+02, 0.19512E+03, 0.31826E+00, 0.59469E-02
 0.60000E+01, 0.51000E+02, 0.17421E+03, 0.35500E+00, 0.50934E-02
 0.70000E+01, 0.51000E+02, 0.16690E+03, 0.37315E+00, 0.47664E-02
 0.80000E+01, 0.51000E+02, 0.21137E+03, 0.30135E+00, 0.64985E-02
 0.90000E+01, 0.51000E+02, 0.18904E+03, 0.33191E+00, 0.56283E-02
 0.10000E+02, 0.51000E+02, 0.20601E+03, 0.30854E+00, 0.62769E-02
 0.11000E+02, 0.51000E+02, 0.19694E+03, 0.31929E+00, 0.59508E-02
 0.12000E+02, 0.51000E+02, 0.21868E+03, 0.31342E+00, 0.63424E-02
 0.13000E+02, 0.51000E+02, 0.23937E+03, 0.29121E+00, 0.71135E-02
 0.14000E+02, 0.51000E+02, 0.24605E+03, 0.28251E+00, 0.74281E-02
 0.15000E+02, 0.51000E+02, 0.25081E+03, 0.28153E+00, 0.75224E-02
 0.16000E+02, 0.51000E+02, 0.26082E+03, 0.28795E+00, 0.74951E-02
 0.17000E+02, 0.51000E+02, 0.32412E+03, 0.26791E+00, 0.90107E-02
 0.18000E+02, 0.51000E+02, 0.11944E+03, 0.44590E+00, 0.35585E-02
 0.19000E+02, 0.51000E+02, 0.12476E+03, 0.42693E+00, 0.37671E-02
 0.20000E+02, 0.51000E+02, 0.11616E+03, 0.44311E+00, 0.35511E-02
 0.21000E+02, 0.51000E+02, 0.10693E+03, 0.48497E+00, 0.31677E-02
 0.22000E+02, 0.51000E+02, 0.22696E+03, 0.24434E+00, 0.82725E-02
 0.23000E+02, 0.51000E+02, 0.30756E+03, 0.22753E+00, 0.10316E-01
 0.24000E+02, 0.51000E+02, 0.46093E+03, 0.19252E+00, 0.15412E-01
 0.25000E+02, 0.51000E+02, 0.56119E+03, 0.17434E+00, 0.19343E-01
 0.26000E+02, 0.51000E+02, 0.64837E+03, 0.19138E+00, 0.19462E-01
 0.27000E+02, 0.51000E+02, 0.76867E+03, 0.18697E+00, 0.22522E-01
 0.28000E+02, 0.51000E+02, 0.58693E+02, 0.60714E+00, 0.22091E-02
 0.29000E+02, 0.51000E+02, 0.74550E+02, 0.44073E+00, 0.31887E-02
 0.30000E+02, 0.51000E+02, 0.11326E+03, 0.33049E+00, 0.47257E-02
 0.31000E+02, 0.51000E+02, 0.84103E+02, 0.42707E+00, 0.33811E-02
 0.32000E+02, 0.51000E+02, 0.52698E+02, 0.67105E+00, 0.19626E-02
 0.33000E+02, 0.51000E+02, 0.44500E+02, 0.80476E+00, 0.15954E-02
 0.34000E+02, 0.51000E+02, 0.22000E+02, 0.30000E+02, 0.00000E+00
 0.35000E+02, 0.51000E+02, 0.17492E+03, 0.12917E+00, 0.14020E-01
 0.36000E+02, 0.51000E+02, 0.23736E+03, 0.13231E+00, 0.15595E-01
 0.37000E+02, 0.51000E+02, 0.33852E+02, 0.22497E+01, 0.55157E-03
 0.38000E+02, 0.51000E+02, 0.30688E+02, 0.27652E+01, 0.44411E-03
 0.39000E+02, 0.51000E+02, 0.31558E+02, 0.23633E+01, 0.52112E-03
 0.40000E+02, 0.51000E+02, 0.35061E+02, 0.17702E+01, 0.70372E-03
 0.41000E+02, 0.51000E+02, 0.34876E+02, 0.18209E+01, 0.68371E-03
 0.42000E+02, 0.51000E+02, 0.34270E+02, 0.21132E+01, 0.58798E-03
 0.43000E+02, 0.51000E+02, 0.37912E+02, 0.18331E+01, 0.68586E-03
 0.44000E+02, 0.51000E+02, 0.32535E+02, 0.21308E+01, 0.57986E-03
 0.45000E+02, 0.51000E+02, 0.27147E+02, 0.45197E+01, 0.26855E-03
 0.46000E+02, 0.51000E+02, 0.26696E+02, 0.47639E+01, 0.25440E-03
 0.47000E+02, 0.51000E+02, 0.23779E+02, 0.13009E+02, 0.92253E-04
 0.48000E+02, 0.51000E+02, 0.22875E+02, 0.22724E+02, 0.52654E-04
 0.49000E+02, 0.51000E+02, 0.22608E+02, 0.30000E+02, 0.35440E-04
 0.50000E+02, 0.51000E+02, 0.22798E+02, 0.25468E+02, 0.46968E-04
 0.51000E+02, 0.51000E+02, 0.22950E+02, 0.21371E+02, 0.56001E-04
 0.52000E+02, 0.51000E+02, 0.23451E+02, 0.13831E+02, 0.86677E-04
 0.53000E+02, 0.51000E+02, 0.25320E+02, 0.60541E+01, 0.19926E-03
 0.54000E+02, 0.51000E+02, 0.30527E+02, 0.24690E+01, 0.49713E-03
 0.55000E+02, 0.51000E+02, 0.43566E+02, 0.67133E+00, 0.19068E-02
 0.56000E+02, 0.51000E+02, 0.43762E+02, 0.68258E+00, 0.18766E-02
 0.57000E+02, 0.51000E+02, 0.43419E+02, 0.64017E+00, 0.19987E-02
 0.58000E+02, 0.51000E+02, 0.37592E+02, 0.79784E+00, 0.15742E-02
 0.59000E+02, 0.51000E+02, 0.36240E+02, 0.85207E+00, 0.14676E-02
 0.60000E+02, 0.51000E+02, 0.36218E+02, 0.86735E+00, 0.14417E-02
 0.61000E+02, 0.51000E+02, 0.28501E+02, 0.18083E+01, 0.67426E-03
 0.62000E+02, 0.51000E+02, 0.25416E+02, 0.27218E+01, 0.44336E-03
 0.63000E+02, 0.51000E+02, 0.22673E+02, 0.60360E+01, 0.19809E-03
 0.64000E+02, 0.51000E+02, 0.12980E+03, 0.17739E+00, 0.91813E-02
 0.65000E+02, 0.51000E+02, 0.13148E+03, 0.19102E+00, 0.85615E-02
 0.00000E+00, 0.52000E+02, 0.21490E+03, 0.24507E+00, 0.80491E-02
 0.10000E+01, 0.52000E+02, 0.21782E+03, 0.25264E+00, 0.78549E-02
 0.20000E+01, 0.52000E+02, 0.22949E+03, 0.26513E+00, 0.76626E-02
 0.30000E+01, 0.52000E+02, 0.23704E+03, 0.26835E+00, 0.76844E-02
 0.40000E+01, 0.52000E+02, 0.23691E+03, 0.27228E+00, 0.75716E-02
 0.50000E+01, 0.52000E+02, 0.22825E+03, 0.28526E+00, 0.71042E-02
 0.60000E+01, 0.52000E+02, 0.18526E+03, 0.33357E+00, 0.55544E-02
 0.70000E+01, 0.52000E+02, 0.21515E+03, 0.30390E+00, 0.64944E-02
 0.80000E+01, 0.52000E+02, 0.26301E+03, 0.26317E+00, 0.82346E-02
 0.90000E+01, 0.52000E+02, 0.23132E+03, 0.27285E+00, 0.74730E-02
 0.10000E+02, 0.52000E+02, 0.23607E+03, 0.27687E+00, 0.74338E-02
 0.11000E+02, 0.52000E+02, 0.26124E+03, 0.26863E+00, 0.80404E-02
 0.12000E+02, 0.52000E+02, 0.23962E+03, 0.28403E+00, 0.72968E-02
 0.13000E+02, 0.52000E+02, 0.28602E+03, 0.25948E+00, 0.87100E-02
 0.14000E+02, 0.52000E+02, 0.29163E+03, 0.24891E+00, 0.91709E-02
 0.15000E+02, 0.52000E+02, 0.30011E+03, 0.24001E+00, 0.96536E-02
 0.16000E+02, 0.52000E+02, 0.28099E+03, 0.26331E+00, 0.85059E-02
 0.17000E+02, 0.52000E+02, 0.35203E+03, 0.21950E+00, 0.11512E-01
 0.18000E+02, 0.52000E+02, 0.23023E+03, 0.25907E+00, 0.78535E-02
 0.19000E+02, 0.52000E+02, 0.11865E+03, 0.45775E+00, 0.34595E-02
 0.20000E+02, 0.52000E+02, 0.11278E+03, 0.47277E+00, 0.32994E-02
 0.21000E+02, 0.52000E+02, 0.11852E+03, 0.44786E+00, 0.35347E-02
 0.22000E+02, 0.52000E+02, 0.20661E+03, 0.25149E+00, 0.77104E-02
 0.23000E+02, 0.52000E+02, 0.24699E+03, 0.23639E+00, 0.88936E-02
 0.24000E+02, 0.52000E+02, 0.36694E+03, 0.22025E+00, 0.11746E-01
 0.25000E+02, 0.52000E+02, 0.48640E+03, 0.20503E+00, 0.14973E-01
 0.26000E+02, 0.52000E+02, 0.65217E+03, 0.17521E+00, 0.21345E-01
 0.27000E+02, 0.52000E+02, 0.72982E+03, 0.16576E+00, 0.24457E-01
 0.28000E+02, 0.52000E+02, 0.58537E+02, 0.62543E+00, 0.21435E-02
 0.29000E+02, 0.52000E+02, 0.74326E+02, 0.44724E+00, 0.31402E-02
 0.30000E+02, 0.52000E+02, 0.71009E+02, 0.48789E+00, 0.28511E-02
 0.31000E+02, 0.52000E+02, 0.70553E+02, 0.50302E+00, 0.27617E-02
 0.32000E+02, 0.52000E+02, 0.56721E+02, 0.63469E+00, 0.21007E-02
 0.33000E+02, 0.52000E+02, 0.47676E+02, 0.76592E+00, 0.16930E-02
 0.34000E+02, 0.52000E+02, 0.22000E+02, 0.30000E+02, 0.00000E+00
 0.35000E+02, 0.52000E+02, 0.18671E+03, 0.12848E+00, 0.14467E-01
 0.36000E+02, 0.52000E+02, 0.20876E+03, 0.12906E+00, 0.15093E-01
 0.37000E+02, 0.52000E+02, 0.34306E+02, 0.19250E+01, 0.64556E-03
 0.38000E+02, 0.52000E+02, 0.31570E+02, 0.23225E+01, 0.53029E-03
 0.39000E+02, 0.52000E+02, 0.35402E+02, 0.16735E+01, 0.74521E-03
 0.40000E+02, 0.52000E+02, 0.39119E+02, 0.13719E+01, 0.91999E-03
 0.41000E+02, 0.52000E+02, 0.38381E+02, 0.14620E+01, 0.86127E-03
 0.42000E+02, 0.52000E+02, 0.33917E+02, 0.20832E+01, 0.59579E-03
 0.43000E+02, 0.52000E+02, 0.39468E+02, 0.16116E+01, 0.78405E-03
 0.44000E+02, 0.52000E+02, 0.29962E+02, 0.27890E+01, 0.43927E-03
 0.45000E+02, 0.52000E+02, 0.29587E+02, 0.29033E+01, 0.42146E-03
 0.46000E+02, 0.52000E+02, 0.30851E+02, 0.24133E+01, 0.50914E-03
 0.47000E+02, 0.52000E+02, 0.27264E+02, 0.39398E+01, 0.30819E-03
 0.48000E+02, 0.52000E+02, 0.26442E+02, 0.44736E+01, 0.27068E-03
 0.49000E+02, 0.52000E+02, 0.25220E+02, 0.62414E+01, 0.19322E-03
 0.50000E+02, 0.52000E+02, 0.25554E+02, 0.56533E+01, 0.21356E-03
 0.51000E+02, 0.52000E+02, 0.28024E+02, 0.33038E+01, 0.36845E-03
 0.52000E+02, 0.52000E+02, 0.26352E+02, 0.45567E+01, 0.26566E-03
 0.53000E+02, 0.52000E+02, 0.25844E+02, 0.51823E+01, 0.23319E-03
 0.54000E+02, 0.52000E+02, 0.27935E+02, 0.34503E+01, 0.35271E-03
 0.55000E+02, 0.52000E+02, 0.41877E+02, 0.66261E+00, 0.19216E-02
 0.56000E+02, 0.52000E+02, 0.43641E+02, 0.64504E+00, 0.19850E-02
 0.57000E+02, 0.52000E+02, 0.44415E+02, 0.61417E+00, 0.20899E-02
 0.58000E+02, 0.52000E+02, 0.42405E+02, 0.66673E+00, 0.19130E-02
 0.59000E+02, 0.52000E+02, 0.39147E+02, 0.74113E+00, 0.17032E-02
 0.60000E+02, 0.52000E+02, 0.42483E+02, 0.64625E+00, 0.19741E-02
 0.61000E+02, 0.52000E+02, 0.40164E+02, 0.72248E+00, 0.17528E-02
 0.62000E+02, 0.52000E+02, 0.33308E+02, 0.10953E+01, 0.11309E-02
 0.63000E+02, 0.52000E+02, 0.26312E+02, 0.22503E+01, 0.53786E-03
 0.64000E+02, 0.52000E+02, 0.66564E+02, 0.31683E+00, 0.43338E-02
 0.65000E+02, 0.52000E+02, 0.13825E+03, 0.18284E+00, 0.90942E-02
