 X,Y, TEMPERATURE, SOOT VISIBILITY, CARBON MONOXIDE VOLUME FRACTION
 m,m, C, m, mol/mol
 0.00000E+00, 0.00000E+00, 0.56625E+02, 0.46573E+00, 0.28619E-02
 0.10000E+01, 0.00000E+00, 0.62767E+02, 0.44168E+00, 0.30740E-02
 0.20000E+01, 0.00000E+00, 0.60090E+02, 0.45256E+00, 0.29762E-02
 0.30000E+01, 0.00000E+00, 0.61574E+02, 0.45079E+00, 0.30012E-02
 0.40000E+01, 0.00000E+00, 0.59089E+02, 0.47609E+00, 0.28206E-02
 0.50000E+01, 0.00000E+00, 0.57691E+02, 0.49058E+00, 0.27257E-02
 0.60000E+01, 0.00000E+00, 0.56186E+02, 0.49921E+00, 0.26665E-02
 0.70000E+01, 0.00000E+00, 0.52905E+02, 0.51463E+00, 0.25608E-02
 0.80000E+01, 0.00000E+00, 0.22000E+02, 0.30000E+02, 0.00000E+00
 0.90000E+01, 0.00000E+00, 0.20205E+03, 0.71923E-01, 0.26704E-01
 0.10000E+02, 0.00000E+00, 0.20147E+03, 0.71674E-01, 0.26764E-01
 0.11000E+02, 0.00000E+00, 0.14903E+03, 0.14165E+00, 0.12046E-01
 0.12000E+02, 0.00000E+00, 0.13995E+03, 0.14396E+00, 0.11599E-01
 0.13000E+02, 0.00000E+00, 0.13544E+03, 0.14390E+00, 0.11476E-01
 0.14000E+02, 0.00000E+00, 0.12703E+03, 0.14563E+00, 0.11107E-01
 0.15000E+02, 0.00000E+00, 0.12172E+03, 0.14316E+00, 0.11148E-01
 0.16000E+02, 0.00000E+00, 0.11578E+03, 0.14094E+00, 0.11153E-01
 0.17000E+02, 0.00000E+00, 0.14735E+03, 0.10405E+00, 0.16334E-01
 0.18000E+02, 0.00000E+00, 0.15614E+03, 0.10524E+00, 0.16488E-01
 0.19000E+02, 0.00000E+00, 0.14166E+03, 0.10089E+00, 0.16617E-01
 0.20000E+02, 0.00000E+00, 0.11399E+03, 0.12450E+00, 0.12569E-01
 0.21000E+02, 0.00000E+00, 0.12487E+03, 0.12225E+00, 0.13159E-01
 0.22000E+02, 0.00000E+00, 0.13119E+03, 0.12107E+00, 0.13499E-01
 0.23000E+02, 0.00000E+00, 0.57145E+02, 0.45226E+00, 0.29518E-02
 0.24000E+02, 0.00000E+00, 0.58570E+02, 0.46942E+00, 0.28562E-02
 0.25000E+02, 0.00000E+00, 0.59912E+02, 0.46072E+00, 0.29219E-02
 0.26000E+02, 0.00000E+00, 0.56031E+02, 0.51754E+00, 0.25708E-02
 0.27000E+02, 0.00000E+00, 0.55564E+02, 0.52342E+00, 0.25383E-02
 0.28000E+02, 0.00000E+00, 0.55919E+02, 0.51675E+00, 0.25739E-02
 0.29000E+02, 0.00000E+00, 0.54452E+02, 0.52325E+00, 0.25306E-02
 0.30000E+02, 0.00000E+00, 0.49608E+02, 0.59247E+00, 0.22019E-02
 0.31000E+02, 0.00000E+00, 0.48783E+02, 0.59202E+00, 0.21979E-02
 0.32000E+02, 0.00000E+00, 0.48538E+02, 0.60868E+00, 0.21361E-02
 0.33000E+02, 0.00000E+00, 0.46565E+02, 0.64942E+00, 0.19898E-02
 0.34000E+02, 0.00000E+00, 0.63521E+02, 0.34541E+00, 0.39396E-02
 0.35000E+02, 0.00000E+00, 0.61849E+02, 0.35369E+00, 0.38282E-02
 0.36000E+02, 0.00000E+00, 0.59891E+02, 0.36121E+00, 0.37266E-02
 0.37000E+02, 0.00000E+00, 0.61209E+02, 0.36179E+00, 0.37353E-02
 0.38000E+02, 0.00000E+00, 0.59303E+02, 0.37909E+00, 0.35446E-02
 0.39000E+02, 0.00000E+00, 0.60603E+02, 0.37704E+00, 0.35778E-02
 0.40000E+02, 0.00000E+00, 0.47161E+02, 0.51859E+00, 0.24965E-02
 0.41000E+02, 0.00000E+00, 0.47145E+02, 0.53656E+00, 0.24127E-02
 0.42000E+02, 0.00000E+00, 0.47122E+02, 0.53137E+00, 0.24361E-02
 0.43000E+02, 0.00000E+00, 0.42701E+02, 0.64732E+00, 0.19722E-02
 0.44000E+02, 0.00000E+00, 0.47830E+02, 0.52250E+00, 0.24830E-02
 0.45000E+02, 0.00000E+00, 0.49059E+02, 0.49270E+00, 0.26432E-02
 0.46000E+02, 0.00000E+00, 0.49656E+02, 0.48172E+00, 0.27084E-02
 0.47000E+02, 0.00000E+00, 0.50214E+02, 0.46107E+00, 0.28347E-02
 0.48000E+02, 0.00000E+00, 0.49460E+02, 0.45906E+00, 0.28405E-02
 0.49000E+02, 0.00000E+00, 0.46411E+02, 0.49237E+00, 0.26233E-02
 0.50000E+02, 0.00000E+00, 0.43914E+02, 0.58267E+00, 0.21994E-02
 0.51000E+02, 0.00000E+00, 0.42990E+02, 0.63474E+00, 0.20131E-02
 0.52000E+02, 0.00000E+00, 0.60338E+02, 0.28586E+00, 0.47152E-02
 0.53000E+02, 0.00000E+00, 0.61378E+02, 0.28698E+00, 0.47114E-02
 0.54000E+02, 0.00000E+00, 0.62361E+02, 0.28259E+00, 0.47987E-02
 0.55000E+02, 0.00000E+00, 0.59076E+02, 0.29607E+00, 0.45354E-02
 0.56000E+02, 0.00000E+00, 0.62293E+02, 0.29038E+00, 0.46691E-02
 0.57000E+02, 0.00000E+00, 0.63812E+02, 0.27599E+00, 0.49347E-02
 0.58000E+02, 0.00000E+00, 0.70264E+02, 0.26490E+00, 0.52398E-02
 0.59000E+02, 0.00000E+00, 0.78690E+02, 0.24571E+00, 0.57877E-02
 0.60000E+02, 0.00000E+00, 0.82307E+02, 0.23652E+00, 0.60743E-02
 0.61000E+02, 0.00000E+00, 0.78697E+02, 0.23533E+00, 0.60430E-02
 0.62000E+02, 0.00000E+00, 0.78936E+02, 0.22877E+00, 0.62206E-02
 0.63000E+02, 0.00000E+00, 0.22000E+02, 0.30000E+02, 0.00000E+00
 0.64000E+02, 0.00000E+00, 0.22497E+03, 0.80101E-01, 0.25135E-01
 0.65000E+02, 0.00000E+00, 0.21594E+03, 0.79640E-01, 0.24822E-01
 0.00000E+00, 0.10000E+01, 0.61518E+02, 0.44726E+00, 0.30244E-02
 0.10000E+01, 0.10000E+01, 0.65066E+02, 0.44112E+00, 0.30990E-02
 0.20000E+01, 0.10000E+01, 0.64464E+02, 0.44637E+00, 0.30571E-02
 0.30000E+01, 0.10000E+01, 0.61952E+02, 0.46354E+00, 0.29219E-02
 0.40000E+01, 0.10000E+01, 0.59582E+02, 0.48120E+00, 0.27948E-02
 0.50000E+01, 0.10000E+01, 0.56552E+02, 0.50176E+00, 0.26558E-02
 0.60000E+01, 0.10000E+01, 0.55053E+02, 0.51239E+00, 0.25890E-02
 0.70000E+01, 0.10000E+01, 0.55210E+02, 0.50808E+00, 0.26121E-02
 0.80000E+01, 0.10000E+01, 0.22000E+02, 0.30000E+02, 0.00000E+00
 0.90000E+01, 0.10000E+01, 0.20165E+03, 0.71707E-01, 0.26763E-01
 0.10000E+02, 0.10000E+01, 0.21020E+03, 0.72271E-01, 0.27032E-01
 0.11000E+02, 0.10000E+01, 0.13194E+03, 0.14653E+00, 0.11174E-01
 0.12000E+02, 0.10000E+01, 0.13341E+03, 0.15085E+00, 0.10893E-01
 0.13000E+02, 0.10000E+01, 0.13209E+03, 0.14946E+00, 0.10959E-01
 0.14000E+02, 0.10000E+01, 0.11791E+03, 0.15121E+00, 0.10453E-01
 0.15000E+02, 0.10000E+01, 0.11016E+03, 0.14963E+00, 0.10354E-01
 0.16000E+02, 0.10000E+01, 0.10815E+03, 0.14673E+00, 0.10503E-01
 0.17000E+02, 0.10000E+01, 0.15548E+03, 0.10627E+00, 0.16302E-01
 0.18000E+02, 0.10000E+01, 0.16801E+03, 0.10760E+00, 0.16571E-01
 0.19000E+02, 0.10000E+01, 0.17469E+03, 0.10672E+00, 0.16961E-01
 0.20000E+02, 0.10000E+01, 0.11899E+03, 0.12638E+00, 0.12542E-01
 0.21000E+02, 0.10000E+01, 0.13939E+03, 0.12737E+00, 0.13091E-01
 0.22000E+02, 0.10000E+01, 0.14145E+03, 0.12367E+00, 0.13550E-01
 0.23000E+02, 0.10000E+01, 0.46733E+02, 0.68124E+00, 0.18979E-02
 0.24000E+02, 0.10000E+01, 0.52223E+02, 0.56171E+00, 0.23412E-02
 0.25000E+02, 0.10000E+01, 0.52633E+02, 0.56109E+00, 0.23468E-02
 0.26000E+02, 0.10000E+01, 0.50789E+02, 0.59288E+00, 0.22084E-02
 0.27000E+02, 0.10000E+01, 0.50556E+02, 0.59040E+00, 0.22161E-02
 0.28000E+02, 0.10000E+01, 0.48289E+02, 0.64456E+00, 0.20156E-02
 0.29000E+02, 0.10000E+01, 0.47071E+02, 0.68017E+00, 0.19029E-02
 0.30000E+02, 0.10000E+01, 0.48475E+02, 0.64067E+00, 0.20291E-02
 0.31000E+02, 0.10000E+01, 0.47463E+02, 0.66699E+00, 0.19429E-02
 0.32000E+02, 0.10000E+01, 0.47841E+02, 0.65133E+00, 0.19919E-02
 0.33000E+02, 0.10000E+01, 0.46409E+02, 0.62411E+00, 0.20695E-02
 0.34000E+02, 0.10000E+01, 0.52152E+02, 0.47268E+00, 0.27816E-02
 0.35000E+02, 0.10000E+01, 0.57516E+02, 0.39362E+00, 0.33954E-02
 0.36000E+02, 0.10000E+01, 0.56968E+02, 0.40923E+00, 0.32604E-02
 0.37000E+02, 0.10000E+01, 0.58257E+02, 0.39521E+00, 0.33893E-02
 0.38000E+02, 0.10000E+01, 0.59906E+02, 0.38612E+00, 0.34864E-02
 0.39000E+02, 0.10000E+01, 0.61276E+02, 0.37277E+00, 0.36261E-02
 0.40000E+02, 0.10000E+01, 0.37299E+02, 0.82744E+00, 0.15165E-02
 0.41000E+02, 0.10000E+01, 0.43828E+02, 0.60180E+00, 0.21289E-02
 0.42000E+02, 0.10000E+01, 0.39921E+02, 0.73734E+00, 0.17161E-02
 0.43000E+02, 0.10000E+01, 0.41904E+02, 0.67262E+00, 0.18932E-02
 0.44000E+02, 0.10000E+01, 0.41945E+02, 0.68394E+00, 0.18621E-02
 0.45000E+02, 0.10000E+01, 0.39183E+02, 0.78917E+00, 0.15997E-02
 0.46000E+02, 0.10000E+01, 0.37502E+02, 0.85118E+00, 0.14751E-02
 0.47000E+02, 0.10000E+01, 0.42214E+02, 0.63887E+00, 0.19952E-02
 0.48000E+02, 0.10000E+01, 0.45728E+02, 0.57471E+00, 0.22426E-02
 0.49000E+02, 0.10000E+01, 0.40312E+02, 0.76836E+00, 0.16489E-02
 0.50000E+02, 0.10000E+01, 0.41240E+02, 0.69022E+00, 0.18410E-02
 0.51000E+02, 0.10000E+01, 0.42923E+02, 0.61570E+00, 0.20749E-02
 0.52000E+02, 0.10000E+01, 0.53209E+02, 0.35990E+00, 0.36651E-02
 0.53000E+02, 0.10000E+01, 0.58452E+02, 0.31236E+00, 0.42908E-02
 0.54000E+02, 0.10000E+01, 0.60200E+02, 0.30443E+00, 0.44257E-02
 0.55000E+02, 0.10000E+01, 0.61857E+02, 0.29984E+00, 0.45158E-02
 0.56000E+02, 0.10000E+01, 0.65316E+02, 0.27814E+00, 0.49184E-02
 0.57000E+02, 0.10000E+01, 0.68308E+02, 0.25744E+00, 0.53609E-02
 0.58000E+02, 0.10000E+01, 0.70631E+02, 0.27181E+00, 0.51120E-02
 0.59000E+02, 0.10000E+01, 0.73962E+02, 0.25802E+00, 0.54374E-02
 0.60000E+02, 0.10000E+01, 0.78796E+02, 0.24155E+00, 0.58890E-02
 0.61000E+02, 0.10000E+01, 0.79436E+02, 0.23797E+00, 0.59886E-02
 0.62000E+02, 0.10000E+01, 0.87716E+02, 0.22102E+00, 0.65991E-02
 0.63000E+02, 0.10000E+01, 0.22000E+02, 0.30000E+02, 0.00000E+00
 0.64000E+02, 0.10000E+01, 0.21920E+03, 0.80478E-01, 0.24727E-01
 0.65000E+02, 0.10000E+01, 0.18095E+03, 0.76571E-01, 0.23970E-01
 0.00000E+00, 0.20000E+01, 0.65167E+02, 0.43311E+00, 0.31572E-02
 0.10000E+01, 0.20000E+01, 0.68047E+02, 0.43790E+00, 0.31493E-02
 0.20000E+01, 0.20000E+01, 0.62967E+02, 0.45506E+00, 0.29854E-02
 0.30000E+01, 0.20000E+01, 0.60852E+02, 0.47537E+00, 0.28398E-02
 0.40000E+01, 0.20000E+01, 0.59021E+02, 0.49107E+00, 0.27340E-02
 0.50000E+01, 0.20000E+01, 0.59368E+02, 0.48857E+00, 0.27508E-02
 0.60000E+01, 0.20000E+01, 0.57495E+02, 0.50173E+00, 0.26636E-02
 0.70000E+01, 0.20000E+01, 0.56798E+02, 0.49959E+00, 0.26694E-02
 0.80000E+01, 0.20000E+01, 0.22000E+02, 0.30000E+02, 0.00000E+00
 0.90000E+01, 0.20000E+01, 0.27490E+03, 0.82682E-01, 0.26791E-01
 0.10000E+02, 0.20000E+01, 0.32067E+03, 0.90719E-01, 0.26457E-01
 0.11000E+02, 0.20000E+01, 0.11794E+03, 0.15279E+00, 0.10346E-01
 0.12000E+02, 0.20000E+01, 0.13154E+03, 0.15002E+00, 0.10903E-01
 0.13000E+02, 0.20000E+01, 0.12211E+03, 0.14979E+00, 0.10665E-01
 0.14000E+02, 0.20000E+01, 0.10755E+03, 0.15153E+00, 0.10154E-01
 0.15000E+02, 0.20000E+01, 0.10737E+03, 0.15196E+00, 0.10121E-01
 0.16000E+02, 0.20000E+01, 0.10695E+03, 0.15003E+00, 0.10240E-01
 0.17000E+02, 0.20000E+01, 0.16525E+03, 0.10792E+00, 0.16419E-01
 0.18000E+02, 0.20000E+01, 0.18109E+03, 0.10976E+00, 0.16727E-01
 0.19000E+02, 0.20000E+01, 0.18757E+03, 0.10860E+00, 0.17147E-01
 0.20000E+02, 0.20000E+01, 0.14335E+03, 0.12783E+00, 0.13170E-01
 0.21000E+02, 0.20000E+01, 0.14796E+03, 0.12853E+00, 0.13243E-01
 0.22000E+02, 0.20000E+01, 0.14924E+03, 0.12454E+00, 0.13708E-01
 0.23000E+02, 0.20000E+01, 0.42726E+02, 0.81410E+00, 0.15683E-02
 0.24000E+02, 0.20000E+01, 0.41887E+02, 0.82870E+00, 0.15365E-02
 0.25000E+02, 0.20000E+01, 0.48040E+02, 0.64514E+00, 0.20123E-02
 0.26000E+02, 0.20000E+01, 0.45657E+02, 0.71784E+00, 0.17951E-02
 0.27000E+02, 0.20000E+01, 0.41491E+02, 0.87636E+00, 0.14511E-02
 0.28000E+02, 0.20000E+01, 0.43149E+02, 0.80151E+00, 0.15950E-02
 0.29000E+02, 0.20000E+01, 0.46598E+02, 0.69029E+00, 0.18722E-02
 0.30000E+02, 0.20000E+01, 0.47106E+02, 0.67995E+00, 0.19037E-02
 0.31000E+02, 0.20000E+01, 0.46512E+02, 0.68037E+00, 0.18990E-02
 0.32000E+02, 0.20000E+01, 0.46270E+02, 0.66561E+00, 0.19396E-02
 0.33000E+02, 0.20000E+01, 0.46130E+02, 0.62697E+00, 0.20583E-02
 0.34000E+02, 0.20000E+01, 0.49189E+02, 0.53070E+00, 0.24549E-02
 0.35000E+02, 0.20000E+01, 0.52904E+02, 0.46079E+00, 0.28600E-02
 0.36000E+02, 0.20000E+01, 0.54261E+02, 0.44802E+00, 0.29538E-02
 0.37000E+02, 0.20000E+01, 0.58057E+02, 0.40578E+00, 0.32990E-02
 0.38000E+02, 0.20000E+01, 0.59341E+02, 0.39524E+00, 0.34001E-02
 0.39000E+02, 0.20000E+01, 0.60350E+02, 0.37944E+00, 0.35524E-02
 0.40000E+02, 0.20000E+01, 0.34036E+02, 0.11233E+01, 0.11053E-02
 0.41000E+02, 0.20000E+01, 0.35316E+02, 0.99697E+00, 0.12506E-02
 0.42000E+02, 0.20000E+01, 0.34092E+02, 0.11010E+01, 0.11279E-02
 0.43000E+02, 0.20000E+01, 0.37622E+02, 0.86032E+00, 0.14600E-02
 0.44000E+02, 0.20000E+01, 0.36974E+02, 0.93513E+00, 0.13404E-02
 0.45000E+02, 0.20000E+01, 0.37161E+02, 0.91618E+00, 0.13690E-02
 0.46000E+02, 0.20000E+01, 0.39959E+02, 0.78074E+00, 0.16209E-02
 0.47000E+02, 0.20000E+01, 0.40362E+02, 0.76155E+00, 0.16639E-02
 0.48000E+02, 0.20000E+01, 0.39602E+02, 0.79116E+00, 0.15978E-02
 0.49000E+02, 0.20000E+01, 0.39044E+02, 0.79151E+00, 0.15942E-02
 0.50000E+02, 0.20000E+01, 0.40556E+02, 0.69290E+00, 0.18299E-02
 0.51000E+02, 0.20000E+01, 0.41092E+02, 0.65145E+00, 0.19497E-02
 0.52000E+02, 0.20000E+01, 0.49740E+02, 0.41950E+00, 0.31110E-02
 0.53000E+02, 0.20000E+01, 0.54706E+02, 0.35208E+00, 0.37638E-02
 0.54000E+02, 0.20000E+01, 0.55875E+02, 0.34291E+00, 0.38782E-02
 0.55000E+02, 0.20000E+01, 0.58062E+02, 0.32453E+00, 0.41251E-02
 0.56000E+02, 0.20000E+01, 0.60069E+02, 0.31365E+00, 0.42940E-02
 0.57000E+02, 0.20000E+01, 0.65987E+02, 0.27961E+00, 0.49023E-02
 0.58000E+02, 0.20000E+01, 0.70407E+02, 0.27262E+00, 0.50935E-02
 0.59000E+02, 0.20000E+01, 0.71776E+02, 0.26738E+00, 0.52141E-02
 0.60000E+02, 0.20000E+01, 0.75221E+02, 0.25806E+00, 0.54564E-02
 0.61000E+02, 0.20000E+01, 0.75043E+02, 0.25995E+00, 0.54139E-02
 0.62000E+02, 0.20000E+01, 0.93433E+02, 0.21667E+00, 0.68385E-02
 0.63000E+02, 0.20000E+01, 0.22000E+02, 0.30000E+02, 0.00000E+00
 0.64000E+02, 0.20000E+01, 0.29849E+03, 0.92349E-01, 0.25019E-01
 0.65000E+02, 0.20000E+01, 0.27186E+03, 0.87365E-01, 0.25214E-01
 0.00000E+00, 0.30000E+01, 0.73288E+02, 0.39570E+00, 0.35387E-02
 0.10000E+01, 0.30000E+01, 0.73006E+02, 0.41234E+00, 0.33931E-02
 0.20000E+01, 0.30000E+01, 0.71009E+02, 0.42517E+00, 0.32717E-02
 0.30000E+01, 0.30000E+01, 0.71027E+02, 0.41623E+00, 0.33422E-02
 0.40000E+01, 0.30000E+01, 0.62926E+02, 0.47134E+00, 0.28819E-02
 0.50000E+01, 0.30000E+01, 0.60585E+02, 0.49426E+00, 0.27291E-02
 0.60000E+01, 0.30000E+01, 0.57288E+02, 0.51673E+00, 0.25847E-02
 0.70000E+01, 0.30000E+01, 0.57262E+02, 0.50818E+00, 0.26280E-02
 0.80000E+01, 0.30000E+01, 0.22000E+02, 0.30000E+02, 0.00000E+00
 0.90000E+01, 0.30000E+01, 0.33529E+03, 0.92425E-01, 0.26607E-01
 0.10000E+02, 0.30000E+01, 0.34471E+03, 0.93914E-01, 0.26591E-01
 0.11000E+02, 0.30000E+01, 0.15824E+03, 0.14345E+00, 0.12155E-01
 0.12000E+02, 0.30000E+01, 0.13920E+03, 0.14819E+00, 0.11247E-01
 0.13000E+02, 0.30000E+01, 0.11641E+03, 0.14954E+00, 0.10529E-01
 0.14000E+02, 0.30000E+01, 0.10458E+03, 0.15434E+00, 0.98918E-02
 0.15000E+02, 0.30000E+01, 0.10309E+03, 0.15941E+00, 0.95398E-02
 0.16000E+02, 0.30000E+01, 0.10496E+03, 0.15526E+00, 0.98429E-02
 0.17000E+02, 0.30000E+01, 0.18374E+03, 0.10918E+00, 0.16913E-01
 0.18000E+02, 0.30000E+01, 0.20447E+03, 0.11158E+00, 0.17301E-01
 0.19000E+02, 0.30000E+01, 0.19902E+03, 0.11003E+00, 0.17344E-01
 0.20000E+02, 0.30000E+01, 0.15198E+03, 0.12744E+00, 0.13483E-01
 0.21000E+02, 0.30000E+01, 0.15650E+03, 0.12912E+00, 0.13449E-01
 0.22000E+02, 0.30000E+01, 0.16252E+03, 0.12430E+00, 0.14166E-01
 0.23000E+02, 0.30000E+01, 0.40436E+02, 0.88785E+00, 0.14276E-02
 0.24000E+02, 0.30000E+01, 0.45767E+02, 0.71224E+00, 0.18098E-02
 0.25000E+02, 0.30000E+01, 0.44126E+02, 0.75788E+00, 0.16921E-02
 0.26000E+02, 0.30000E+01, 0.43105E+02, 0.78998E+00, 0.16181E-02
 0.27000E+02, 0.30000E+01, 0.42319E+02, 0.81143E+00, 0.15714E-02
 0.28000E+02, 0.30000E+01, 0.44947E+02, 0.72836E+00, 0.17652E-02
 0.29000E+02, 0.30000E+01, 0.48348E+02, 0.64135E+00, 0.20261E-02
 0.30000E+02, 0.30000E+01, 0.46597E+02, 0.67998E+00, 0.19006E-02
 0.31000E+02, 0.30000E+01, 0.45106E+02, 0.69021E+00, 0.18637E-02
 0.32000E+02, 0.30000E+01, 0.45423E+02, 0.67352E+00, 0.19118E-02
 0.33000E+02, 0.30000E+01, 0.45859E+02, 0.64035E+00, 0.20136E-02
 0.34000E+02, 0.30000E+01, 0.56733E+02, 0.42749E+00, 0.31190E-02
 0.35000E+02, 0.30000E+01, 0.49958E+02, 0.52848E+00, 0.24711E-02
 0.36000E+02, 0.30000E+01, 0.52811E+02, 0.48015E+00, 0.27439E-02
 0.37000E+02, 0.30000E+01, 0.53751E+02, 0.45035E+00, 0.29339E-02
 0.38000E+02, 0.30000E+01, 0.54929E+02, 0.43333E+00, 0.30601E-02
 0.39000E+02, 0.30000E+01, 0.60869E+02, 0.37772E+00, 0.35742E-02
 0.40000E+02, 0.30000E+01, 0.37938E+02, 0.88045E+00, 0.14281E-02
 0.41000E+02, 0.30000E+01, 0.34219E+02, 0.11103E+01, 0.11189E-02
 0.42000E+02, 0.30000E+01, 0.34154E+02, 0.11169E+01, 0.11120E-02
 0.43000E+02, 0.30000E+01, 0.35603E+02, 0.98121E+00, 0.12718E-02
 0.44000E+02, 0.30000E+01, 0.35554E+02, 0.99851E+00, 0.12496E-02
 0.45000E+02, 0.30000E+01, 0.36244E+02, 0.95778E+00, 0.13056E-02
 0.46000E+02, 0.30000E+01, 0.38512E+02, 0.82889E+00, 0.15197E-02
 0.47000E+02, 0.30000E+01, 0.38584E+02, 0.83631E+00, 0.15066E-02
 0.48000E+02, 0.30000E+01, 0.39289E+02, 0.78823E+00, 0.16021E-02
 0.49000E+02, 0.30000E+01, 0.38428E+02, 0.80557E+00, 0.15633E-02
 0.50000E+02, 0.30000E+01, 0.38248E+02, 0.79265E+00, 0.15879E-02
 0.51000E+02, 0.30000E+01, 0.39867E+02, 0.70076E+00, 0.18054E-02
 0.52000E+02, 0.30000E+01, 0.51874E+02, 0.39637E+00, 0.33143E-02
 0.53000E+02, 0.30000E+01, 0.53802E+02, 0.37307E+00, 0.35422E-02
 0.54000E+02, 0.30000E+01, 0.55005E+02, 0.35299E+00, 0.37575E-02
 0.55000E+02, 0.30000E+01, 0.55356E+02, 0.35022E+00, 0.37912E-02
 0.56000E+02, 0.30000E+01, 0.61299E+02, 0.30852E+00, 0.43815E-02
 0.57000E+02, 0.30000E+01, 0.73514E+02, 0.26091E+00, 0.53702E-02
 0.58000E+02, 0.30000E+01, 0.68608E+02, 0.27728E+00, 0.49817E-02
 0.59000E+02, 0.30000E+01, 0.70488E+02, 0.27431E+00, 0.50633E-02
 0.60000E+02, 0.30000E+01, 0.70237E+02, 0.27826E+00, 0.49878E-02
 0.61000E+02, 0.30000E+01, 0.69894E+02, 0.28382E+00, 0.48852E-02
 0.62000E+02, 0.30000E+01, 0.92808E+02, 0.22287E+00, 0.66368E-02
 0.63000E+02, 0.30000E+01, 0.22000E+02, 0.30000E+02, 0.00000E+00
 0.64000E+02, 0.30000E+01, 0.30653E+03, 0.96362E-01, 0.24314E-01
 0.65000E+02, 0.30000E+01, 0.28986E+03, 0.93452E-01, 0.24350E-01
 0.00000E+00, 0.40000E+01, 0.74873E+02, 0.39600E+00, 0.35521E-02
 0.10000E+01, 0.40000E+01, 0.77272E+02, 0.39212E+00, 0.36120E-02
 0.20000E+01, 0.40000E+01, 0.80310E+02, 0.37810E+00, 0.37784E-02
 0.30000E+01, 0.40000E+01, 0.76499E+02, 0.39400E+00, 0.35869E-02
 0.40000E+01, 0.40000E+01, 0.73828E+02, 0.40919E+00, 0.34273E-02
 0.50000E+01, 0.40000E+01, 0.61030E+02, 0.49889E+00, 0.27074E-02
 0.60000E+01, 0.40000E+01, 0.56378E+02, 0.52688E+00, 0.25279E-02
 0.70000E+01, 0.40000E+01, 0.56831E+02, 0.51853E+00, 0.25721E-02
 0.80000E+01, 0.40000E+01, 0.22000E+02, 0.30000E+02, 0.00000E+00
 0.90000E+01, 0.40000E+01, 0.32686E+03, 0.89342E-01, 0.27144E-01
 0.10000E+02, 0.40000E+01, 0.35695E+03, 0.95905E-01, 0.26555E-01
 0.11000E+02, 0.40000E+01, 0.16264E+03, 0.14540E+00, 0.12114E-01
 0.12000E+02, 0.40000E+01, 0.14156E+03, 0.14853E+00, 0.11285E-01
 0.13000E+02, 0.40000E+01, 0.12364E+03, 0.15190E+00, 0.10558E-01
 0.14000E+02, 0.40000E+01, 0.10444E+03, 0.16045E+00, 0.95115E-02
 0.15000E+02, 0.40000E+01, 0.97726E+02, 0.16703E+00, 0.89746E-02
 0.16000E+02, 0.40000E+01, 0.97712E+02, 0.16598E+00, 0.90312E-02
 0.17000E+02, 0.40000E+01, 0.21936E+03, 0.11039E+00, 0.18033E-01
 0.18000E+02, 0.40000E+01, 0.22558E+03, 0.11153E+00, 0.18073E-01
 0.19000E+02, 0.40000E+01, 0.20232E+03, 0.11034E+00, 0.17416E-01
 0.20000E+02, 0.40000E+01, 0.15862E+03, 0.12722E+00, 0.13717E-01
 0.21000E+02, 0.40000E+01, 0.16994E+03, 0.12965E+00, 0.13813E-01
 0.22000E+02, 0.40000E+01, 0.17744E+03, 0.12507E+00, 0.14561E-01
 0.23000E+02, 0.40000E+01, 0.38635E+02, 0.97643E+00, 0.12906E-02
 0.24000E+02, 0.40000E+01, 0.42138E+02, 0.80604E+00, 0.15810E-02
 0.25000E+02, 0.40000E+01, 0.42491E+02, 0.79510E+00, 0.16045E-02
 0.26000E+02, 0.40000E+01, 0.43865E+02, 0.75876E+00, 0.16887E-02
 0.27000E+02, 0.40000E+01, 0.44777E+02, 0.73075E+00, 0.17585E-02
 0.28000E+02, 0.40000E+01, 0.45650E+02, 0.70146E+00, 0.18369E-02
 0.29000E+02, 0.40000E+01, 0.46463E+02, 0.67962E+00, 0.19008E-02
 0.30000E+02, 0.40000E+01, 0.45320E+02, 0.69413E+00, 0.18544E-02
 0.31000E+02, 0.40000E+01, 0.44591E+02, 0.69509E+00, 0.18476E-02
 0.32000E+02, 0.40000E+01, 0.44533E+02, 0.70168E+00, 0.18299E-02
 0.33000E+02, 0.40000E+01, 0.44615E+02, 0.65672E+00, 0.19557E-02
 0.34000E+02, 0.40000E+01, 0.51545E+02, 0.49603E+00, 0.26457E-02
 0.35000E+02, 0.40000E+01, 0.49764E+02, 0.53183E+00, 0.24541E-02
 0.36000E+02, 0.40000E+01, 0.49422E+02, 0.52115E+00, 0.25017E-02
 0.37000E+02, 0.40000E+01, 0.48867E+02, 0.51415E+00, 0.25314E-02
 0.38000E+02, 0.40000E+01, 0.54077E+02, 0.44565E+00, 0.29678E-02
 0.39000E+02, 0.40000E+01, 0.61431E+02, 0.37441E+00, 0.36119E-02
 0.40000E+02, 0.40000E+01, 0.41181E+02, 0.75427E+00, 0.16844E-02
 0.41000E+02, 0.40000E+01, 0.35436E+02, 0.10109E+01, 0.12338E-02
 0.42000E+02, 0.40000E+01, 0.33889E+02, 0.11115E+01, 0.11165E-02
 0.43000E+02, 0.40000E+01, 0.34854E+02, 0.10084E+01, 0.12346E-02
 0.44000E+02, 0.40000E+01, 0.35513E+02, 0.95850E+00, 0.13016E-02
 0.45000E+02, 0.40000E+01, 0.36473E+02, 0.91805E+00, 0.13632E-02
 0.46000E+02, 0.40000E+01, 0.37484E+02, 0.86614E+00, 0.14496E-02
 0.47000E+02, 0.40000E+01, 0.37826E+02, 0.84599E+00, 0.14857E-02
 0.48000E+02, 0.40000E+01, 0.38299E+02, 0.81496E+00, 0.15447E-02
 0.49000E+02, 0.40000E+01, 0.37857E+02, 0.82277E+00, 0.15278E-02
 0.50000E+02, 0.40000E+01, 0.37343E+02, 0.81616E+00, 0.15376E-02
 0.51000E+02, 0.40000E+01, 0.38593E+02, 0.75706E+00, 0.16644E-02
 0.52000E+02, 0.40000E+01, 0.52896E+02, 0.38394E+00, 0.34324E-02
 0.53000E+02, 0.40000E+01, 0.52720E+02, 0.38459E+00, 0.34247E-02
 0.54000E+02, 0.40000E+01, 0.55200E+02, 0.35689E+00, 0.37186E-02
 0.55000E+02, 0.40000E+01, 0.56853E+02, 0.34759E+00, 0.38373E-02
 0.56000E+02, 0.40000E+01, 0.57013E+02, 0.34065E+00, 0.39174E-02
 0.57000E+02, 0.40000E+01, 0.84795E+02, 0.22693E+00, 0.63753E-02
 0.58000E+02, 0.40000E+01, 0.69674E+02, 0.27790E+00, 0.49860E-02
 0.59000E+02, 0.40000E+01, 0.67334E+02, 0.28831E+00, 0.47732E-02
 0.60000E+02, 0.40000E+01, 0.69351E+02, 0.29924E+00, 0.46262E-02
 0.61000E+02, 0.40000E+01, 0.69390E+02, 0.29220E+00, 0.47381E-02
 0.62000E+02, 0.40000E+01, 0.90996E+02, 0.22936E+00, 0.64170E-02
 0.63000E+02, 0.40000E+01, 0.22000E+02, 0.30000E+02, 0.00000E+00
 0.64000E+02, 0.40000E+01, 0.29640E+03, 0.96722E-01, 0.23800E-01
 0.65000E+02, 0.40000E+01, 0.28916E+03, 0.96406E-01, 0.23575E-01
 0.00000E+00, 0.50000E+01, 0.75231E+02, 0.39767E+00, 0.35409E-02
 0.10000E+01, 0.50000E+01, 0.76691E+02, 0.39665E+00, 0.35649E-02
 0.20000E+01, 0.50000E+01, 0.80578E+02, 0.38355E+00, 0.37276E-02
 0.30000E+01, 0.50000E+01, 0.75080E+02, 0.41067E+00, 0.34273E-02
 0.40000E+01, 0.50000E+01, 0.72724E+02, 0.42211E+00, 0.33119E-02
 0.50000E+01, 0.50000E+01, 0.65034E+02, 0.46770E+00, 0.29226E-02
 0.60000E+01, 0.50000E+01, 0.57133E+02, 0.52770E+00, 0.25298E-02
 0.70000E+01, 0.50000E+01, 0.56269E+02, 0.50359E+00, 0.26439E-02
 0.80000E+01, 0.50000E+01, 0.22000E+02, 0.30000E+02, 0.00000E+00
 0.90000E+01, 0.50000E+01, 0.35263E+03, 0.95011E-01, 0.26621E-01
 0.10000E+02, 0.50000E+01, 0.35316E+03, 0.98257E-01, 0.25763E-01
 0.11000E+02, 0.50000E+01, 0.17752E+03, 0.14383E+00, 0.12665E-01
 0.12000E+02, 0.50000E+01, 0.14937E+03, 0.14860E+00, 0.11492E-01
 0.13000E+02, 0.50000E+01, 0.12928E+03, 0.15779E+00, 0.10308E-01
 0.14000E+02, 0.50000E+01, 0.10045E+03, 0.16683E+00, 0.90513E-02
 0.15000E+02, 0.50000E+01, 0.91167E+02, 0.16942E+00, 0.86914E-02
 0.16000E+02, 0.50000E+01, 0.88229E+02, 0.16267E+00, 0.89789E-02
 0.17000E+02, 0.50000E+01, 0.31521E+03, 0.11462E+00, 0.20748E-01
 0.18000E+02, 0.50000E+01, 0.24267E+03, 0.11204E+00, 0.18609E-01
 0.19000E+02, 0.50000E+01, 0.18898E+03, 0.10881E+00, 0.17166E-01
 0.20000E+02, 0.50000E+01, 0.15793E+03, 0.12754E+00, 0.13661E-01
 0.21000E+02, 0.50000E+01, 0.18995E+03, 0.12916E+00, 0.14492E-01
 0.22000E+02, 0.50000E+01, 0.18210E+03, 0.12736E+00, 0.14448E-01
 0.23000E+02, 0.50000E+01, 0.39184E+02, 0.97054E+00, 0.13007E-02
 0.24000E+02, 0.50000E+01, 0.41995E+02, 0.83587E+00, 0.15239E-02
 0.25000E+02, 0.50000E+01, 0.41859E+02, 0.81348E+00, 0.15651E-02
 0.26000E+02, 0.50000E+01, 0.44735E+02, 0.73628E+00, 0.17450E-02
 0.27000E+02, 0.50000E+01, 0.44979E+02, 0.72270E+00, 0.17792E-02
 0.28000E+02, 0.50000E+01, 0.42319E+02, 0.77407E+00, 0.16472E-02
 0.29000E+02, 0.50000E+01, 0.41803E+02, 0.78718E+00, 0.16171E-02
 0.30000E+02, 0.50000E+01, 0.40814E+02, 0.80185E+00, 0.15826E-02
 0.31000E+02, 0.50000E+01, 0.41546E+02, 0.76929E+00, 0.16534E-02
 0.32000E+02, 0.50000E+01, 0.43529E+02, 0.71466E+00, 0.17910E-02
 0.33000E+02, 0.50000E+01, 0.44540E+02, 0.66222E+00, 0.19390E-02
 0.34000E+02, 0.50000E+01, 0.52439E+02, 0.48707E+00, 0.27018E-02
 0.35000E+02, 0.50000E+01, 0.50486E+02, 0.50878E+00, 0.25710E-02
 0.36000E+02, 0.50000E+01, 0.49838E+02, 0.51180E+00, 0.25507E-02
 0.37000E+02, 0.50000E+01, 0.47999E+02, 0.53764E+00, 0.24143E-02
 0.38000E+02, 0.50000E+01, 0.51431E+02, 0.48520E+00, 0.27038E-02
 0.39000E+02, 0.50000E+01, 0.60295E+02, 0.38591E+00, 0.34924E-02
 0.40000E+02, 0.50000E+01, 0.41872E+02, 0.73606E+00, 0.17298E-02
 0.41000E+02, 0.50000E+01, 0.38391E+02, 0.84523E+00, 0.14898E-02
 0.42000E+02, 0.50000E+01, 0.34860E+02, 0.10231E+01, 0.12168E-02
 0.43000E+02, 0.50000E+01, 0.34904E+02, 0.10117E+01, 0.12307E-02
 0.44000E+02, 0.50000E+01, 0.36135E+02, 0.91860E+00, 0.13608E-02
 0.45000E+02, 0.50000E+01, 0.36976E+02, 0.87194E+00, 0.14376E-02
 0.46000E+02, 0.50000E+01, 0.37689E+02, 0.83326E+00, 0.15078E-02
 0.47000E+02, 0.50000E+01, 0.38244E+02, 0.81026E+00, 0.15533E-02
 0.48000E+02, 0.50000E+01, 0.37785E+02, 0.82813E+00, 0.15176E-02
 0.49000E+02, 0.50000E+01, 0.36416E+02, 0.85622E+00, 0.14613E-02
 0.50000E+02, 0.50000E+01, 0.36771E+02, 0.83128E+00, 0.15069E-02
 0.51000E+02, 0.50000E+01, 0.37900E+02, 0.77837E+00, 0.16152E-02
 0.52000E+02, 0.50000E+01, 0.58465E+02, 0.35914E+00, 0.37320E-02
 0.53000E+02, 0.50000E+01, 0.51459E+02, 0.39954E+00, 0.32838E-02
 0.54000E+02, 0.50000E+01, 0.52609E+02, 0.39805E+00, 0.33078E-02
 0.55000E+02, 0.50000E+01, 0.51979E+02, 0.40731E+00, 0.32263E-02
 0.56000E+02, 0.50000E+01, 0.53156E+02, 0.38746E+00, 0.34039E-02
 0.57000E+02, 0.50000E+01, 0.89957E+02, 0.21383E+00, 0.68636E-02
 0.58000E+02, 0.50000E+01, 0.68634E+02, 0.28476E+00, 0.48512E-02
 0.59000E+02, 0.50000E+01, 0.64717E+02, 0.30079E+00, 0.45400E-02
 0.60000E+02, 0.50000E+01, 0.64293E+02, 0.33053E+00, 0.41263E-02
 0.61000E+02, 0.50000E+01, 0.71260E+02, 0.29001E+00, 0.48000E-02
 0.62000E+02, 0.50000E+01, 0.88189E+02, 0.23831E+00, 0.61285E-02
 0.63000E+02, 0.50000E+01, 0.22000E+02, 0.30000E+02, 0.00000E+00
 0.64000E+02, 0.50000E+01, 0.28388E+03, 0.96957E-01, 0.23221E-01
 0.65000E+02, 0.50000E+01, 0.28104E+03, 0.97287E-01, 0.23024E-01
 0.00000E+00, 0.60000E+01, 0.75017E+02, 0.40561E+00, 0.34694E-02
 0.10000E+01, 0.60000E+01, 0.74741E+02, 0.41327E+00, 0.34024E-02
 0.20000E+01, 0.60000E+01, 0.80414E+02, 0.38724E+00, 0.36903E-02
 0.30000E+01, 0.60000E+01, 0.75738E+02, 0.41030E+00, 0.34368E-02
 0.40000E+01, 0.60000E+01, 0.71165E+02, 0.43439E+00, 0.32037E-02
 0.50000E+01, 0.60000E+01, 0.67154E+02, 0.44804E+00, 0.30700E-02
 0.60000E+01, 0.60000E+01, 0.58204E+02, 0.50852E+00, 0.26337E-02
 0.70000E+01, 0.60000E+01, 0.62205E+02, 0.46200E+00, 0.29339E-02
 0.80000E+01, 0.60000E+01, 0.22000E+02, 0.30000E+02, 0.00000E+00
 0.90000E+01, 0.60000E+01, 0.35700E+03, 0.97669E-01, 0.26078E-01
 0.10000E+02, 0.60000E+01, 0.36394E+03, 0.10053E+00, 0.25614E-01
 0.11000E+02, 0.60000E+01, 0.19555E+03, 0.14009E+00, 0.13523E-01
 0.12000E+02, 0.60000E+01, 0.15936E+03, 0.15189E+00, 0.11509E-01
 0.13000E+02, 0.60000E+01, 0.16079E+03, 0.15549E+00, 0.11280E-01
 0.14000E+02, 0.60000E+01, 0.19813E+03, 0.10319E+00, 0.18460E-01
 0.15000E+02, 0.60000E+01, 0.19877E+03, 0.10371E+00, 0.18392E-01
 0.16000E+02, 0.60000E+01, 0.18747E+03, 0.10295E+00, 0.18084E-01
 0.17000E+02, 0.60000E+01, 0.38324E+03, 0.12401E+00, 0.21393E-01
 0.18000E+02, 0.60000E+01, 0.40311E+03, 0.13016E+00, 0.20999E-01
 0.19000E+02, 0.60000E+01, 0.22665E+02, 0.30000E+02, 0.00000E+00
 0.20000E+02, 0.60000E+01, 0.23186E+02, 0.30000E+02, 0.00000E+00
 0.21000E+02, 0.60000E+01, 0.31126E+03, 0.12143E+00, 0.19453E-01
 0.22000E+02, 0.60000E+01, 0.34069E+03, 0.12416E+00, 0.19983E-01
 0.23000E+02, 0.60000E+01, 0.41349E+02, 0.90518E+00, 0.14043E-02
 0.24000E+02, 0.60000E+01, 0.55296E+02, 0.60210E+00, 0.22048E-02
 0.25000E+02, 0.60000E+01, 0.59931E+02, 0.53416E+00, 0.25203E-02
 0.26000E+02, 0.60000E+01, 0.44018E+02, 0.74511E+00, 0.17205E-02
 0.27000E+02, 0.60000E+01, 0.41420E+02, 0.79169E+00, 0.16060E-02
 0.28000E+02, 0.60000E+01, 0.41265E+02, 0.79046E+00, 0.16077E-02
 0.29000E+02, 0.60000E+01, 0.40568E+02, 0.80396E+00, 0.15772E-02
 0.30000E+02, 0.60000E+01, 0.40196E+02, 0.81071E+00, 0.15622E-02
 0.31000E+02, 0.60000E+01, 0.40126E+02, 0.80611E+00, 0.15708E-02
 0.32000E+02, 0.60000E+01, 0.42276E+02, 0.73493E+00, 0.17347E-02
 0.33000E+02, 0.60000E+01, 0.44360E+02, 0.67311E+00, 0.19066E-02
 0.34000E+02, 0.60000E+01, 0.56057E+02, 0.46843E+00, 0.28406E-02
 0.35000E+02, 0.60000E+01, 0.55206E+02, 0.47053E+00, 0.28206E-02
 0.36000E+02, 0.60000E+01, 0.49916E+02, 0.52174E+00, 0.25028E-02
 0.37000E+02, 0.60000E+01, 0.47221E+02, 0.58179E+00, 0.22257E-02
 0.38000E+02, 0.60000E+01, 0.48689E+02, 0.54167E+00, 0.24015E-02
 0.39000E+02, 0.60000E+01, 0.58452E+02, 0.40143E+00, 0.33388E-02
 0.40000E+02, 0.60000E+01, 0.49662E+02, 0.55749E+00, 0.23404E-02
 0.41000E+02, 0.60000E+01, 0.37724E+02, 0.86162E+00, 0.14583E-02
 0.42000E+02, 0.60000E+01, 0.36836E+02, 0.89740E+00, 0.13962E-02
 0.43000E+02, 0.60000E+01, 0.36659E+02, 0.89909E+00, 0.13927E-02
 0.44000E+02, 0.60000E+01, 0.36313E+02, 0.90854E+00, 0.13767E-02
 0.45000E+02, 0.60000E+01, 0.36589E+02, 0.88188E+00, 0.14196E-02
 0.46000E+02, 0.60000E+01, 0.36930E+02, 0.85447E+00, 0.14667E-02
 0.47000E+02, 0.60000E+01, 0.36829E+02, 0.84749E+00, 0.14783E-02
 0.48000E+02, 0.60000E+01, 0.35647E+02, 0.90183E+00, 0.13840E-02
 0.49000E+02, 0.60000E+01, 0.33608E+02, 0.10527E+01, 0.11778E-02
 0.50000E+02, 0.60000E+01, 0.35296E+02, 0.90824E+00, 0.13726E-02
 0.51000E+02, 0.60000E+01, 0.37052E+02, 0.80613E+00, 0.15553E-02
 0.52000E+02, 0.60000E+01, 0.63836E+02, 0.32778E+00, 0.41554E-02
 0.53000E+02, 0.60000E+01, 0.61180E+02, 0.34163E+00, 0.39555E-02
 0.54000E+02, 0.60000E+01, 0.53417E+02, 0.39373E+00, 0.33524E-02
 0.55000E+02, 0.60000E+01, 0.49716E+02, 0.42495E+00, 0.30709E-02
 0.56000E+02, 0.60000E+01, 0.52336E+02, 0.39299E+00, 0.33476E-02
 0.57000E+02, 0.60000E+01, 0.86857E+02, 0.22127E+00, 0.65760E-02
 0.58000E+02, 0.60000E+01, 0.75800E+02, 0.27725E+00, 0.50871E-02
 0.59000E+02, 0.60000E+01, 0.62472E+02, 0.31218E+00, 0.43453E-02
 0.60000E+02, 0.60000E+01, 0.58162E+02, 0.36598E+00, 0.36590E-02
 0.61000E+02, 0.60000E+01, 0.62785E+02, 0.33870E+00, 0.40088E-02
 0.62000E+02, 0.60000E+01, 0.90989E+02, 0.23104E+00, 0.63702E-02
 0.63000E+02, 0.60000E+01, 0.22000E+02, 0.30000E+02, 0.00000E+00
 0.64000E+02, 0.60000E+01, 0.27033E+03, 0.93934E-01, 0.23385E-01
 0.65000E+02, 0.60000E+01, 0.26756E+03, 0.97233E-01, 0.22477E-01
 0.00000E+00, 0.70000E+01, 0.74410E+02, 0.40649E+00, 0.34559E-02
 0.10000E+01, 0.70000E+01, 0.80147E+02, 0.39205E+00, 0.36423E-02
 0.20000E+01, 0.70000E+01, 0.89628E+02, 0.35371E+00, 0.41455E-02
 0.30000E+01, 0.70000E+01, 0.83613E+02, 0.37310E+00, 0.38649E-02
 0.40000E+01, 0.70000E+01, 0.83440E+02, 0.37084E+00, 0.38865E-02
 0.50000E+01, 0.70000E+01, 0.77977E+02, 0.39562E+00, 0.35872E-02
 0.60000E+01, 0.70000E+01, 0.71419E+02, 0.41873E+00, 0.33259E-02
 0.70000E+01, 0.70000E+01, 0.73103E+02, 0.40056E+00, 0.34939E-02
 0.80000E+01, 0.70000E+01, 0.22000E+02, 0.30000E+02, 0.00000E+00
 0.90000E+01, 0.70000E+01, 0.34559E+03, 0.96390E-01, 0.25945E-01
 0.10000E+02, 0.70000E+01, 0.35761E+03, 0.10035E+00, 0.25405E-01
 0.11000E+02, 0.70000E+01, 0.20356E+03, 0.13749E+00, 0.14014E-01
 0.12000E+02, 0.70000E+01, 0.16300E+03, 0.15505E+00, 0.11370E-01
 0.13000E+02, 0.70000E+01, 0.33225E+03, 0.12729E+00, 0.19223E-01
 0.14000E+02, 0.70000E+01, 0.25180E+03, 0.10766E+00, 0.19708E-01
 0.15000E+02, 0.70000E+01, 0.21820E+03, 0.10396E+00, 0.19103E-01
 0.16000E+02, 0.70000E+01, 0.19547E+03, 0.10276E+00, 0.18432E-01
 0.17000E+02, 0.70000E+01, 0.37321E+03, 0.12029E+00, 0.21717E-01
 0.18000E+02, 0.70000E+01, 0.41325E+03, 0.13046E+00, 0.21265E-01
 0.19000E+02, 0.70000E+01, 0.23491E+02, 0.30000E+02, 0.00000E+00
 0.20000E+02, 0.70000E+01, 0.23432E+02, 0.30000E+02, 0.00000E+00
 0.21000E+02, 0.70000E+01, 0.28655E+03, 0.11891E+00, 0.19025E-01
 0.22000E+02, 0.70000E+01, 0.35725E+03, 0.12962E+00, 0.19657E-01
 0.23000E+02, 0.70000E+01, 0.52722E+02, 0.65006E+00, 0.20261E-02
 0.24000E+02, 0.70000E+01, 0.87312E+02, 0.37653E+00, 0.38694E-02
 0.25000E+02, 0.70000E+01, 0.59074E+02, 0.54128E+00, 0.24808E-02
 0.26000E+02, 0.70000E+01, 0.40942E+02, 0.84811E+00, 0.14969E-02
 0.27000E+02, 0.70000E+01, 0.42941E+02, 0.76688E+00, 0.16659E-02
 0.28000E+02, 0.70000E+01, 0.43523E+02, 0.73126E+00, 0.17503E-02
 0.29000E+02, 0.70000E+01, 0.39088E+02, 0.87132E+00, 0.14484E-02
 0.30000E+02, 0.70000E+01, 0.37765E+02, 0.91808E+00, 0.13688E-02
 0.31000E+02, 0.70000E+01, 0.37610E+02, 0.88165E+00, 0.14246E-02
 0.32000E+02, 0.70000E+01, 0.40112E+02, 0.78348E+00, 0.16161E-02
 0.33000E+02, 0.70000E+01, 0.43406E+02, 0.70150E+00, 0.18239E-02
 0.34000E+02, 0.70000E+01, 0.11556E+03, 0.22731E+00, 0.69116E-02
 0.35000E+02, 0.70000E+01, 0.87888E+02, 0.29028E+00, 0.50271E-02
 0.36000E+02, 0.70000E+01, 0.56417E+02, 0.45449E+00, 0.29309E-02
 0.37000E+02, 0.70000E+01, 0.47937E+02, 0.54855E+00, 0.23658E-02
 0.38000E+02, 0.70000E+01, 0.52059E+02, 0.47050E+00, 0.27937E-02
 0.39000E+02, 0.70000E+01, 0.53775E+02, 0.44243E+00, 0.29866E-02
 0.40000E+02, 0.70000E+01, 0.86510E+02, 0.27252E+00, 0.53343E-02
 0.41000E+02, 0.70000E+01, 0.55194E+02, 0.45428E+00, 0.29213E-02
 0.42000E+02, 0.70000E+01, 0.33989E+02, 0.10604E+01, 0.11707E-02
 0.43000E+02, 0.70000E+01, 0.34543E+02, 0.10074E+01, 0.12345E-02
 0.44000E+02, 0.70000E+01, 0.35653E+02, 0.94069E+00, 0.13268E-02
 0.45000E+02, 0.70000E+01, 0.36476E+02, 0.88030E+00, 0.14216E-02
 0.46000E+02, 0.70000E+01, 0.37958E+02, 0.79623E+00, 0.15792E-02
 0.47000E+02, 0.70000E+01, 0.38488E+02, 0.75566E+00, 0.16669E-02
 0.48000E+02, 0.70000E+01, 0.36227E+02, 0.84246E+00, 0.14843E-02
 0.49000E+02, 0.70000E+01, 0.35448E+02, 0.90159E+00, 0.13834E-02
 0.50000E+02, 0.70000E+01, 0.34868E+02, 0.91511E+00, 0.13605E-02
 0.51000E+02, 0.70000E+01, 0.35509E+02, 0.82419E+00, 0.15137E-02
 0.52000E+02, 0.70000E+01, 0.16908E+03, 0.11853E+00, 0.15080E-01
 0.53000E+02, 0.70000E+01, 0.92500E+02, 0.21831E+00, 0.67696E-02
 0.54000E+02, 0.70000E+01, 0.59574E+02, 0.34453E+00, 0.39034E-02
 0.55000E+02, 0.70000E+01, 0.54636E+02, 0.35202E+00, 0.37635E-02
 0.56000E+02, 0.70000E+01, 0.62164E+02, 0.30569E+00, 0.44335E-02
 0.57000E+02, 0.70000E+01, 0.80825E+02, 0.23516E+00, 0.60839E-02
 0.58000E+02, 0.70000E+01, 0.15271E+03, 0.15478E+00, 0.11121E-01
 0.59000E+02, 0.70000E+01, 0.74602E+02, 0.28818E+00, 0.48774E-02
 0.60000E+02, 0.70000E+01, 0.59094E+02, 0.36934E+00, 0.36359E-02
 0.61000E+02, 0.70000E+01, 0.62768E+02, 0.33140E+00, 0.40969E-02
 0.62000E+02, 0.70000E+01, 0.90551E+02, 0.22542E+00, 0.65213E-02
 0.63000E+02, 0.70000E+01, 0.22000E+02, 0.30000E+02, 0.00000E+00
 0.64000E+02, 0.70000E+01, 0.31119E+03, 0.10421E+00, 0.22663E-01
 0.65000E+02, 0.70000E+01, 0.28527E+03, 0.10251E+00, 0.22017E-01
 0.00000E+00, 0.80000E+01, 0.88038E+02, 0.36028E+00, 0.40520E-02
 0.10000E+01, 0.80000E+01, 0.93510E+02, 0.34495E+00, 0.42962E-02
 0.20000E+01, 0.80000E+01, 0.92937E+02, 0.35100E+00, 0.42156E-02
 0.30000E+01, 0.80000E+01, 0.90580E+02, 0.35725E+00, 0.41152E-02
 0.40000E+01, 0.80000E+01, 0.86901E+02, 0.36200E+00, 0.40200E-02
 0.50000E+01, 0.80000E+01, 0.79557E+02, 0.39258E+00, 0.36313E-02
 0.60000E+01, 0.80000E+01, 0.73296E+02, 0.41974E+00, 0.33360E-02
 0.70000E+01, 0.80000E+01, 0.69770E+02, 0.43674E+00, 0.31736E-02
 0.80000E+01, 0.80000E+01, 0.22000E+02, 0.30000E+02, 0.00000E+00
 0.90000E+01, 0.80000E+01, 0.37137E+03, 0.99963E-01, 0.26060E-01
 0.10000E+02, 0.80000E+01, 0.44934E+03, 0.10744E+00, 0.27179E-01
 0.11000E+02, 0.80000E+01, 0.46272E+03, 0.10598E+00, 0.28064E-01
 0.12000E+02, 0.80000E+01, 0.46541E+03, 0.10178E+00, 0.29328E-01
 0.13000E+02, 0.80000E+01, 0.44524E+03, 0.11041E+00, 0.26299E-01
 0.14000E+02, 0.80000E+01, 0.46580E+03, 0.11746E+00, 0.25427E-01
 0.15000E+02, 0.80000E+01, 0.47038E+03, 0.12627E+00, 0.23799E-01
 0.16000E+02, 0.80000E+01, 0.45924E+03, 0.12732E+00, 0.23250E-01
 0.17000E+02, 0.80000E+01, 0.46512E+03, 0.13196E+00, 0.22613E-01
 0.18000E+02, 0.80000E+01, 0.45319E+03, 0.13293E+00, 0.22084E-01
 0.19000E+02, 0.80000E+01, 0.43661E+03, 0.13522E+00, 0.21215E-01
 0.20000E+02, 0.80000E+01, 0.42571E+03, 0.13762E+00, 0.20525E-01
 0.21000E+02, 0.80000E+01, 0.38506E+03, 0.13248E+00, 0.20081E-01
 0.22000E+02, 0.80000E+01, 0.39566E+03, 0.13458E+00, 0.20087E-01
 0.23000E+02, 0.80000E+01, 0.39885E+03, 0.13589E+00, 0.19987E-01
 0.24000E+02, 0.80000E+01, 0.38985E+03, 0.13242E+00, 0.20237E-01
 0.25000E+02, 0.80000E+01, 0.38413E+03, 0.12425E+00, 0.21381E-01
 0.26000E+02, 0.80000E+01, 0.38196E+03, 0.11504E+00, 0.23016E-01
 0.27000E+02, 0.80000E+01, 0.36587E+03, 0.11264E+00, 0.22929E-01
 0.28000E+02, 0.80000E+01, 0.35426E+03, 0.11354E+00, 0.22335E-01
 0.29000E+02, 0.80000E+01, 0.34659E+03, 0.11310E+00, 0.22148E-01
 0.30000E+02, 0.80000E+01, 0.33940E+03, 0.11240E+00, 0.22026E-01
 0.31000E+02, 0.80000E+01, 0.29614E+03, 0.11663E+00, 0.19728E-01
 0.32000E+02, 0.80000E+01, 0.24025E+03, 0.13434E+00, 0.15446E-01
 0.33000E+02, 0.80000E+01, 0.24648E+03, 0.13222E+00, 0.15884E-01
 0.34000E+02, 0.80000E+01, 0.25594E+03, 0.12515E+00, 0.17088E-01
 0.35000E+02, 0.80000E+01, 0.25964E+03, 0.12449E+00, 0.17298E-01
 0.36000E+02, 0.80000E+01, 0.27126E+03, 0.12389E+00, 0.17761E-01
 0.37000E+02, 0.80000E+01, 0.27409E+03, 0.12323E+00, 0.17949E-01
 0.38000E+02, 0.80000E+01, 0.26706E+03, 0.11846E+00, 0.18431E-01
 0.39000E+02, 0.80000E+01, 0.24935E+03, 0.11719E+00, 0.18020E-01
 0.40000E+02, 0.80000E+01, 0.20412E+03, 0.12904E+00, 0.14949E-01
 0.41000E+02, 0.80000E+01, 0.19084E+03, 0.13424E+00, 0.13971E-01
 0.42000E+02, 0.80000E+01, 0.20749E+03, 0.12658E+00, 0.15347E-01
 0.43000E+02, 0.80000E+01, 0.20903E+03, 0.12210E+00, 0.15961E-01
 0.44000E+02, 0.80000E+01, 0.19938E+03, 0.12090E+00, 0.15798E-01
 0.45000E+02, 0.80000E+01, 0.20404E+03, 0.11781E+00, 0.16371E-01
 0.46000E+02, 0.80000E+01, 0.20882E+03, 0.11582E+00, 0.16820E-01
 0.47000E+02, 0.80000E+01, 0.21487E+03, 0.11256E+00, 0.17525E-01
 0.48000E+02, 0.80000E+01, 0.21720E+03, 0.10502E+00, 0.18872E-01
 0.49000E+02, 0.80000E+01, 0.21993E+03, 0.97545E-01, 0.20431E-01
 0.50000E+02, 0.80000E+01, 0.22055E+03, 0.96814E-01, 0.20611E-01
 0.51000E+02, 0.80000E+01, 0.21703E+03, 0.95933E-01, 0.20652E-01
 0.52000E+02, 0.80000E+01, 0.22642E+03, 0.92735E-01, 0.21773E-01
 0.53000E+02, 0.80000E+01, 0.28246E+03, 0.88970E-01, 0.25241E-01
 0.54000E+02, 0.80000E+01, 0.29671E+03, 0.92299E-01, 0.24954E-01
 0.55000E+02, 0.80000E+01, 0.30571E+03, 0.95281E-01, 0.24555E-01
 0.56000E+02, 0.80000E+01, 0.31129E+03, 0.97986E-01, 0.24108E-01
 0.57000E+02, 0.80000E+01, 0.31148E+03, 0.97683E-01, 0.24190E-01
 0.58000E+02, 0.80000E+01, 0.31290E+03, 0.97159E-01, 0.24380E-01
 0.59000E+02, 0.80000E+01, 0.32476E+03, 0.98561E-01, 0.24519E-01
 0.60000E+02, 0.80000E+01, 0.32838E+03, 0.98325E-01, 0.24727E-01
 0.61000E+02, 0.80000E+01, 0.33497E+03, 0.10113E+00, 0.24303E-01
 0.62000E+02, 0.80000E+01, 0.33457E+03, 0.98498E-01, 0.24937E-01
 0.63000E+02, 0.80000E+01, 0.31868E+03, 0.10006E+00, 0.23906E-01
 0.64000E+02, 0.80000E+01, 0.30820E+03, 0.10555E+00, 0.22262E-01
 0.65000E+02, 0.80000E+01, 0.27760E+03, 0.10243E+00, 0.21733E-01
 0.00000E+00, 0.90000E+01, 0.91663E+02, 0.35516E+00, 0.41517E-02
 0.10000E+01, 0.90000E+01, 0.87499E+02, 0.38735E+00, 0.37632E-02
 0.20000E+01, 0.90000E+01, 0.81764E+02, 0.41061E+00, 0.34936E-02
 0.30000E+01, 0.90000E+01, 0.83190E+02, 0.40359E+00, 0.35687E-02
 0.40000E+01, 0.90000E+01, 0.86023E+02, 0.36525E+00, 0.39746E-02
 0.50000E+01, 0.90000E+01, 0.83980E+02, 0.36288E+00, 0.39777E-02
 0.60000E+01, 0.90000E+01, 0.74694E+02, 0.40769E+00, 0.34485E-02
 0.70000E+01, 0.90000E+01, 0.69070E+02, 0.43642E+00, 0.31694E-02
 0.80000E+01, 0.90000E+01, 0.22000E+02, 0.30000E+02, 0.00000E+00
 0.90000E+01, 0.90000E+01, 0.42742E+03, 0.10662E+00, 0.26558E-01
 0.10000E+02, 0.90000E+01, 0.43665E+03, 0.10774E+00, 0.26628E-01
 0.11000E+02, 0.90000E+01, 0.47451E+03, 0.11236E+00, 0.26896E-01
 0.12000E+02, 0.90000E+01, 0.46135E+03, 0.12311E+00, 0.24114E-01
 0.13000E+02, 0.90000E+01, 0.47919E+03, 0.13010E+00, 0.23374E-01
 0.14000E+02, 0.90000E+01, 0.48942E+03, 0.14390E+00, 0.21419E-01
 0.15000E+02, 0.90000E+01, 0.44430E+03, 0.13842E+00, 0.20949E-01
 0.16000E+02, 0.90000E+01, 0.46070E+03, 0.14476E+00, 0.20489E-01
 0.17000E+02, 0.90000E+01, 0.40084E+03, 0.12514E+00, 0.21769E-01
 0.18000E+02, 0.90000E+01, 0.36495E+03, 0.12182E+00, 0.21172E-01
 0.19000E+02, 0.90000E+01, 0.34951E+03, 0.12537E+00, 0.20074E-01
 0.20000E+02, 0.90000E+01, 0.34433E+03, 0.12700E+00, 0.19652E-01
 0.21000E+02, 0.90000E+01, 0.36084E+03, 0.12754E+00, 0.20092E-01
 0.22000E+02, 0.90000E+01, 0.38365E+03, 0.13176E+00, 0.20147E-01
 0.23000E+02, 0.90000E+01, 0.35007E+03, 0.13830E+00, 0.18214E-01
 0.24000E+02, 0.90000E+01, 0.36003E+03, 0.13545E+00, 0.18894E-01
 0.25000E+02, 0.90000E+01, 0.35333E+03, 0.13377E+00, 0.18930E-01
 0.26000E+02, 0.90000E+01, 0.35341E+03, 0.12756E+00, 0.19853E-01
 0.27000E+02, 0.90000E+01, 0.32739E+03, 0.13023E+00, 0.18638E-01
 0.28000E+02, 0.90000E+01, 0.32308E+03, 0.12847E+00, 0.18758E-01
 0.29000E+02, 0.90000E+01, 0.32543E+03, 0.12216E+00, 0.19804E-01
 0.30000E+02, 0.90000E+01, 0.26244E+03, 0.13514E+00, 0.16018E-01
 0.31000E+02, 0.90000E+01, 0.23061E+03, 0.14973E+00, 0.13599E-01
 0.32000E+02, 0.90000E+01, 0.24761E+03, 0.14073E+00, 0.14956E-01
 0.33000E+02, 0.90000E+01, 0.25779E+03, 0.13613E+00, 0.15764E-01
 0.34000E+02, 0.90000E+01, 0.24733E+03, 0.13797E+00, 0.15247E-01
 0.35000E+02, 0.90000E+01, 0.23140E+03, 0.13932E+00, 0.14638E-01
 0.36000E+02, 0.90000E+01, 0.24713E+03, 0.13764E+00, 0.15279E-01
 0.37000E+02, 0.90000E+01, 0.26936E+03, 0.13312E+00, 0.16472E-01
 0.38000E+02, 0.90000E+01, 0.26484E+03, 0.12704E+00, 0.17117E-01
 0.39000E+02, 0.90000E+01, 0.20381E+03, 0.13350E+00, 0.14440E-01
 0.40000E+02, 0.90000E+01, 0.20758E+03, 0.13045E+00, 0.14895E-01
 0.41000E+02, 0.90000E+01, 0.22365E+03, 0.12725E+00, 0.15780E-01
 0.42000E+02, 0.90000E+01, 0.22626E+03, 0.12385E+00, 0.16298E-01
 0.43000E+02, 0.90000E+01, 0.20730E+03, 0.12077E+00, 0.16080E-01
 0.44000E+02, 0.90000E+01, 0.21130E+03, 0.11767E+00, 0.16641E-01
 0.45000E+02, 0.90000E+01, 0.22537E+03, 0.11352E+00, 0.17750E-01
 0.46000E+02, 0.90000E+01, 0.23035E+03, 0.10961E+00, 0.18566E-01
 0.47000E+02, 0.90000E+01, 0.22867E+03, 0.10708E+00, 0.18942E-01
 0.48000E+02, 0.90000E+01, 0.22215E+03, 0.10456E+00, 0.19146E-01
 0.49000E+02, 0.90000E+01, 0.22303E+03, 0.10364E+00, 0.19351E-01
 0.50000E+02, 0.90000E+01, 0.22052E+03, 0.10252E+00, 0.19462E-01
 0.51000E+02, 0.90000E+01, 0.21088E+03, 0.97930E-01, 0.19977E-01
 0.52000E+02, 0.90000E+01, 0.23308E+03, 0.94624E-01, 0.21623E-01
 0.53000E+02, 0.90000E+01, 0.24066E+03, 0.96359E-01, 0.21552E-01
 0.54000E+02, 0.90000E+01, 0.25357E+03, 0.95976E-01, 0.22182E-01
 0.55000E+02, 0.90000E+01, 0.26485E+03, 0.95822E-01, 0.22693E-01
 0.56000E+02, 0.90000E+01, 0.28200E+03, 0.99000E-01, 0.22665E-01
 0.57000E+02, 0.90000E+01, 0.28545E+03, 0.10156E+00, 0.22231E-01
 0.58000E+02, 0.90000E+01, 0.29634E+03, 0.10000E+00, 0.23017E-01
 0.59000E+02, 0.90000E+01, 0.31632E+03, 0.98139E-01, 0.24277E-01
 0.60000E+02, 0.90000E+01, 0.32242E+03, 0.98351E-01, 0.24475E-01
 0.61000E+02, 0.90000E+01, 0.31786E+03, 0.10138E+00, 0.23562E-01
 0.62000E+02, 0.90000E+01, 0.31325E+03, 0.10330E+00, 0.22944E-01
 0.63000E+02, 0.90000E+01, 0.31435E+03, 0.10372E+00, 0.22895E-01
 0.64000E+02, 0.90000E+01, 0.30404E+03, 0.10681E+00, 0.21842E-01
 0.65000E+02, 0.90000E+01, 0.28075E+03, 0.10925E+00, 0.20492E-01
 0.00000E+00, 0.10000E+02, 0.89275E+02, 0.37899E+00, 0.38652E-02
 0.10000E+01, 0.10000E+02, 0.84439E+02, 0.40588E+00, 0.35609E-02
 0.20000E+01, 0.10000E+02, 0.80967E+02, 0.41720E+00, 0.34307E-02
 0.30000E+01, 0.10000E+02, 0.82347E+02, 0.40930E+00, 0.35105E-02
 0.40000E+01, 0.10000E+02, 0.10608E+03, 0.29133E+00, 0.52614E-02
 0.50000E+01, 0.10000E+02, 0.10771E+03, 0.28409E+00, 0.54185E-02
 0.60000E+01, 0.10000E+02, 0.10162E+03, 0.29731E+00, 0.50949E-02
 0.70000E+01, 0.10000E+02, 0.89860E+02, 0.32715E+00, 0.44849E-02
 0.80000E+01, 0.10000E+02, 0.22000E+02, 0.30000E+02, 0.00000E+00
 0.90000E+01, 0.10000E+02, 0.39158E+03, 0.10145E+00, 0.26483E-01
 0.10000E+02, 0.10000E+02, 0.39545E+03, 0.11084E+00, 0.24380E-01
 0.11000E+02, 0.10000E+02, 0.39976E+03, 0.11367E+00, 0.23927E-01
 0.12000E+02, 0.10000E+02, 0.40222E+03, 0.12661E+00, 0.21560E-01
 0.13000E+02, 0.10000E+02, 0.45787E+03, 0.14053E+00, 0.21025E-01
 0.14000E+02, 0.10000E+02, 0.47030E+03, 0.15592E+00, 0.19272E-01
 0.15000E+02, 0.10000E+02, 0.41991E+03, 0.15246E+00, 0.18373E-01
 0.16000E+02, 0.10000E+02, 0.37179E+03, 0.14567E+00, 0.17895E-01
 0.17000E+02, 0.10000E+02, 0.39674E+03, 0.14744E+00, 0.18364E-01
 0.18000E+02, 0.10000E+02, 0.33766E+03, 0.13514E+00, 0.18268E-01
 0.19000E+02, 0.10000E+02, 0.36007E+03, 0.13480E+00, 0.18987E-01
 0.20000E+02, 0.10000E+02, 0.35207E+03, 0.13358E+00, 0.18918E-01
 0.21000E+02, 0.10000E+02, 0.33141E+03, 0.12901E+00, 0.18940E-01
 0.22000E+02, 0.10000E+02, 0.33585E+03, 0.13022E+00, 0.18902E-01
 0.23000E+02, 0.10000E+02, 0.30340E+03, 0.14272E+00, 0.16328E-01
 0.24000E+02, 0.10000E+02, 0.28459E+03, 0.14826E+00, 0.15205E-01
 0.25000E+02, 0.10000E+02, 0.26134E+03, 0.15377E+00, 0.14049E-01
 0.26000E+02, 0.10000E+02, 0.27158E+03, 0.14960E+00, 0.14718E-01
 0.27000E+02, 0.10000E+02, 0.25308E+03, 0.15386E+00, 0.13824E-01
 0.28000E+02, 0.10000E+02, 0.27092E+03, 0.14851E+00, 0.14808E-01
 0.29000E+02, 0.10000E+02, 0.28415E+03, 0.13716E+00, 0.16422E-01
 0.30000E+02, 0.10000E+02, 0.22399E+03, 0.15466E+00, 0.12992E-01
 0.31000E+02, 0.10000E+02, 0.24677E+03, 0.14810E+00, 0.14189E-01
 0.32000E+02, 0.10000E+02, 0.25350E+03, 0.14549E+00, 0.14631E-01
 0.33000E+02, 0.10000E+02, 0.25165E+03, 0.14475E+00, 0.14654E-01
 0.34000E+02, 0.10000E+02, 0.25368E+03, 0.14274E+00, 0.14918E-01
 0.35000E+02, 0.10000E+02, 0.23927E+03, 0.14355E+00, 0.14428E-01
 0.36000E+02, 0.10000E+02, 0.24802E+03, 0.14195E+00, 0.14839E-01
 0.37000E+02, 0.10000E+02, 0.25477E+03, 0.13363E+00, 0.15968E-01
 0.38000E+02, 0.10000E+02, 0.22660E+03, 0.13402E+00, 0.15072E-01
 0.39000E+02, 0.10000E+02, 0.22856E+03, 0.13190E+00, 0.15374E-01
 0.40000E+02, 0.10000E+02, 0.21843E+03, 0.12887E+00, 0.15418E-01
 0.41000E+02, 0.10000E+02, 0.22415E+03, 0.12790E+00, 0.15715E-01
 0.42000E+02, 0.10000E+02, 0.21610E+03, 0.12338E+00, 0.16027E-01
 0.43000E+02, 0.10000E+02, 0.21680E+03, 0.12169E+00, 0.16273E-01
 0.44000E+02, 0.10000E+02, 0.22357E+03, 0.11481E+00, 0.17487E-01
 0.45000E+02, 0.10000E+02, 0.23081E+03, 0.11342E+00, 0.17959E-01
 0.46000E+02, 0.10000E+02, 0.23536E+03, 0.11392E+00, 0.18042E-01
 0.47000E+02, 0.10000E+02, 0.22636E+03, 0.11227E+00, 0.17983E-01
 0.48000E+02, 0.10000E+02, 0.21403E+03, 0.10867E+00, 0.18120E-01
 0.49000E+02, 0.10000E+02, 0.21014E+03, 0.10704E+00, 0.18249E-01
 0.50000E+02, 0.10000E+02, 0.21267E+03, 0.10646E+00, 0.18444E-01
 0.51000E+02, 0.10000E+02, 0.21138E+03, 0.10560E+00, 0.18546E-01
 0.52000E+02, 0.10000E+02, 0.21085E+03, 0.10357E+00, 0.18889E-01
 0.53000E+02, 0.10000E+02, 0.21879E+03, 0.10201E+00, 0.19491E-01
 0.54000E+02, 0.10000E+02, 0.23158E+03, 0.10047E+00, 0.20304E-01
 0.55000E+02, 0.10000E+02, 0.25782E+03, 0.98056E-01, 0.21886E-01
 0.56000E+02, 0.10000E+02, 0.26054E+03, 0.99495E-01, 0.21680E-01
 0.57000E+02, 0.10000E+02, 0.27064E+03, 0.10226E+00, 0.21493E-01
 0.58000E+02, 0.10000E+02, 0.28736E+03, 0.10375E+00, 0.21835E-01
 0.59000E+02, 0.10000E+02, 0.26685E+03, 0.10171E+00, 0.21458E-01
 0.60000E+02, 0.10000E+02, 0.28299E+03, 0.10094E+00, 0.22270E-01
 0.61000E+02, 0.10000E+02, 0.29702E+03, 0.10196E+00, 0.22601E-01
 0.62000E+02, 0.10000E+02, 0.30012E+03, 0.10408E+00, 0.22262E-01
 0.63000E+02, 0.10000E+02, 0.28763E+03, 0.10479E+00, 0.21630E-01
 0.64000E+02, 0.10000E+02, 0.29495E+03, 0.10799E+00, 0.21262E-01
 0.65000E+02, 0.10000E+02, 0.27961E+03, 0.11269E+00, 0.19826E-01
 0.00000E+00, 0.11000E+02, 0.93023E+02, 0.35980E+00, 0.41134E-02
 0.10000E+01, 0.11000E+02, 0.84443E+02, 0.40613E+00, 0.35588E-02
 0.20000E+01, 0.11000E+02, 0.82742E+02, 0.41207E+00, 0.34908E-02
 0.30000E+01, 0.11000E+02, 0.10501E+03, 0.30031E+00, 0.50896E-02
 0.40000E+01, 0.11000E+02, 0.11781E+03, 0.26399E+00, 0.59858E-02
 0.50000E+01, 0.11000E+02, 0.10959E+03, 0.28300E+00, 0.54663E-02
 0.60000E+01, 0.11000E+02, 0.10098E+03, 0.30473E+00, 0.49623E-02
 0.70000E+01, 0.11000E+02, 0.95678E+02, 0.30497E+00, 0.48881E-02
 0.80000E+01, 0.11000E+02, 0.22000E+02, 0.30000E+02, 0.00000E+00
 0.90000E+01, 0.11000E+02, 0.41494E+03, 0.99685E-01, 0.27899E-01
 0.10000E+02, 0.11000E+02, 0.37000E+03, 0.10443E+00, 0.24893E-01
 0.11000E+02, 0.11000E+02, 0.40257E+03, 0.11485E+00, 0.23780E-01
 0.12000E+02, 0.11000E+02, 0.40550E+03, 0.12529E+00, 0.21894E-01
 0.13000E+02, 0.11000E+02, 0.39231E+03, 0.14239E+00, 0.18889E-01
 0.14000E+02, 0.11000E+02, 0.41720E+03, 0.15617E+00, 0.17867E-01
 0.15000E+02, 0.11000E+02, 0.45982E+03, 0.19386E+00, 0.15282E-01
 0.16000E+02, 0.11000E+02, 0.44768E+03, 0.18027E+00, 0.16162E-01
 0.17000E+02, 0.11000E+02, 0.42517E+03, 0.16809E+00, 0.16792E-01
 0.18000E+02, 0.11000E+02, 0.34030E+03, 0.15581E+00, 0.15913E-01
 0.19000E+02, 0.11000E+02, 0.32732E+03, 0.14562E+00, 0.16666E-01
 0.20000E+02, 0.11000E+02, 0.31245E+03, 0.14480E+00, 0.16346E-01
 0.21000E+02, 0.11000E+02, 0.32280E+03, 0.14088E+00, 0.17098E-01
 0.22000E+02, 0.11000E+02, 0.31208E+03, 0.13825E+00, 0.17110E-01
 0.23000E+02, 0.11000E+02, 0.28788E+03, 0.14653E+00, 0.15476E-01
 0.24000E+02, 0.11000E+02, 0.26976E+03, 0.15254E+00, 0.14385E-01
 0.25000E+02, 0.11000E+02, 0.25773E+03, 0.15362E+00, 0.13968E-01
 0.26000E+02, 0.11000E+02, 0.27986E+03, 0.14640E+00, 0.15267E-01
 0.27000E+02, 0.11000E+02, 0.26302E+03, 0.15051E+00, 0.14399E-01
 0.28000E+02, 0.11000E+02, 0.26655E+03, 0.14882E+00, 0.14657E-01
 0.29000E+02, 0.11000E+02, 0.26676E+03, 0.14732E+00, 0.14812E-01
 0.30000E+02, 0.11000E+02, 0.23518E+03, 0.15596E+00, 0.13174E-01
 0.31000E+02, 0.11000E+02, 0.24548E+03, 0.15184E+00, 0.13806E-01
 0.32000E+02, 0.11000E+02, 0.25325E+03, 0.14793E+00, 0.14383E-01
 0.33000E+02, 0.11000E+02, 0.23535E+03, 0.14852E+00, 0.13838E-01
 0.34000E+02, 0.11000E+02, 0.23653E+03, 0.14514E+00, 0.14194E-01
 0.35000E+02, 0.11000E+02, 0.23351E+03, 0.14401E+00, 0.14220E-01
 0.36000E+02, 0.11000E+02, 0.24335E+03, 0.14205E+00, 0.14696E-01
 0.37000E+02, 0.11000E+02, 0.24386E+03, 0.13556E+00, 0.15415E-01
 0.38000E+02, 0.11000E+02, 0.24641E+03, 0.13261E+00, 0.15836E-01
 0.39000E+02, 0.11000E+02, 0.21576E+03, 0.13055E+00, 0.15136E-01
 0.40000E+02, 0.11000E+02, 0.22036E+03, 0.12752E+00, 0.15642E-01
 0.41000E+02, 0.11000E+02, 0.22488E+03, 0.12700E+00, 0.15850E-01
 0.42000E+02, 0.11000E+02, 0.22444E+03, 0.12800E+00, 0.15712E-01
 0.43000E+02, 0.11000E+02, 0.22165E+03, 0.12742E+00, 0.15696E-01
 0.44000E+02, 0.11000E+02, 0.22079E+03, 0.12175E+00, 0.16398E-01
 0.45000E+02, 0.11000E+02, 0.23061E+03, 0.11629E+00, 0.17509E-01
 0.46000E+02, 0.11000E+02, 0.23532E+03, 0.11547E+00, 0.17798E-01
 0.47000E+02, 0.11000E+02, 0.22693E+03, 0.11269E+00, 0.17936E-01
 0.48000E+02, 0.11000E+02, 0.22132E+03, 0.11410E+00, 0.17515E-01
 0.49000E+02, 0.11000E+02, 0.21258E+03, 0.11091E+00, 0.17702E-01
 0.50000E+02, 0.11000E+02, 0.21341E+03, 0.11109E+00, 0.17703E-01
 0.51000E+02, 0.11000E+02, 0.21446E+03, 0.11268E+00, 0.17490E-01
 0.52000E+02, 0.11000E+02, 0.21291E+03, 0.11530E+00, 0.17038E-01
 0.53000E+02, 0.11000E+02, 0.21558E+03, 0.11124E+00, 0.17758E-01
 0.54000E+02, 0.11000E+02, 0.23901E+03, 0.99815E-01, 0.20739E-01
 0.55000E+02, 0.11000E+02, 0.23089E+03, 0.10642E+00, 0.19144E-01
 0.56000E+02, 0.11000E+02, 0.23043E+03, 0.11069E+00, 0.18389E-01
 0.57000E+02, 0.11000E+02, 0.24258E+03, 0.10758E+00, 0.19376E-01
 0.58000E+02, 0.11000E+02, 0.28553E+03, 0.10347E+00, 0.21824E-01
 0.59000E+02, 0.11000E+02, 0.26336E+03, 0.10300E+00, 0.21053E-01
 0.60000E+02, 0.11000E+02, 0.27552E+03, 0.10231E+00, 0.21676E-01
 0.61000E+02, 0.11000E+02, 0.29319E+03, 0.10487E+00, 0.21827E-01
 0.62000E+02, 0.11000E+02, 0.29007E+03, 0.10579E+00, 0.21518E-01
 0.63000E+02, 0.11000E+02, 0.29276E+03, 0.10921E+00, 0.20944E-01
 0.64000E+02, 0.11000E+02, 0.28438E+03, 0.11174E+00, 0.20167E-01
 0.65000E+02, 0.11000E+02, 0.27689E+03, 0.11497E+00, 0.19337E-01
 0.00000E+00, 0.12000E+02, 0.96657E+02, 0.33742E+00, 0.44297E-02
 0.10000E+01, 0.12000E+02, 0.84789E+02, 0.40465E+00, 0.35752E-02
 0.20000E+01, 0.12000E+02, 0.87146E+02, 0.38491E+00, 0.37834E-02
 0.30000E+01, 0.12000E+02, 0.11582E+03, 0.27218E+00, 0.57762E-02
 0.40000E+01, 0.12000E+02, 0.11404E+03, 0.28188E+00, 0.55519E-02
 0.50000E+01, 0.12000E+02, 0.10745E+03, 0.29711E+00, 0.51776E-02
 0.60000E+01, 0.12000E+02, 0.10225E+03, 0.29923E+00, 0.50707E-02
 0.70000E+01, 0.12000E+02, 0.10182E+03, 0.28621E+00, 0.52953E-02
 0.80000E+01, 0.12000E+02, 0.22000E+02, 0.30000E+02, 0.00000E+00
 0.90000E+01, 0.12000E+02, 0.55188E+03, 0.10764E+00, 0.30980E-01
 0.10000E+02, 0.12000E+02, 0.39362E+03, 0.10599E+00, 0.25426E-01
 0.11000E+02, 0.12000E+02, 0.46132E+03, 0.12199E+00, 0.24336E-01
 0.12000E+02, 0.12000E+02, 0.56544E+03, 0.12828E+00, 0.26422E-01
 0.13000E+02, 0.12000E+02, 0.49860E+03, 0.14844E+00, 0.21014E-01
 0.14000E+02, 0.12000E+02, 0.38608E+03, 0.16677E+00, 0.15977E-01
 0.15000E+02, 0.12000E+02, 0.39544E+03, 0.17804E+00, 0.15178E-01
 0.16000E+02, 0.12000E+02, 0.40608E+03, 0.18100E+00, 0.15168E-01
 0.17000E+02, 0.12000E+02, 0.39025E+03, 0.16765E+00, 0.15993E-01
 0.18000E+02, 0.12000E+02, 0.34698E+03, 0.15525E+00, 0.16145E-01
 0.19000E+02, 0.12000E+02, 0.33053E+03, 0.15166E+00, 0.16088E-01
 0.20000E+02, 0.12000E+02, 0.34423E+03, 0.15243E+00, 0.16371E-01
 0.21000E+02, 0.12000E+02, 0.31169E+03, 0.15011E+00, 0.15748E-01
 0.22000E+02, 0.12000E+02, 0.27625E+03, 0.14807E+00, 0.14997E-01
 0.23000E+02, 0.12000E+02, 0.27891E+03, 0.14881E+00, 0.14994E-01
 0.24000E+02, 0.12000E+02, 0.27559E+03, 0.14840E+00, 0.14945E-01
 0.25000E+02, 0.12000E+02, 0.26294E+03, 0.14914E+00, 0.14528E-01
 0.26000E+02, 0.12000E+02, 0.26280E+03, 0.14966E+00, 0.14475E-01
 0.27000E+02, 0.12000E+02, 0.23791E+03, 0.15914E+00, 0.12980E-01
 0.28000E+02, 0.12000E+02, 0.24523E+03, 0.15710E+00, 0.13337E-01
 0.29000E+02, 0.12000E+02, 0.25950E+03, 0.14912E+00, 0.14437E-01
 0.30000E+02, 0.12000E+02, 0.25082E+03, 0.15232E+00, 0.13903E-01
 0.31000E+02, 0.12000E+02, 0.24328E+03, 0.15778E+00, 0.13229E-01
 0.32000E+02, 0.12000E+02, 0.23643E+03, 0.16276E+00, 0.12654E-01
 0.33000E+02, 0.12000E+02, 0.24337E+03, 0.15779E+00, 0.13231E-01
 0.34000E+02, 0.12000E+02, 0.23562E+03, 0.15167E+00, 0.13558E-01
 0.35000E+02, 0.12000E+02, 0.23306E+03, 0.14545E+00, 0.14067E-01
 0.36000E+02, 0.12000E+02, 0.23803E+03, 0.14028E+00, 0.14728E-01
 0.37000E+02, 0.12000E+02, 0.25012E+03, 0.13719E+00, 0.15416E-01
 0.38000E+02, 0.12000E+02, 0.23793E+03, 0.13365E+00, 0.15456E-01
 0.39000E+02, 0.12000E+02, 0.21602E+03, 0.13546E+00, 0.14596E-01
 0.40000E+02, 0.12000E+02, 0.22226E+03, 0.13214E+00, 0.15154E-01
 0.41000E+02, 0.12000E+02, 0.22963E+03, 0.12906E+00, 0.15746E-01
 0.42000E+02, 0.12000E+02, 0.23021E+03, 0.12859E+00, 0.15822E-01
 0.43000E+02, 0.12000E+02, 0.21279E+03, 0.13086E+00, 0.15009E-01
 0.44000E+02, 0.12000E+02, 0.21692E+03, 0.12962E+00, 0.15281E-01
 0.45000E+02, 0.12000E+02, 0.22667E+03, 0.12037E+00, 0.16784E-01
 0.46000E+02, 0.12000E+02, 0.22949E+03, 0.11518E+00, 0.17638E-01
 0.47000E+02, 0.12000E+02, 0.22714E+03, 0.11736E+00, 0.17230E-01
 0.48000E+02, 0.12000E+02, 0.22544E+03, 0.12012E+00, 0.16776E-01
 0.49000E+02, 0.12000E+02, 0.21984E+03, 0.11872E+00, 0.16784E-01
 0.50000E+02, 0.12000E+02, 0.21872E+03, 0.11658E+00, 0.17053E-01
 0.51000E+02, 0.12000E+02, 0.21579E+03, 0.11694E+00, 0.16899E-01
 0.52000E+02, 0.12000E+02, 0.21705E+03, 0.11174E+00, 0.17731E-01
 0.53000E+02, 0.12000E+02, 0.23131E+03, 0.10276E+00, 0.19841E-01
 0.54000E+02, 0.12000E+02, 0.23519E+03, 0.10348E+00, 0.19856E-01
 0.55000E+02, 0.12000E+02, 0.23447E+03, 0.10433E+00, 0.19666E-01
 0.56000E+02, 0.12000E+02, 0.23254E+03, 0.10753E+00, 0.19009E-01
 0.57000E+02, 0.12000E+02, 0.23921E+03, 0.10982E+00, 0.18856E-01
 0.58000E+02, 0.12000E+02, 0.26136E+03, 0.10842E+00, 0.19927E-01
 0.59000E+02, 0.12000E+02, 0.27836E+03, 0.10628E+00, 0.20973E-01
 0.60000E+02, 0.12000E+02, 0.28655E+03, 0.10649E+00, 0.21243E-01
 0.61000E+02, 0.12000E+02, 0.30036E+03, 0.10873E+00, 0.21320E-01
 0.62000E+02, 0.12000E+02, 0.29339E+03, 0.10730E+00, 0.21341E-01
 0.63000E+02, 0.12000E+02, 0.28108E+03, 0.10991E+00, 0.20382E-01
 0.64000E+02, 0.12000E+02, 0.27311E+03, 0.11306E+00, 0.19529E-01
 0.65000E+02, 0.12000E+02, 0.27085E+03, 0.11915E+00, 0.18454E-01
 0.00000E+00, 0.13000E+02, 0.93796E+02, 0.34993E+00, 0.42384E-02
 0.10000E+01, 0.13000E+02, 0.88618E+02, 0.38212E+00, 0.38266E-02
 0.20000E+01, 0.13000E+02, 0.99219E+02, 0.31905E+00, 0.47172E-02
 0.30000E+01, 0.13000E+02, 0.10406E+03, 0.31198E+00, 0.48870E-02
 0.40000E+01, 0.13000E+02, 0.10526E+03, 0.30738E+00, 0.49758E-02
 0.50000E+01, 0.13000E+02, 0.11441E+03, 0.27183E+00, 0.57626E-02
 0.60000E+01, 0.13000E+02, 0.14386E+03, 0.21513E+00, 0.78348E-02
 0.70000E+01, 0.13000E+02, 0.17892E+03, 0.18753E+00, 0.97434E-02
 0.80000E+01, 0.13000E+02, 0.22000E+02, 0.30000E+02, 0.00000E+00
 0.90000E+01, 0.13000E+02, 0.57672E+03, 0.12060E+00, 0.28483E-01
 0.10000E+02, 0.13000E+02, 0.58881E+03, 0.13028E+00, 0.26741E-01
 0.11000E+02, 0.13000E+02, 0.53106E+03, 0.13452E+00, 0.24163E-01
 0.12000E+02, 0.13000E+02, 0.57562E+03, 0.14032E+00, 0.24449E-01
 0.13000E+02, 0.13000E+02, 0.55003E+03, 0.15899E+00, 0.20927E-01
 0.14000E+02, 0.13000E+02, 0.46202E+03, 0.19000E+00, 0.15639E-01
 0.15000E+02, 0.13000E+02, 0.44106E+03, 0.21420E+00, 0.13477E-01
 0.16000E+02, 0.13000E+02, 0.40676E+03, 0.20216E+00, 0.13593E-01
 0.17000E+02, 0.13000E+02, 0.39996E+03, 0.18292E+00, 0.14873E-01
 0.18000E+02, 0.13000E+02, 0.37229E+03, 0.16809E+00, 0.15520E-01
 0.19000E+02, 0.13000E+02, 0.32356E+03, 0.16377E+00, 0.14727E-01
 0.20000E+02, 0.13000E+02, 0.33355E+03, 0.16250E+00, 0.15091E-01
 0.21000E+02, 0.13000E+02, 0.32974E+03, 0.17025E+00, 0.14313E-01
 0.22000E+02, 0.13000E+02, 0.27537E+03, 0.16194E+00, 0.13690E-01
 0.23000E+02, 0.13000E+02, 0.27342E+03, 0.15256E+00, 0.14480E-01
 0.24000E+02, 0.13000E+02, 0.27324E+03, 0.15033E+00, 0.14691E-01
 0.25000E+02, 0.13000E+02, 0.26712E+03, 0.15018E+00, 0.14540E-01
 0.26000E+02, 0.13000E+02, 0.25350E+03, 0.15405E+00, 0.13818E-01
 0.27000E+02, 0.13000E+02, 0.24405E+03, 0.15917E+00, 0.13133E-01
 0.28000E+02, 0.13000E+02, 0.24835E+03, 0.15704E+00, 0.13422E-01
 0.29000E+02, 0.13000E+02, 0.26014E+03, 0.14922E+00, 0.14445E-01
 0.30000E+02, 0.13000E+02, 0.24507E+03, 0.16062E+00, 0.13041E-01
 0.31000E+02, 0.13000E+02, 0.23476E+03, 0.17062E+00, 0.12032E-01
 0.32000E+02, 0.13000E+02, 0.24734E+03, 0.16824E+00, 0.12504E-01
 0.33000E+02, 0.13000E+02, 0.24396E+03, 0.16086E+00, 0.12993E-01
 0.34000E+02, 0.13000E+02, 0.23840E+03, 0.14990E+00, 0.13793E-01
 0.35000E+02, 0.13000E+02, 0.23486E+03, 0.14502E+00, 0.14159E-01
 0.36000E+02, 0.13000E+02, 0.24342E+03, 0.13998E+00, 0.14916E-01
 0.37000E+02, 0.13000E+02, 0.23706E+03, 0.13636E+00, 0.15123E-01
 0.38000E+02, 0.13000E+02, 0.21568E+03, 0.13784E+00, 0.14333E-01
 0.39000E+02, 0.13000E+02, 0.22040E+03, 0.13724E+00, 0.14535E-01
 0.40000E+02, 0.13000E+02, 0.23425E+03, 0.13462E+00, 0.15234E-01
 0.41000E+02, 0.13000E+02, 0.23730E+03, 0.13130E+00, 0.15714E-01
 0.42000E+02, 0.13000E+02, 0.20773E+03, 0.13426E+00, 0.14477E-01
 0.43000E+02, 0.13000E+02, 0.21116E+03, 0.13315E+00, 0.14701E-01
 0.44000E+02, 0.13000E+02, 0.21829E+03, 0.13319E+00, 0.14913E-01
 0.45000E+02, 0.13000E+02, 0.22688E+03, 0.12722E+00, 0.15886E-01
 0.46000E+02, 0.13000E+02, 0.22543E+03, 0.12180E+00, 0.16545E-01
 0.47000E+02, 0.13000E+02, 0.20369E+03, 0.11884E+00, 0.16218E-01
 0.48000E+02, 0.13000E+02, 0.20369E+03, 0.11828E+00, 0.16295E-01
 0.49000E+02, 0.13000E+02, 0.20237E+03, 0.11812E+00, 0.16272E-01
 0.50000E+02, 0.13000E+02, 0.21016E+03, 0.11608E+00, 0.16828E-01
 0.51000E+02, 0.13000E+02, 0.20876E+03, 0.11479E+00, 0.16969E-01
 0.52000E+02, 0.13000E+02, 0.21413E+03, 0.11132E+00, 0.17693E-01
 0.53000E+02, 0.13000E+02, 0.21760E+03, 0.10853E+00, 0.18276E-01
 0.54000E+02, 0.13000E+02, 0.22067E+03, 0.11071E+00, 0.18028E-01
 0.55000E+02, 0.13000E+02, 0.22899E+03, 0.10968E+00, 0.18504E-01
 0.56000E+02, 0.13000E+02, 0.23097E+03, 0.11076E+00, 0.18396E-01
 0.57000E+02, 0.13000E+02, 0.24196E+03, 0.10960E+00, 0.18996E-01
 0.58000E+02, 0.13000E+02, 0.26642E+03, 0.10695E+00, 0.20392E-01
 0.59000E+02, 0.13000E+02, 0.27492E+03, 0.10659E+00, 0.20782E-01
 0.60000E+02, 0.13000E+02, 0.27321E+03, 0.10794E+00, 0.20458E-01
 0.61000E+02, 0.13000E+02, 0.28833E+03, 0.11234E+00, 0.20200E-01
 0.62000E+02, 0.13000E+02, 0.28619E+03, 0.11147E+00, 0.20281E-01
 0.63000E+02, 0.13000E+02, 0.28069E+03, 0.11385E+00, 0.19662E-01
 0.64000E+02, 0.13000E+02, 0.27325E+03, 0.11669E+00, 0.18926E-01
 0.65000E+02, 0.13000E+02, 0.24488E+03, 0.12305E+00, 0.17016E-01
 0.00000E+00, 0.14000E+02, 0.10427E+03, 0.30676E+00, 0.49728E-02
 0.10000E+01, 0.14000E+02, 0.10859E+03, 0.29213E+00, 0.52816E-02
 0.20000E+01, 0.14000E+02, 0.95986E+02, 0.33103E+00, 0.45071E-02
 0.30000E+01, 0.14000E+02, 0.97696E+02, 0.33218E+00, 0.45123E-02
 0.40000E+01, 0.14000E+02, 0.10697E+03, 0.29551E+00, 0.51990E-02
 0.50000E+01, 0.14000E+02, 0.13397E+03, 0.23764E+00, 0.69245E-02
 0.60000E+01, 0.14000E+02, 0.18263E+03, 0.19100E+00, 0.96448E-02
 0.70000E+01, 0.14000E+02, 0.28872E+03, 0.13943E+00, 0.16288E-01
 0.80000E+01, 0.14000E+02, 0.22000E+02, 0.30000E+02, 0.00000E+00
 0.90000E+01, 0.14000E+02, 0.64046E+03, 0.12047E+00, 0.30652E-01
 0.10000E+02, 0.14000E+02, 0.52004E+03, 0.14584E+00, 0.21983E-01
 0.11000E+02, 0.14000E+02, 0.51922E+03, 0.14127E+00, 0.22671E-01
 0.12000E+02, 0.14000E+02, 0.60930E+03, 0.17068E+00, 0.20897E-01
 0.13000E+02, 0.14000E+02, 0.62005E+03, 0.17928E+00, 0.20136E-01
 0.14000E+02, 0.14000E+02, 0.52922E+03, 0.20217E+00, 0.16041E-01
 0.15000E+02, 0.14000E+02, 0.54499E+03, 0.22562E+00, 0.14656E-01
 0.16000E+02, 0.14000E+02, 0.49298E+03, 0.22810E+00, 0.13576E-01
 0.17000E+02, 0.14000E+02, 0.41260E+03, 0.22134E+00, 0.12522E-01
 0.18000E+02, 0.14000E+02, 0.36658E+03, 0.19661E+00, 0.13151E-01
 0.19000E+02, 0.14000E+02, 0.33667E+03, 0.18323E+00, 0.13452E-01
 0.20000E+02, 0.14000E+02, 0.33644E+03, 0.17564E+00, 0.14028E-01
 0.21000E+02, 0.14000E+02, 0.32479E+03, 0.18804E+00, 0.12853E-01
 0.22000E+02, 0.14000E+02, 0.29406E+03, 0.17520E+00, 0.13085E-01
 0.23000E+02, 0.14000E+02, 0.26577E+03, 0.16534E+00, 0.13174E-01
 0.24000E+02, 0.14000E+02, 0.26161E+03, 0.17171E+00, 0.12588E-01
 0.25000E+02, 0.14000E+02, 0.25644E+03, 0.17005E+00, 0.12588E-01
 0.26000E+02, 0.14000E+02, 0.24985E+03, 0.16667E+00, 0.12683E-01
 0.27000E+02, 0.14000E+02, 0.25264E+03, 0.16174E+00, 0.13139E-01
 0.28000E+02, 0.14000E+02, 0.26367E+03, 0.15688E+00, 0.13830E-01
 0.29000E+02, 0.14000E+02, 0.25817E+03, 0.15621E+00, 0.13748E-01
 0.30000E+02, 0.14000E+02, 0.23750E+03, 0.18530E+00, 0.11138E-01
 0.31000E+02, 0.14000E+02, 0.24646E+03, 0.17716E+00, 0.11855E-01
 0.32000E+02, 0.14000E+02, 0.24690E+03, 0.17708E+00, 0.11870E-01
 0.33000E+02, 0.14000E+02, 0.24610E+03, 0.16663E+00, 0.12595E-01
 0.34000E+02, 0.14000E+02, 0.24524E+03, 0.15838E+00, 0.13229E-01
 0.35000E+02, 0.14000E+02, 0.24552E+03, 0.14339E+00, 0.14620E-01
 0.36000E+02, 0.14000E+02, 0.24044E+03, 0.14422E+00, 0.14393E-01
 0.37000E+02, 0.14000E+02, 0.22573E+03, 0.13860E+00, 0.14548E-01
 0.38000E+02, 0.14000E+02, 0.22164E+03, 0.14024E+00, 0.14260E-01
 0.39000E+02, 0.14000E+02, 0.23494E+03, 0.13526E+00, 0.15183E-01
 0.40000E+02, 0.14000E+02, 0.23879E+03, 0.13727E+00, 0.15074E-01
 0.41000E+02, 0.14000E+02, 0.22315E+03, 0.13611E+00, 0.14738E-01
 0.42000E+02, 0.14000E+02, 0.21592E+03, 0.13887E+00, 0.14234E-01
 0.43000E+02, 0.14000E+02, 0.20973E+03, 0.13609E+00, 0.14341E-01
 0.44000E+02, 0.14000E+02, 0.21489E+03, 0.13618E+00, 0.14485E-01
 0.45000E+02, 0.14000E+02, 0.22148E+03, 0.13061E+00, 0.15307E-01
 0.46000E+02, 0.14000E+02, 0.20994E+03, 0.12204E+00, 0.15999E-01
 0.47000E+02, 0.14000E+02, 0.20135E+03, 0.12165E+00, 0.15765E-01
 0.48000E+02, 0.14000E+02, 0.18490E+03, 0.12351E+00, 0.14989E-01
 0.49000E+02, 0.14000E+02, 0.20522E+03, 0.12160E+00, 0.15901E-01
 0.50000E+02, 0.14000E+02, 0.19808E+03, 0.12148E+00, 0.15679E-01
 0.51000E+02, 0.14000E+02, 0.20254E+03, 0.11960E+00, 0.16076E-01
 0.52000E+02, 0.14000E+02, 0.20885E+03, 0.11625E+00, 0.16758E-01
 0.53000E+02, 0.14000E+02, 0.21338E+03, 0.11200E+00, 0.17558E-01
 0.54000E+02, 0.14000E+02, 0.21850E+03, 0.11310E+00, 0.17571E-01
 0.55000E+02, 0.14000E+02, 0.22089E+03, 0.11406E+00, 0.17507E-01
 0.56000E+02, 0.14000E+02, 0.22630E+03, 0.11634E+00, 0.17351E-01
 0.57000E+02, 0.14000E+02, 0.23056E+03, 0.11617E+00, 0.17526E-01
 0.58000E+02, 0.14000E+02, 0.25696E+03, 0.10706E+00, 0.20014E-01
 0.59000E+02, 0.14000E+02, 0.26738E+03, 0.10762E+00, 0.20301E-01
 0.60000E+02, 0.14000E+02, 0.26540E+03, 0.10974E+00, 0.19835E-01
 0.61000E+02, 0.14000E+02, 0.33764E+03, 0.11934E+00, 0.20687E-01
 0.62000E+02, 0.14000E+02, 0.30385E+03, 0.11924E+00, 0.19558E-01
 0.63000E+02, 0.14000E+02, 0.28421E+03, 0.11616E+00, 0.19393E-01
 0.64000E+02, 0.14000E+02, 0.26993E+03, 0.11650E+00, 0.18841E-01
 0.65000E+02, 0.14000E+02, 0.26116E+03, 0.11853E+00, 0.18219E-01
 0.00000E+00, 0.15000E+02, 0.11783E+03, 0.25816E+00, 0.61214E-02
 0.10000E+01, 0.15000E+02, 0.13210E+03, 0.22837E+00, 0.71724E-02
 0.20000E+01, 0.15000E+02, 0.12797E+03, 0.23667E+00, 0.68504E-02
 0.30000E+01, 0.15000E+02, 0.14248E+03, 0.21716E+00, 0.77359E-02
 0.40000E+01, 0.15000E+02, 0.15188E+03, 0.20739E+00, 0.82834E-02
 0.50000E+01, 0.15000E+02, 0.17015E+03, 0.19073E+00, 0.93939E-02
 0.60000E+01, 0.15000E+02, 0.18861E+03, 0.18139E+00, 0.10289E-01
 0.70000E+01, 0.15000E+02, 0.20099E+03, 0.17577E+00, 0.10903E-01
 0.80000E+01, 0.15000E+02, 0.22000E+02, 0.30000E+02, 0.00000E+00
 0.90000E+01, 0.15000E+02, 0.56709E+03, 0.13130E+00, 0.25865E-01
 0.10000E+02, 0.15000E+02, 0.52091E+03, 0.15323E+00, 0.20946E-01
 0.11000E+02, 0.15000E+02, 0.54378E+03, 0.18322E+00, 0.18022E-01
 0.12000E+02, 0.15000E+02, 0.56121E+03, 0.20209E+00, 0.16687E-01
 0.13000E+02, 0.15000E+02, 0.64566E+03, 0.19405E+00, 0.19137E-01
 0.14000E+02, 0.15000E+02, 0.59019E+03, 0.24080E+00, 0.14491E-01
 0.15000E+02, 0.15000E+02, 0.54579E+03, 0.25794E+00, 0.12833E-01
 0.16000E+02, 0.15000E+02, 0.45990E+03, 0.25112E+00, 0.11799E-01
 0.17000E+02, 0.15000E+02, 0.37729E+03, 0.25260E+00, 0.10408E-01
 0.18000E+02, 0.15000E+02, 0.37861E+03, 0.23097E+00, 0.11405E-01
 0.19000E+02, 0.15000E+02, 0.35388E+03, 0.20748E+00, 0.12215E-01
 0.20000E+02, 0.15000E+02, 0.33321E+03, 0.19137E+00, 0.12807E-01
 0.21000E+02, 0.15000E+02, 0.38902E+03, 0.19420E+00, 0.13782E-01
 0.22000E+02, 0.15000E+02, 0.30318E+03, 0.18669E+00, 0.12478E-01
 0.23000E+02, 0.15000E+02, 0.27947E+03, 0.18716E+00, 0.11934E-01
 0.24000E+02, 0.15000E+02, 0.28935E+03, 0.17704E+00, 0.12842E-01
 0.25000E+02, 0.15000E+02, 0.28426E+03, 0.17374E+00, 0.12967E-01
 0.26000E+02, 0.15000E+02, 0.26948E+03, 0.16642E+00, 0.13179E-01
 0.27000E+02, 0.15000E+02, 0.25625E+03, 0.17297E+00, 0.12370E-01
 0.28000E+02, 0.15000E+02, 0.25249E+03, 0.17312E+00, 0.12272E-01
 0.29000E+02, 0.15000E+02, 0.24509E+03, 0.18183E+00, 0.11520E-01
 0.30000E+02, 0.15000E+02, 0.25016E+03, 0.17894E+00, 0.11820E-01
 0.31000E+02, 0.15000E+02, 0.25266E+03, 0.17472E+00, 0.12164E-01
 0.32000E+02, 0.15000E+02, 0.25133E+03, 0.17546E+00, 0.12082E-01
 0.33000E+02, 0.15000E+02, 0.25751E+03, 0.17060E+00, 0.12572E-01
 0.34000E+02, 0.15000E+02, 0.24888E+03, 0.16778E+00, 0.12576E-01
 0.35000E+02, 0.15000E+02, 0.24648E+03, 0.15773E+00, 0.13315E-01
 0.36000E+02, 0.15000E+02, 0.23293E+03, 0.15864E+00, 0.12894E-01
 0.37000E+02, 0.15000E+02, 0.22842E+03, 0.14895E+00, 0.13611E-01
 0.38000E+02, 0.15000E+02, 0.23527E+03, 0.15016E+00, 0.13685E-01
 0.39000E+02, 0.15000E+02, 0.23672E+03, 0.14097E+00, 0.14619E-01
 0.40000E+02, 0.15000E+02, 0.23770E+03, 0.14690E+00, 0.14055E-01
 0.41000E+02, 0.15000E+02, 0.22705E+03, 0.14355E+00, 0.14084E-01
 0.42000E+02, 0.15000E+02, 0.22467E+03, 0.14054E+00, 0.14317E-01
 0.43000E+02, 0.15000E+02, 0.21090E+03, 0.14089E+00, 0.13886E-01
 0.44000E+02, 0.15000E+02, 0.21139E+03, 0.13737E+00, 0.14257E-01
 0.45000E+02, 0.15000E+02, 0.21974E+03, 0.13699E+00, 0.14543E-01
 0.46000E+02, 0.15000E+02, 0.21921E+03, 0.12776E+00, 0.15576E-01
 0.47000E+02, 0.15000E+02, 0.21839E+03, 0.12568E+00, 0.15807E-01
 0.48000E+02, 0.15000E+02, 0.20793E+03, 0.12408E+00, 0.15671E-01
 0.49000E+02, 0.15000E+02, 0.20544E+03, 0.12404E+00, 0.15595E-01
 0.50000E+02, 0.15000E+02, 0.20800E+03, 0.12473E+00, 0.15592E-01
 0.51000E+02, 0.15000E+02, 0.20642E+03, 0.12192E+00, 0.15899E-01
 0.52000E+02, 0.15000E+02, 0.20854E+03, 0.11879E+00, 0.16390E-01
 0.53000E+02, 0.15000E+02, 0.20917E+03, 0.11805E+00, 0.16514E-01
 0.54000E+02, 0.15000E+02, 0.21062E+03, 0.11648E+00, 0.16786E-01
 0.55000E+02, 0.15000E+02, 0.21322E+03, 0.11766E+00, 0.16707E-01
 0.56000E+02, 0.15000E+02, 0.21962E+03, 0.12169E+00, 0.16366E-01
 0.57000E+02, 0.15000E+02, 0.22654E+03, 0.12106E+00, 0.16683E-01
 0.58000E+02, 0.15000E+02, 0.24068E+03, 0.11001E+00, 0.18879E-01
 0.59000E+02, 0.15000E+02, 0.27034E+03, 0.11230E+00, 0.19561E-01
 0.60000E+02, 0.15000E+02, 0.36556E+03, 0.11746E+00, 0.21978E-01
 0.61000E+02, 0.15000E+02, 0.34257E+03, 0.11994E+00, 0.20748E-01
 0.62000E+02, 0.15000E+02, 0.32900E+03, 0.12062E+00, 0.20178E-01
 0.63000E+02, 0.15000E+02, 0.32500E+03, 0.12129E+00, 0.19932E-01
 0.64000E+02, 0.15000E+02, 0.29154E+03, 0.11954E+00, 0.19092E-01
 0.65000E+02, 0.15000E+02, 0.25777E+03, 0.12216E+00, 0.17567E-01
 0.00000E+00, 0.16000E+02, 0.11113E+03, 0.23532E+00, 0.66005E-02
 0.10000E+01, 0.16000E+02, 0.10966E+03, 0.24053E+00, 0.64325E-02
 0.20000E+01, 0.16000E+02, 0.11517E+03, 0.24321E+00, 0.64532E-02
 0.30000E+01, 0.16000E+02, 0.11516E+03, 0.24140E+00, 0.65017E-02
 0.40000E+01, 0.16000E+02, 0.12177E+03, 0.22904E+00, 0.69690E-02
 0.50000E+01, 0.16000E+02, 0.13858E+03, 0.22165E+00, 0.75078E-02
 0.60000E+01, 0.16000E+02, 0.19149E+03, 0.19685E+00, 0.95403E-02
 0.70000E+01, 0.16000E+02, 0.26601E+03, 0.16816E+00, 0.12959E-01
 0.80000E+01, 0.16000E+02, 0.22000E+02, 0.30000E+02, 0.00000E+00
 0.90000E+01, 0.16000E+02, 0.51266E+03, 0.13965E+00, 0.22743E-01
 0.10000E+02, 0.16000E+02, 0.55910E+03, 0.18565E+00, 0.18119E-01
 0.11000E+02, 0.16000E+02, 0.61976E+03, 0.23106E+00, 0.15619E-01
 0.12000E+02, 0.16000E+02, 0.65299E+03, 0.18562E+00, 0.20167E-01
 0.13000E+02, 0.16000E+02, 0.62665E+03, 0.18680E+00, 0.19469E-01
 0.14000E+02, 0.16000E+02, 0.56925E+03, 0.30328E+00, 0.11227E-01
 0.15000E+02, 0.16000E+02, 0.48851E+03, 0.31321E+00, 0.98287E-02
 0.16000E+02, 0.16000E+02, 0.41796E+03, 0.29882E+00, 0.93478E-02
 0.17000E+02, 0.16000E+02, 0.43869E+03, 0.25008E+00, 0.11505E-01
 0.18000E+02, 0.16000E+02, 0.33752E+03, 0.23311E+00, 0.10588E-01
 0.19000E+02, 0.16000E+02, 0.30429E+03, 0.22584E+00, 0.10334E-01
 0.20000E+02, 0.16000E+02, 0.33665E+03, 0.20996E+00, 0.11739E-01
 0.21000E+02, 0.16000E+02, 0.47362E+03, 0.18811E+00, 0.16045E-01
 0.22000E+02, 0.16000E+02, 0.40561E+03, 0.18479E+00, 0.14846E-01
 0.23000E+02, 0.16000E+02, 0.31963E+03, 0.19581E+00, 0.12236E-01
 0.24000E+02, 0.16000E+02, 0.28299E+03, 0.19611E+00, 0.11462E-01
 0.25000E+02, 0.16000E+02, 0.28182E+03, 0.19035E+00, 0.11784E-01
 0.26000E+02, 0.16000E+02, 0.28317E+03, 0.17302E+00, 0.12996E-01
 0.27000E+02, 0.16000E+02, 0.26849E+03, 0.17501E+00, 0.12509E-01
 0.28000E+02, 0.16000E+02, 0.25820E+03, 0.17581E+00, 0.12216E-01
 0.29000E+02, 0.16000E+02, 0.25722E+03, 0.17190E+00, 0.12471E-01
 0.30000E+02, 0.16000E+02, 0.25291E+03, 0.17049E+00, 0.12471E-01
 0.31000E+02, 0.16000E+02, 0.24970E+03, 0.17315E+00, 0.12205E-01
 0.32000E+02, 0.16000E+02, 0.25067E+03, 0.17179E+00, 0.12324E-01
 0.33000E+02, 0.16000E+02, 0.25803E+03, 0.16586E+00, 0.12944E-01
 0.34000E+02, 0.16000E+02, 0.25787E+03, 0.16474E+00, 0.13029E-01
 0.35000E+02, 0.16000E+02, 0.24177E+03, 0.17498E+00, 0.11894E-01
 0.36000E+02, 0.16000E+02, 0.23472E+03, 0.17667E+00, 0.11619E-01
 0.37000E+02, 0.16000E+02, 0.24011E+03, 0.16710E+00, 0.12414E-01
 0.38000E+02, 0.16000E+02, 0.23260E+03, 0.16857E+00, 0.12127E-01
 0.39000E+02, 0.16000E+02, 0.24024E+03, 0.15917E+00, 0.13037E-01
 0.40000E+02, 0.16000E+02, 0.23825E+03, 0.15732E+00, 0.13139E-01
 0.41000E+02, 0.16000E+02, 0.21747E+03, 0.14938E+00, 0.13275E-01
 0.42000E+02, 0.16000E+02, 0.21216E+03, 0.15358E+00, 0.12772E-01
 0.43000E+02, 0.16000E+02, 0.20535E+03, 0.14707E+00, 0.13150E-01
 0.44000E+02, 0.16000E+02, 0.20530E+03, 0.14427E+00, 0.13404E-01
 0.45000E+02, 0.16000E+02, 0.21281E+03, 0.14326E+00, 0.13710E-01
 0.46000E+02, 0.16000E+02, 0.21912E+03, 0.13219E+00, 0.15052E-01
 0.47000E+02, 0.16000E+02, 0.21042E+03, 0.12890E+00, 0.15163E-01
 0.48000E+02, 0.16000E+02, 0.20991E+03, 0.12953E+00, 0.15074E-01
 0.49000E+02, 0.16000E+02, 0.21190E+03, 0.13137E+00, 0.14924E-01
 0.50000E+02, 0.16000E+02, 0.20592E+03, 0.12708E+00, 0.15237E-01
 0.51000E+02, 0.16000E+02, 0.20145E+03, 0.12272E+00, 0.15631E-01
 0.52000E+02, 0.16000E+02, 0.19712E+03, 0.12359E+00, 0.15380E-01
 0.53000E+02, 0.16000E+02, 0.20270E+03, 0.12156E+00, 0.15822E-01
 0.54000E+02, 0.16000E+02, 0.20544E+03, 0.12406E+00, 0.15592E-01
 0.55000E+02, 0.16000E+02, 0.21565E+03, 0.11894E+00, 0.16610E-01
 0.56000E+02, 0.16000E+02, 0.21818E+03, 0.11666E+00, 0.17023E-01
 0.57000E+02, 0.16000E+02, 0.21701E+03, 0.11846E+00, 0.16724E-01
 0.58000E+02, 0.16000E+02, 0.22535E+03, 0.11432E+00, 0.17625E-01
 0.59000E+02, 0.16000E+02, 0.36318E+03, 0.11458E+00, 0.22447E-01
 0.60000E+02, 0.16000E+02, 0.35087E+03, 0.11935E+00, 0.21133E-01
 0.61000E+02, 0.16000E+02, 0.33663E+03, 0.12075E+00, 0.20410E-01
 0.62000E+02, 0.16000E+02, 0.32136E+03, 0.12251E+00, 0.19615E-01
 0.63000E+02, 0.16000E+02, 0.28247E+03, 0.12208E+00, 0.18396E-01
 0.64000E+02, 0.16000E+02, 0.27971E+03, 0.12186E+00, 0.18337E-01
 0.65000E+02, 0.16000E+02, 0.25254E+03, 0.12546E+00, 0.16936E-01
 0.00000E+00, 0.17000E+02, 0.11471E+03, 0.23665E+00, 0.66245E-02
 0.10000E+01, 0.17000E+02, 0.11536E+03, 0.24625E+00, 0.63768E-02
 0.20000E+01, 0.17000E+02, 0.11746E+03, 0.24698E+00, 0.63924E-02
 0.30000E+01, 0.17000E+02, 0.11681E+03, 0.23846E+00, 0.66098E-02
 0.40000E+01, 0.17000E+02, 0.13134E+03, 0.21877E+00, 0.74731E-02
 0.50000E+01, 0.17000E+02, 0.15556E+03, 0.20386E+00, 0.84997E-02
 0.60000E+01, 0.17000E+02, 0.19051E+03, 0.18674E+00, 0.10036E-01
 0.70000E+01, 0.17000E+02, 0.18918E+03, 0.18458E+00, 0.10124E-01
 0.80000E+01, 0.17000E+02, 0.22000E+02, 0.30000E+02, 0.00000E+00
 0.90000E+01, 0.17000E+02, 0.54771E+03, 0.18087E+00, 0.18343E-01
 0.10000E+02, 0.17000E+02, 0.56613E+03, 0.23481E+00, 0.14447E-01
 0.11000E+02, 0.17000E+02, 0.68275E+03, 0.18845E+00, 0.20502E-01
 0.12000E+02, 0.17000E+02, 0.80236E+03, 0.14207E+00, 0.30598E-01
 0.13000E+02, 0.17000E+02, 0.71070E+03, 0.16846E+00, 0.23605E-01
 0.14000E+02, 0.17000E+02, 0.50946E+03, 0.33677E+00, 0.93927E-02
 0.15000E+02, 0.17000E+02, 0.44469E+03, 0.34475E+00, 0.84159E-02
 0.16000E+02, 0.17000E+02, 0.44867E+03, 0.31982E+00, 0.91222E-02
 0.17000E+02, 0.17000E+02, 0.55350E+03, 0.22749E+00, 0.14687E-01
 0.18000E+02, 0.17000E+02, 0.75702E+03, 0.15840E+00, 0.26287E-01
 0.19000E+02, 0.17000E+02, 0.33183E+03, 0.24410E+00, 0.10017E-01
 0.20000E+02, 0.17000E+02, 0.31272E+03, 0.24059E+00, 0.98424E-02
 0.21000E+02, 0.17000E+02, 0.36360E+03, 0.21008E+00, 0.12251E-01
 0.22000E+02, 0.17000E+02, 0.43980E+03, 0.19042E+00, 0.15133E-01
 0.23000E+02, 0.17000E+02, 0.37188E+03, 0.20014E+00, 0.13026E-01
 0.24000E+02, 0.17000E+02, 0.30554E+03, 0.20070E+00, 0.11654E-01
 0.25000E+02, 0.17000E+02, 0.28519E+03, 0.19849E+00, 0.11370E-01
 0.26000E+02, 0.17000E+02, 0.27447E+03, 0.19391E+00, 0.11415E-01
 0.27000E+02, 0.17000E+02, 0.27523E+03, 0.18632E+00, 0.11896E-01
 0.28000E+02, 0.17000E+02, 0.26746E+03, 0.17837E+00, 0.12250E-01
 0.29000E+02, 0.17000E+02, 0.25375E+03, 0.15757E+00, 0.13515E-01
 0.30000E+02, 0.17000E+02, 0.22854E+03, 0.17121E+00, 0.11844E-01
 0.31000E+02, 0.17000E+02, 0.23841E+03, 0.17359E+00, 0.11911E-01
 0.32000E+02, 0.17000E+02, 0.24765E+03, 0.17034E+00, 0.12358E-01
 0.33000E+02, 0.17000E+02, 0.25739E+03, 0.16280E+00, 0.13172E-01
 0.34000E+02, 0.17000E+02, 0.25067E+03, 0.16687E+00, 0.12687E-01
 0.35000E+02, 0.17000E+02, 0.24312E+03, 0.17127E+00, 0.12183E-01
 0.36000E+02, 0.17000E+02, 0.24695E+03, 0.16537E+00, 0.12712E-01
 0.37000E+02, 0.17000E+02, 0.24669E+03, 0.16487E+00, 0.12744E-01
 0.38000E+02, 0.17000E+02, 0.23419E+03, 0.16770E+00, 0.12228E-01
 0.39000E+02, 0.17000E+02, 0.22950E+03, 0.16482E+00, 0.12326E-01
 0.40000E+02, 0.17000E+02, 0.23153E+03, 0.15863E+00, 0.12859E-01
 0.41000E+02, 0.17000E+02, 0.22419E+03, 0.15214E+00, 0.13213E-01
 0.42000E+02, 0.17000E+02, 0.20134E+03, 0.16106E+00, 0.11907E-01
 0.43000E+02, 0.17000E+02, 0.20214E+03, 0.15711E+00, 0.12227E-01
 0.44000E+02, 0.17000E+02, 0.20470E+03, 0.15398E+00, 0.12543E-01
 0.45000E+02, 0.17000E+02, 0.20678E+03, 0.15242E+00, 0.12727E-01
 0.46000E+02, 0.17000E+02, 0.21235E+03, 0.14209E+00, 0.13810E-01
 0.47000E+02, 0.17000E+02, 0.21113E+03, 0.13961E+00, 0.14020E-01
 0.48000E+02, 0.17000E+02, 0.20771E+03, 0.13585E+00, 0.14307E-01
 0.49000E+02, 0.17000E+02, 0.20936E+03, 0.13520E+00, 0.14424E-01
 0.50000E+02, 0.17000E+02, 0.21066E+03, 0.13533E+00, 0.14450E-01
 0.51000E+02, 0.17000E+02, 0.20774E+03, 0.12736E+00, 0.15261E-01
 0.52000E+02, 0.17000E+02, 0.20223E+03, 0.12232E+00, 0.15707E-01
 0.53000E+02, 0.17000E+02, 0.19990E+03, 0.12572E+00, 0.15209E-01
 0.54000E+02, 0.17000E+02, 0.20151E+03, 0.12663E+00, 0.15150E-01
 0.55000E+02, 0.17000E+02, 0.21279E+03, 0.11919E+00, 0.16479E-01
 0.56000E+02, 0.17000E+02, 0.21498E+03, 0.11694E+00, 0.16871E-01
 0.57000E+02, 0.17000E+02, 0.21639E+03, 0.11622E+00, 0.17024E-01
 0.58000E+02, 0.17000E+02, 0.21635E+03, 0.11396E+00, 0.17361E-01
 0.59000E+02, 0.17000E+02, 0.24866E+03, 0.11452E+00, 0.18416E-01
 0.60000E+02, 0.17000E+02, 0.32390E+03, 0.11847E+00, 0.20370E-01
 0.61000E+02, 0.17000E+02, 0.39593E+03, 0.11617E+00, 0.23280E-01
 0.62000E+02, 0.17000E+02, 0.32311E+03, 0.12359E+00, 0.19500E-01
 0.63000E+02, 0.17000E+02, 0.29858E+03, 0.12297E+00, 0.18792E-01
 0.64000E+02, 0.17000E+02, 0.27943E+03, 0.12516E+00, 0.17844E-01
 0.65000E+02, 0.17000E+02, 0.26941E+03, 0.12595E+00, 0.17411E-01
 0.00000E+00, 0.18000E+02, 0.11783E+03, 0.24028E+00, 0.65768E-02
 0.10000E+01, 0.18000E+02, 0.12350E+03, 0.24200E+00, 0.66249E-02
 0.20000E+01, 0.18000E+02, 0.12349E+03, 0.24193E+00, 0.66265E-02
 0.30000E+01, 0.18000E+02, 0.12237E+03, 0.23666E+00, 0.67550E-02
 0.40000E+01, 0.18000E+02, 0.13286E+03, 0.21960E+00, 0.74729E-02
 0.50000E+01, 0.18000E+02, 0.14131E+03, 0.20764E+00, 0.80678E-02
 0.60000E+01, 0.18000E+02, 0.13384E+03, 0.21054E+00, 0.78133E-02
 0.70000E+01, 0.18000E+02, 0.11468E+03, 0.23036E+00, 0.68047E-02
 0.80000E+01, 0.18000E+02, 0.22000E+02, 0.30000E+02, 0.00000E+00
 0.90000E+01, 0.18000E+02, 0.57751E+03, 0.22523E+00, 0.15265E-01
 0.10000E+02, 0.18000E+02, 0.67341E+03, 0.25499E+00, 0.15004E-01
 0.11000E+02, 0.18000E+02, 0.70934E+03, 0.21596E+00, 0.18388E-01
 0.12000E+02, 0.18000E+02, 0.80314E+03, 0.14126E+00, 0.30796E-01
 0.13000E+02, 0.18000E+02, 0.75831E+03, 0.16889E+00, 0.24684E-01
 0.14000E+02, 0.18000E+02, 0.56970E+03, 0.35423E+00, 0.96169E-02
 0.15000E+02, 0.18000E+02, 0.52177E+03, 0.30646E+00, 0.10484E-01
 0.16000E+02, 0.18000E+02, 0.60904E+03, 0.25118E+00, 0.14195E-01
 0.17000E+02, 0.18000E+02, 0.78350E+03, 0.20836E+00, 0.20497E-01
 0.18000E+02, 0.18000E+02, 0.79510E+03, 0.14531E+00, 0.29714E-01
 0.19000E+02, 0.18000E+02, 0.38660E+03, 0.25158E+00, 0.10599E-01
 0.20000E+02, 0.18000E+02, 0.35867E+03, 0.26439E+00, 0.96588E-02
 0.21000E+02, 0.18000E+02, 0.39632E+03, 0.22405E+00, 0.12077E-01
 0.22000E+02, 0.18000E+02, 0.38103E+03, 0.21129E+00, 0.12514E-01
 0.23000E+02, 0.18000E+02, 0.37813E+03, 0.21194E+00, 0.12421E-01
 0.24000E+02, 0.18000E+02, 0.31556E+03, 0.21034E+00, 0.11313E-01
 0.25000E+02, 0.18000E+02, 0.29858E+03, 0.18716E+00, 0.12347E-01
 0.26000E+02, 0.18000E+02, 0.29854E+03, 0.17525E+00, 0.13185E-01
 0.27000E+02, 0.18000E+02, 0.28801E+03, 0.17874E+00, 0.12690E-01
 0.28000E+02, 0.18000E+02, 0.26986E+03, 0.17185E+00, 0.12771E-01
 0.29000E+02, 0.18000E+02, 0.26977E+03, 0.14523E+00, 0.15110E-01
 0.30000E+02, 0.18000E+02, 0.21524E+03, 0.16956E+00, 0.11642E-01
 0.31000E+02, 0.18000E+02, 0.23086E+03, 0.16811E+00, 0.12118E-01
 0.32000E+02, 0.18000E+02, 0.24632E+03, 0.16586E+00, 0.12659E-01
 0.33000E+02, 0.18000E+02, 0.25648E+03, 0.16063E+00, 0.13327E-01
 0.34000E+02, 0.18000E+02, 0.24965E+03, 0.16218E+00, 0.13029E-01
 0.35000E+02, 0.18000E+02, 0.24953E+03, 0.16018E+00, 0.13189E-01
 0.36000E+02, 0.18000E+02, 0.24955E+03, 0.15704E+00, 0.13453E-01
 0.37000E+02, 0.18000E+02, 0.24723E+03, 0.15675E+00, 0.13418E-01
 0.38000E+02, 0.18000E+02, 0.24248E+03, 0.15623E+00, 0.13340E-01
 0.39000E+02, 0.18000E+02, 0.23664E+03, 0.15746E+00, 0.13086E-01
 0.40000E+02, 0.18000E+02, 0.22506E+03, 0.15527E+00, 0.12969E-01
 0.41000E+02, 0.18000E+02, 0.21763E+03, 0.15535E+00, 0.12769E-01
 0.42000E+02, 0.18000E+02, 0.21523E+03, 0.15616E+00, 0.12641E-01
 0.43000E+02, 0.18000E+02, 0.20962E+03, 0.15714E+00, 0.12417E-01
 0.44000E+02, 0.18000E+02, 0.20561E+03, 0.15948E+00, 0.12134E-01
 0.45000E+02, 0.18000E+02, 0.20530E+03, 0.15465E+00, 0.12505E-01
 0.46000E+02, 0.18000E+02, 0.20924E+03, 0.15223E+00, 0.12808E-01
 0.47000E+02, 0.18000E+02, 0.21138E+03, 0.14564E+00, 0.13447E-01
 0.48000E+02, 0.18000E+02, 0.20796E+03, 0.14041E+00, 0.13850E-01
 0.49000E+02, 0.18000E+02, 0.20735E+03, 0.13894E+00, 0.13978E-01
 0.50000E+02, 0.18000E+02, 0.20203E+03, 0.13482E+00, 0.14245E-01
 0.51000E+02, 0.18000E+02, 0.20128E+03, 0.13205E+00, 0.14522E-01
 0.52000E+02, 0.18000E+02, 0.20286E+03, 0.13120E+00, 0.14664E-01
 0.53000E+02, 0.18000E+02, 0.20174E+03, 0.13185E+00, 0.14557E-01
 0.54000E+02, 0.18000E+02, 0.19707E+03, 0.12980E+00, 0.14642E-01
 0.55000E+02, 0.18000E+02, 0.19516E+03, 0.12671E+00, 0.14938E-01
 0.56000E+02, 0.18000E+02, 0.19577E+03, 0.12130E+00, 0.15625E-01
 0.57000E+02, 0.18000E+02, 0.21449E+03, 0.11239E+00, 0.17536E-01
 0.58000E+02, 0.18000E+02, 0.22485E+03, 0.11307E+00, 0.17801E-01
 0.59000E+02, 0.18000E+02, 0.25594E+03, 0.11338E+00, 0.18861E-01
 0.60000E+02, 0.18000E+02, 0.37630E+03, 0.11579E+00, 0.22670E-01
 0.61000E+02, 0.18000E+02, 0.42129E+03, 0.11703E+00, 0.23983E-01
 0.62000E+02, 0.18000E+02, 0.35207E+03, 0.12499E+00, 0.20217E-01
 0.63000E+02, 0.18000E+02, 0.35557E+03, 0.11841E+00, 0.21460E-01
 0.64000E+02, 0.18000E+02, 0.31368E+03, 0.11996E+00, 0.19772E-01
 0.65000E+02, 0.18000E+02, 0.29210E+03, 0.12528E+00, 0.18236E-01
 0.00000E+00, 0.19000E+02, 0.10835E+03, 0.22322E+00, 0.69078E-02
 0.10000E+01, 0.19000E+02, 0.11819E+03, 0.22824E+00, 0.69303E-02
 0.20000E+01, 0.19000E+02, 0.12820E+03, 0.22976E+00, 0.70602E-02
 0.30000E+01, 0.19000E+02, 0.12867E+03, 0.22933E+00, 0.70821E-02
 0.40000E+01, 0.19000E+02, 0.12913E+03, 0.22642E+00, 0.71811E-02
 0.50000E+01, 0.19000E+02, 0.12842E+03, 0.22589E+00, 0.71853E-02
 0.60000E+01, 0.19000E+02, 0.12492E+03, 0.22687E+00, 0.70917E-02
 0.70000E+01, 0.19000E+02, 0.12080E+03, 0.22150E+00, 0.71887E-02
 0.80000E+01, 0.19000E+02, 0.22000E+02, 0.30000E+02, 0.00000E+00
 0.90000E+01, 0.19000E+02, 0.81122E+03, 0.20461E+00, 0.21420E-01
 0.10000E+02, 0.19000E+02, 0.90799E+03, 0.20618E+00, 0.23155E-01
 0.11000E+02, 0.19000E+02, 0.74652E+03, 0.26673E+00, 0.15451E-01
 0.12000E+02, 0.19000E+02, 0.80752E+03, 0.14390E+00, 0.30354E-01
 0.13000E+02, 0.19000E+02, 0.80967E+03, 0.16629E+00, 0.26318E-01
 0.14000E+02, 0.19000E+02, 0.77258E+03, 0.32977E+00, 0.12817E-01
 0.15000E+02, 0.19000E+02, 0.75514E+03, 0.26638E+00, 0.15602E-01
 0.16000E+02, 0.19000E+02, 0.88909E+03, 0.19338E+00, 0.24292E-01
 0.17000E+02, 0.19000E+02, 0.92297E+03, 0.15919E+00, 0.30369E-01
 0.18000E+02, 0.19000E+02, 0.81931E+03, 0.15029E+00, 0.29380E-01
 0.19000E+02, 0.19000E+02, 0.45385E+03, 0.16966E+00, 0.17320E-01
 0.20000E+02, 0.19000E+02, 0.43815E+03, 0.16981E+00, 0.16930E-01
 0.21000E+02, 0.19000E+02, 0.42796E+03, 0.16207E+00, 0.17485E-01
 0.22000E+02, 0.19000E+02, 0.42914E+03, 0.15216E+00, 0.18655E-01
 0.23000E+02, 0.19000E+02, 0.43227E+03, 0.13593E+00, 0.20975E-01
 0.24000E+02, 0.19000E+02, 0.41615E+03, 0.12157E+00, 0.22917E-01
 0.25000E+02, 0.19000E+02, 0.39842E+03, 0.12143E+00, 0.22353E-01
 0.26000E+02, 0.19000E+02, 0.37527E+03, 0.12472E+00, 0.21014E-01
 0.27000E+02, 0.19000E+02, 0.35294E+03, 0.13418E+00, 0.18859E-01
 0.28000E+02, 0.19000E+02, 0.34151E+03, 0.12578E+00, 0.19751E-01
 0.29000E+02, 0.19000E+02, 0.32553E+03, 0.12049E+00, 0.20083E-01
 0.30000E+02, 0.19000E+02, 0.37651E+02, 0.97836E+00, 0.12840E-02
 0.31000E+02, 0.19000E+02, 0.38542E+02, 0.96919E+00, 0.12999E-02
 0.32000E+02, 0.19000E+02, 0.38445E+02, 0.10039E+01, 0.12545E-02
 0.33000E+02, 0.19000E+02, 0.38522E+02, 0.10002E+01, 0.12595E-02
 0.34000E+02, 0.19000E+02, 0.38834E+02, 0.96941E+00, 0.13008E-02
 0.35000E+02, 0.19000E+02, 0.40595E+02, 0.90971E+00, 0.13940E-02
 0.36000E+02, 0.19000E+02, 0.49342E+02, 0.67920E+00, 0.19191E-02
 0.37000E+02, 0.19000E+02, 0.14478E+03, 0.22067E+00, 0.76547E-02
 0.38000E+02, 0.19000E+02, 0.82403E+02, 0.38516E+00, 0.37312E-02
 0.39000E+02, 0.19000E+02, 0.37334E+02, 0.12875E+01, 0.97472E-03
 0.40000E+02, 0.19000E+02, 0.37726E+02, 0.11101E+01, 0.11319E-02
 0.41000E+02, 0.19000E+02, 0.38523E+02, 0.10377E+01, 0.12140E-02
 0.42000E+02, 0.19000E+02, 0.45453E+02, 0.75114E+00, 0.17144E-02
 0.43000E+02, 0.19000E+02, 0.49851E+02, 0.65694E+00, 0.19873E-02
 0.44000E+02, 0.19000E+02, 0.56986E+02, 0.52092E+00, 0.25615E-02
 0.45000E+02, 0.19000E+02, 0.71477E+02, 0.39507E+00, 0.35258E-02
 0.46000E+02, 0.19000E+02, 0.91289E+02, 0.29794E+00, 0.49439E-02
 0.47000E+02, 0.19000E+02, 0.90158E+02, 0.28865E+00, 0.50873E-02
 0.48000E+02, 0.19000E+02, 0.99363E+02, 0.22697E+00, 0.66336E-02
 0.49000E+02, 0.19000E+02, 0.10505E+03, 0.21625E+00, 0.70687E-02
 0.50000E+02, 0.19000E+02, 0.91093E+02, 0.22920E+00, 0.64233E-02
 0.51000E+02, 0.19000E+02, 0.93366E+02, 0.21978E+00, 0.67403E-02
 0.52000E+02, 0.19000E+02, 0.90876E+02, 0.22963E+00, 0.64074E-02
 0.53000E+02, 0.19000E+02, 0.94600E+02, 0.22433E+00, 0.66259E-02
 0.54000E+02, 0.19000E+02, 0.98666E+02, 0.21785E+00, 0.68985E-02
 0.55000E+02, 0.19000E+02, 0.97236E+02, 0.22082E+00, 0.67795E-02
 0.56000E+02, 0.19000E+02, 0.89343E+02, 0.24369E+00, 0.60124E-02
 0.57000E+02, 0.19000E+02, 0.93161E+02, 0.24315E+00, 0.60892E-02
 0.58000E+02, 0.19000E+02, 0.19136E+03, 0.13183E+00, 0.14242E-01
 0.59000E+02, 0.19000E+02, 0.22000E+02, 0.30000E+02, 0.00000E+00
 0.60000E+02, 0.19000E+02, 0.41579E+03, 0.11849E+00, 0.23500E-01
 0.61000E+02, 0.19000E+02, 0.41861E+03, 0.12227E+00, 0.22868E-01
 0.62000E+02, 0.19000E+02, 0.40252E+03, 0.12049E+00, 0.22665E-01
 0.63000E+02, 0.19000E+02, 0.47584E+03, 0.12163E+00, 0.24889E-01
 0.64000E+02, 0.19000E+02, 0.44537E+03, 0.11544E+00, 0.25157E-01
 0.65000E+02, 0.19000E+02, 0.35072E+03, 0.12141E+00, 0.20769E-01
 0.00000E+00, 0.20000E+02, 0.12253E+03, 0.32863E+00, 0.48665E-02
 0.10000E+01, 0.20000E+02, 0.13064E+03, 0.32878E+00, 0.49640E-02
 0.20000E+01, 0.20000E+02, 0.13943E+03, 0.32716E+00, 0.50971E-02
 0.30000E+01, 0.20000E+02, 0.15165E+03, 0.32947E+00, 0.52112E-02
 0.40000E+01, 0.20000E+02, 0.16864E+03, 0.34344E+00, 0.51993E-02
 0.50000E+01, 0.20000E+02, 0.20168E+03, 0.33960E+00, 0.56513E-02
 0.60000E+01, 0.20000E+02, 0.29905E+03, 0.28700E+00, 0.80585E-02
 0.70000E+01, 0.20000E+02, 0.50168E+03, 0.24628E+00, 0.12716E-01
 0.80000E+01, 0.20000E+02, 0.22000E+02, 0.30000E+02, 0.00000E+00
 0.90000E+01, 0.20000E+02, 0.93021E+03, 0.23656E+00, 0.20560E-01
 0.10000E+02, 0.20000E+02, 0.87977E+03, 0.27758E+00, 0.16788E-01
 0.11000E+02, 0.20000E+02, 0.91566E+03, 0.18209E+00, 0.26388E-01
 0.12000E+02, 0.20000E+02, 0.81046E+03, 0.14784E+00, 0.29625E-01
 0.13000E+02, 0.20000E+02, 0.85562E+03, 0.16424E+00, 0.27778E-01
 0.14000E+02, 0.20000E+02, 0.95142E+03, 0.28719E+00, 0.17234E-01
 0.15000E+02, 0.20000E+02, 0.96217E+03, 0.22265E+00, 0.22425E-01
 0.16000E+02, 0.20000E+02, 0.99395E+03, 0.17698E+00, 0.28937E-01
 0.17000E+02, 0.20000E+02, 0.98154E+03, 0.17327E+00, 0.29267E-01
 0.18000E+02, 0.20000E+02, 0.82310E+03, 0.16287E+00, 0.27204E-01
 0.19000E+02, 0.20000E+02, 0.46794E+03, 0.21288E+00, 0.14071E-01
 0.20000E+02, 0.20000E+02, 0.44197E+03, 0.18754E+00, 0.15412E-01
 0.21000E+02, 0.20000E+02, 0.38687E+03, 0.16938E+00, 0.15750E-01
 0.22000E+02, 0.20000E+02, 0.37541E+03, 0.16538E+00, 0.15851E-01
 0.23000E+02, 0.20000E+02, 0.38884E+03, 0.15465E+00, 0.17301E-01
 0.24000E+02, 0.20000E+02, 0.37089E+03, 0.15208E+00, 0.17117E-01
 0.25000E+02, 0.20000E+02, 0.35694E+03, 0.15235E+00, 0.16717E-01
 0.26000E+02, 0.20000E+02, 0.34712E+03, 0.14969E+00, 0.16748E-01
 0.27000E+02, 0.20000E+02, 0.35637E+03, 0.14624E+00, 0.17399E-01
 0.28000E+02, 0.20000E+02, 0.35543E+03, 0.13328E+00, 0.19062E-01
 0.29000E+02, 0.20000E+02, 0.32762E+03, 0.12147E+00, 0.19989E-01
 0.30000E+02, 0.20000E+02, 0.38552E+02, 0.97639E+00, 0.12903E-02
 0.31000E+02, 0.20000E+02, 0.38565E+02, 0.10116E+01, 0.12454E-02
 0.32000E+02, 0.20000E+02, 0.39894E+02, 0.93695E+00, 0.13504E-02
 0.33000E+02, 0.20000E+02, 0.38752E+02, 0.96927E+00, 0.13006E-02
 0.34000E+02, 0.20000E+02, 0.38723E+02, 0.97293E+00, 0.12956E-02
 0.35000E+02, 0.20000E+02, 0.39359E+02, 0.92264E+00, 0.13690E-02
 0.36000E+02, 0.20000E+02, 0.37482E+02, 0.10130E+01, 0.12394E-02
 0.37000E+02, 0.20000E+02, 0.41724E+02, 0.90796E+00, 0.14017E-02
 0.38000E+02, 0.20000E+02, 0.56477E+02, 0.60638E+00, 0.21971E-02
 0.39000E+02, 0.20000E+02, 0.35255E+02, 0.14543E+01, 0.85714E-03
 0.40000E+02, 0.20000E+02, 0.35739E+02, 0.13089E+01, 0.95382E-03
 0.41000E+02, 0.20000E+02, 0.41874E+02, 0.80577E+00, 0.15802E-02
 0.42000E+02, 0.20000E+02, 0.48929E+02, 0.63610E+00, 0.20465E-02
 0.43000E+02, 0.20000E+02, 0.45053E+02, 0.73084E+00, 0.17598E-02
 0.44000E+02, 0.20000E+02, 0.47822E+02, 0.69064E+00, 0.18784E-02
 0.45000E+02, 0.20000E+02, 0.62395E+02, 0.47372E+00, 0.28629E-02
 0.46000E+02, 0.20000E+02, 0.69633E+02, 0.41390E+00, 0.33473E-02
 0.47000E+02, 0.20000E+02, 0.60697E+02, 0.48117E+00, 0.28043E-02
 0.48000E+02, 0.20000E+02, 0.11206E+03, 0.22252E+00, 0.69968E-02
 0.49000E+02, 0.20000E+02, 0.10342E+03, 0.23166E+00, 0.65699E-02
 0.50000E+02, 0.20000E+02, 0.95825E+02, 0.24341E+00, 0.61268E-02
 0.51000E+02, 0.20000E+02, 0.90012E+02, 0.24974E+00, 0.58775E-02
 0.52000E+02, 0.20000E+02, 0.82699E+02, 0.26006E+00, 0.55305E-02
 0.53000E+02, 0.20000E+02, 0.80703E+02, 0.26756E+00, 0.53454E-02
 0.54000E+02, 0.20000E+02, 0.83199E+02, 0.26334E+00, 0.54693E-02
 0.55000E+02, 0.20000E+02, 0.86538E+02, 0.26135E+00, 0.55627E-02
 0.56000E+02, 0.20000E+02, 0.86978E+02, 0.26828E+00, 0.54255E-02
 0.57000E+02, 0.20000E+02, 0.97919E+02, 0.25264E+00, 0.59364E-02
 0.58000E+02, 0.20000E+02, 0.13500E+03, 0.18201E+00, 0.90636E-02
 0.59000E+02, 0.20000E+02, 0.22000E+02, 0.30000E+02, 0.00000E+00
 0.60000E+02, 0.20000E+02, 0.44405E+03, 0.11993E+00, 0.24170E-01
 0.61000E+02, 0.20000E+02, 0.44048E+03, 0.12321E+00, 0.23411E-01
 0.62000E+02, 0.20000E+02, 0.47409E+03, 0.12085E+00, 0.24991E-01
 0.63000E+02, 0.20000E+02, 0.47430E+03, 0.12480E+00, 0.24207E-01
 0.64000E+02, 0.20000E+02, 0.54102E+03, 0.11250E+00, 0.29251E-01
 0.65000E+02, 0.20000E+02, 0.46223E+03, 0.10915E+00, 0.27231E-01
 0.00000E+00, 0.21000E+02, 0.12496E+03, 0.32668E+00, 0.49256E-02
 0.10000E+01, 0.21000E+02, 0.13755E+03, 0.32885E+00, 0.50478E-02
 0.20000E+01, 0.21000E+02, 0.15165E+03, 0.32518E+00, 0.52801E-02
 0.30000E+01, 0.21000E+02, 0.15477E+03, 0.33021E+00, 0.52378E-02
 0.40000E+01, 0.21000E+02, 0.15596E+03, 0.33557E+00, 0.51686E-02
 0.50000E+01, 0.21000E+02, 0.17254E+03, 0.33941E+00, 0.53075E-02
 0.60000E+01, 0.21000E+02, 0.23371E+03, 0.31257E+00, 0.65542E-02
 0.70000E+01, 0.21000E+02, 0.31248E+03, 0.28742E+00, 0.82352E-02
 0.80000E+01, 0.21000E+02, 0.22000E+02, 0.30000E+02, 0.00000E+00
 0.90000E+01, 0.21000E+02, 0.75665E+03, 0.58998E+00, 0.70550E-02
 0.10000E+02, 0.21000E+02, 0.81517E+03, 0.49097E+00, 0.89595E-02
 0.11000E+02, 0.21000E+02, 0.94235E+03, 0.26069E+00, 0.18845E-01
 0.12000E+02, 0.21000E+02, 0.80130E+03, 0.16750E+00, 0.25927E-01
 0.13000E+02, 0.21000E+02, 0.83556E+03, 0.16263E+00, 0.27554E-01
 0.14000E+02, 0.21000E+02, 0.10191E+04, 0.17917E+00, 0.29152E-01
 0.15000E+02, 0.21000E+02, 0.10316E+04, 0.18857E+00, 0.27967E-01
 0.16000E+02, 0.21000E+02, 0.10476E+04, 0.21347E+00, 0.25008E-01
 0.17000E+02, 0.21000E+02, 0.95484E+03, 0.19090E+00, 0.25999E-01
 0.18000E+02, 0.21000E+02, 0.78752E+03, 0.16832E+00, 0.25470E-01
 0.19000E+02, 0.21000E+02, 0.49495E+03, 0.22163E+00, 0.14008E-01
 0.20000E+02, 0.21000E+02, 0.41686E+03, 0.18859E+00, 0.14788E-01
 0.21000E+02, 0.21000E+02, 0.43336E+03, 0.18382E+00, 0.15535E-01
 0.22000E+02, 0.21000E+02, 0.36312E+03, 0.15303E+00, 0.16805E-01
 0.23000E+02, 0.21000E+02, 0.35471E+03, 0.14877E+00, 0.17058E-01
 0.24000E+02, 0.21000E+02, 0.34413E+03, 0.14638E+00, 0.17044E-01
 0.25000E+02, 0.21000E+02, 0.34475E+03, 0.14403E+00, 0.17340E-01
 0.26000E+02, 0.21000E+02, 0.34416E+03, 0.14298E+00, 0.17450E-01
 0.27000E+02, 0.21000E+02, 0.36189E+03, 0.13825E+00, 0.18565E-01
 0.28000E+02, 0.21000E+02, 0.34430E+03, 0.12671E+00, 0.19696E-01
 0.29000E+02, 0.21000E+02, 0.33127E+03, 0.12109E+00, 0.20174E-01
 0.30000E+02, 0.21000E+02, 0.38898E+02, 0.97866E+00, 0.12887E-02
 0.31000E+02, 0.21000E+02, 0.38695E+02, 0.10000E+01, 0.12604E-02
 0.32000E+02, 0.21000E+02, 0.39245E+02, 0.93784E+00, 0.13463E-02
 0.33000E+02, 0.21000E+02, 0.38904E+02, 0.95605E+00, 0.13192E-02
 0.34000E+02, 0.21000E+02, 0.39905E+02, 0.90161E+00, 0.14034E-02
 0.35000E+02, 0.21000E+02, 0.39089E+02, 0.90921E+00, 0.13880E-02
 0.36000E+02, 0.21000E+02, 0.36552E+02, 0.10644E+01, 0.11760E-02
 0.37000E+02, 0.21000E+02, 0.35154E+02, 0.12537E+01, 0.99393E-03
 0.38000E+02, 0.21000E+02, 0.36936E+02, 0.12214E+01, 0.10261E-02
 0.39000E+02, 0.21000E+02, 0.34854E+02, 0.14345E+01, 0.86780E-03
 0.40000E+02, 0.21000E+02, 0.38381E+02, 0.10136E+01, 0.12422E-02
 0.41000E+02, 0.21000E+02, 0.43362E+02, 0.75096E+00, 0.17035E-02
 0.42000E+02, 0.21000E+02, 0.50841E+02, 0.59702E+00, 0.21934E-02
 0.43000E+02, 0.21000E+02, 0.45164E+02, 0.71741E+00, 0.17934E-02
 0.44000E+02, 0.21000E+02, 0.42736E+02, 0.80006E+00, 0.15958E-02
 0.45000E+02, 0.21000E+02, 0.43085E+02, 0.74819E+00, 0.17083E-02
 0.46000E+02, 0.21000E+02, 0.46486E+02, 0.69648E+00, 0.18549E-02
 0.47000E+02, 0.21000E+02, 0.52952E+02, 0.58572E+00, 0.22503E-02
 0.48000E+02, 0.21000E+02, 0.11240E+03, 0.23327E+00, 0.66802E-02
 0.49000E+02, 0.21000E+02, 0.93349E+02, 0.25876E+00, 0.57248E-02
 0.50000E+02, 0.21000E+02, 0.91492E+02, 0.27571E+00, 0.53455E-02
 0.51000E+02, 0.21000E+02, 0.90235E+02, 0.27888E+00, 0.52666E-02
 0.52000E+02, 0.21000E+02, 0.88872E+02, 0.27220E+00, 0.53756E-02
 0.53000E+02, 0.21000E+02, 0.86210E+02, 0.27234E+00, 0.53334E-02
 0.54000E+02, 0.21000E+02, 0.86275E+02, 0.26740E+00, 0.54328E-02
 0.55000E+02, 0.21000E+02, 0.90243E+02, 0.26099E+00, 0.56278E-02
 0.56000E+02, 0.21000E+02, 0.95889E+02, 0.27830E+00, 0.53597E-02
 0.57000E+02, 0.21000E+02, 0.10594E+03, 0.27482E+00, 0.55754E-02
 0.58000E+02, 0.21000E+02, 0.20107E+03, 0.17634E+00, 0.10870E-01
 0.59000E+02, 0.21000E+02, 0.22000E+02, 0.30000E+02, 0.00000E+00
 0.60000E+02, 0.21000E+02, 0.49493E+03, 0.10970E+00, 0.28301E-01
 0.61000E+02, 0.21000E+02, 0.49352E+03, 0.12434E+00, 0.24922E-01
 0.62000E+02, 0.21000E+02, 0.52732E+03, 0.13168E+00, 0.24569E-01
 0.63000E+02, 0.21000E+02, 0.54292E+03, 0.12899E+00, 0.25571E-01
 0.64000E+02, 0.21000E+02, 0.53531E+03, 0.11774E+00, 0.27754E-01
 0.65000E+02, 0.21000E+02, 0.50534E+03, 0.11145E+00, 0.28233E-01
 0.00000E+00, 0.22000E+02, 0.12680E+03, 0.31797E+00, 0.50839E-02
 0.10000E+01, 0.22000E+02, 0.12809E+03, 0.32395E+00, 0.50062E-02
 0.20000E+01, 0.22000E+02, 0.13396E+03, 0.32288E+00, 0.50962E-02
 0.30000E+01, 0.22000E+02, 0.15226E+03, 0.32472E+00, 0.52951E-02
 0.40000E+01, 0.22000E+02, 0.16221E+03, 0.33319E+00, 0.52812E-02
 0.50000E+01, 0.22000E+02, 0.16407E+03, 0.33920E+00, 0.52098E-02
 0.60000E+01, 0.22000E+02, 0.16563E+03, 0.34511E+00, 0.51389E-02
 0.70000E+01, 0.22000E+02, 0.16250E+03, 0.34867E+00, 0.50501E-02
 0.80000E+01, 0.22000E+02, 0.22000E+02, 0.30000E+02, 0.00000E+00
 0.90000E+01, 0.22000E+02, 0.69812E+03, 0.53438E+00, 0.73463E-02
 0.10000E+02, 0.22000E+02, 0.75420E+03, 0.33472E+00, 0.12406E-01
 0.11000E+02, 0.22000E+02, 0.83485E+03, 0.32214E+00, 0.13902E-01
 0.12000E+02, 0.22000E+02, 0.78701E+03, 0.28370E+00, 0.15104E-01
 0.13000E+02, 0.22000E+02, 0.91200E+03, 0.18670E+00, 0.25657E-01
 0.14000E+02, 0.22000E+02, 0.10125E+04, 0.16273E+00, 0.31934E-01
 0.15000E+02, 0.22000E+02, 0.99403E+03, 0.16598E+00, 0.30857E-01
 0.16000E+02, 0.22000E+02, 0.94769E+03, 0.20432E+00, 0.24150E-01
 0.17000E+02, 0.22000E+02, 0.87567E+03, 0.21060E+00, 0.22048E-01
 0.18000E+02, 0.22000E+02, 0.73128E+03, 0.16739E+00, 0.24253E-01
 0.19000E+02, 0.22000E+02, 0.62297E+03, 0.22737E+00, 0.15930E-01
 0.20000E+02, 0.22000E+02, 0.43515E+03, 0.19272E+00, 0.14854E-01
 0.21000E+02, 0.22000E+02, 0.41498E+03, 0.18914E+00, 0.14705E-01
 0.22000E+02, 0.22000E+02, 0.35445E+03, 0.15965E+00, 0.15889E-01
 0.23000E+02, 0.22000E+02, 0.34086E+03, 0.14786E+00, 0.16784E-01
 0.24000E+02, 0.22000E+02, 0.35053E+03, 0.14885E+00, 0.16936E-01
 0.25000E+02, 0.22000E+02, 0.34650E+03, 0.14510E+00, 0.17261E-01
 0.26000E+02, 0.22000E+02, 0.34429E+03, 0.14026E+00, 0.17792E-01
 0.27000E+02, 0.22000E+02, 0.35122E+03, 0.13401E+00, 0.18832E-01
 0.28000E+02, 0.22000E+02, 0.35597E+03, 0.13129E+00, 0.19368E-01
 0.29000E+02, 0.22000E+02, 0.35356E+03, 0.12835E+00, 0.19736E-01
 0.30000E+02, 0.22000E+02, 0.39840E+02, 0.93842E+00, 0.13481E-02
 0.31000E+02, 0.22000E+02, 0.39695E+02, 0.94513E+00, 0.13379E-02
 0.32000E+02, 0.22000E+02, 0.40168E+02, 0.88337E+00, 0.14336E-02
 0.33000E+02, 0.22000E+02, 0.40949E+02, 0.86389E+00, 0.14695E-02
 0.34000E+02, 0.22000E+02, 0.40918E+02, 0.85944E+00, 0.14770E-02
 0.35000E+02, 0.22000E+02, 0.39845E+02, 0.88588E+00, 0.14280E-02
 0.36000E+02, 0.22000E+02, 0.39090E+02, 0.92265E+00, 0.13678E-02
 0.37000E+02, 0.22000E+02, 0.36080E+02, 0.10812E+01, 0.11560E-02
 0.38000E+02, 0.22000E+02, 0.34130E+02, 0.12887E+01, 0.96372E-03
 0.39000E+02, 0.22000E+02, 0.36709E+02, 0.10490E+01, 0.11939E-02
 0.40000E+02, 0.22000E+02, 0.41160E+02, 0.81508E+00, 0.15586E-02
 0.41000E+02, 0.22000E+02, 0.46598E+02, 0.65509E+00, 0.19728E-02
 0.42000E+02, 0.22000E+02, 0.54527E+02, 0.54298E+00, 0.24391E-02
 0.43000E+02, 0.22000E+02, 0.53145E+02, 0.55971E+00, 0.23563E-02
 0.44000E+02, 0.22000E+02, 0.44630E+02, 0.71220E+00, 0.18034E-02
 0.45000E+02, 0.22000E+02, 0.45912E+02, 0.66019E+00, 0.19534E-02
 0.46000E+02, 0.22000E+02, 0.49058E+02, 0.62680E+00, 0.20777E-02
 0.47000E+02, 0.22000E+02, 0.50289E+02, 0.61551E+00, 0.21239E-02
 0.48000E+02, 0.22000E+02, 0.10208E+03, 0.25054E+00, 0.60535E-02
 0.49000E+02, 0.22000E+02, 0.90996E+02, 0.27220E+00, 0.54072E-02
 0.50000E+02, 0.22000E+02, 0.88463E+02, 0.29024E+00, 0.50357E-02
 0.51000E+02, 0.22000E+02, 0.87521E+02, 0.29251E+00, 0.49837E-02
 0.52000E+02, 0.22000E+02, 0.89795E+02, 0.28829E+00, 0.50885E-02
 0.53000E+02, 0.22000E+02, 0.90149E+02, 0.29330E+00, 0.50065E-02
 0.54000E+02, 0.22000E+02, 0.10769E+03, 0.26400E+00, 0.58306E-02
 0.55000E+02, 0.22000E+02, 0.94850E+02, 0.28378E+00, 0.52414E-02
 0.56000E+02, 0.22000E+02, 0.92378E+02, 0.29700E+00, 0.49744E-02
 0.57000E+02, 0.22000E+02, 0.99526E+02, 0.29187E+00, 0.51609E-02
 0.58000E+02, 0.22000E+02, 0.20427E+03, 0.19452E+00, 0.99199E-02
 0.59000E+02, 0.22000E+02, 0.22000E+02, 0.30000E+02, 0.00000E+00
 0.60000E+02, 0.22000E+02, 0.50039E+03, 0.11915E+00, 0.26240E-01
 0.61000E+02, 0.22000E+02, 0.48295E+03, 0.13109E+00, 0.23312E-01
 0.62000E+02, 0.22000E+02, 0.56270E+03, 0.13596E+00, 0.24849E-01
 0.63000E+02, 0.22000E+02, 0.55761E+03, 0.14287E+00, 0.23503E-01
 0.64000E+02, 0.22000E+02, 0.55792E+03, 0.13638E+00, 0.24630E-01
 0.65000E+02, 0.22000E+02, 0.55272E+03, 0.13018E+00, 0.25643E-01
 0.00000E+00, 0.23000E+02, 0.12865E+03, 0.31345E+00, 0.51811E-02
 0.10000E+01, 0.23000E+02, 0.12985E+03, 0.31793E+00, 0.51233E-02
 0.20000E+01, 0.23000E+02, 0.12726E+03, 0.32191E+00, 0.50273E-02
 0.30000E+01, 0.23000E+02, 0.12721E+03, 0.32812E+00, 0.49317E-02
 0.40000E+01, 0.23000E+02, 0.15481E+03, 0.32943E+00, 0.52507E-02
 0.50000E+01, 0.23000E+02, 0.16301E+03, 0.33269E+00, 0.52989E-02
 0.60000E+01, 0.23000E+02, 0.16360E+03, 0.33606E+00, 0.52528E-02
 0.70000E+01, 0.23000E+02, 0.16155E+03, 0.34280E+00, 0.51254E-02
 0.80000E+01, 0.23000E+02, 0.22000E+02, 0.30000E+02, 0.00000E+00
 0.90000E+01, 0.23000E+02, 0.68018E+03, 0.39435E+00, 0.97711E-02
 0.10000E+02, 0.23000E+02, 0.75777E+03, 0.22990E+00, 0.18124E-01
 0.11000E+02, 0.23000E+02, 0.79924E+03, 0.26963E+00, 0.16075E-01
 0.12000E+02, 0.23000E+02, 0.82443E+03, 0.23207E+00, 0.19116E-01
 0.13000E+02, 0.23000E+02, 0.96693E+03, 0.16460E+00, 0.30450E-01
 0.14000E+02, 0.23000E+02, 0.96376E+03, 0.15398E+00, 0.32468E-01
 0.15000E+02, 0.23000E+02, 0.91334E+03, 0.20642E+00, 0.23232E-01
 0.16000E+02, 0.23000E+02, 0.84269E+03, 0.27751E+00, 0.16252E-01
 0.17000E+02, 0.23000E+02, 0.82100E+03, 0.25544E+00, 0.17313E-01
 0.18000E+02, 0.23000E+02, 0.72122E+03, 0.17920E+00, 0.22427E-01
 0.19000E+02, 0.23000E+02, 0.74824E+03, 0.21752E+00, 0.18979E-01
 0.20000E+02, 0.23000E+02, 0.44202E+03, 0.20200E+00, 0.14310E-01
 0.21000E+02, 0.23000E+02, 0.39245E+03, 0.18389E+00, 0.14630E-01
 0.22000E+02, 0.23000E+02, 0.34094E+03, 0.15212E+00, 0.16316E-01
 0.23000E+02, 0.23000E+02, 0.33117E+03, 0.14261E+00, 0.17128E-01
 0.24000E+02, 0.23000E+02, 0.33455E+03, 0.13874E+00, 0.17704E-01
 0.25000E+02, 0.23000E+02, 0.33771E+03, 0.13777E+00, 0.17922E-01
 0.26000E+02, 0.23000E+02, 0.34284E+03, 0.13645E+00, 0.18246E-01
 0.27000E+02, 0.23000E+02, 0.34861E+03, 0.13550E+00, 0.18547E-01
 0.28000E+02, 0.23000E+02, 0.35699E+03, 0.14072E+00, 0.18099E-01
 0.29000E+02, 0.23000E+02, 0.35313E+03, 0.13491E+00, 0.18764E-01
 0.30000E+02, 0.23000E+02, 0.39402E+02, 0.91350E+00, 0.13829E-02
 0.31000E+02, 0.23000E+02, 0.41004E+02, 0.85678E+00, 0.14820E-02
 0.32000E+02, 0.23000E+02, 0.42087E+02, 0.82994E+00, 0.15352E-02
 0.33000E+02, 0.23000E+02, 0.42830E+02, 0.79333E+00, 0.16098E-02
 0.34000E+02, 0.23000E+02, 0.42303E+02, 0.81633E+00, 0.15619E-02
 0.35000E+02, 0.23000E+02, 0.42216E+02, 0.81198E+00, 0.15698E-02
 0.36000E+02, 0.23000E+02, 0.42637E+02, 0.79953E+00, 0.15964E-02
 0.37000E+02, 0.23000E+02, 0.39600E+02, 0.91167E+00, 0.13865E-02
 0.38000E+02, 0.23000E+02, 0.38521E+02, 0.94197E+00, 0.13373E-02
 0.39000E+02, 0.23000E+02, 0.39113E+02, 0.89731E+00, 0.14066E-02
 0.40000E+02, 0.23000E+02, 0.43164E+02, 0.73883E+00, 0.17304E-02
 0.41000E+02, 0.23000E+02, 0.49792E+02, 0.59403E+00, 0.21973E-02
 0.42000E+02, 0.23000E+02, 0.52446E+02, 0.55694E+00, 0.23629E-02
 0.43000E+02, 0.23000E+02, 0.57208E+02, 0.49820E+00, 0.26801E-02
 0.44000E+02, 0.23000E+02, 0.46225E+02, 0.64443E+00, 0.20031E-02
 0.45000E+02, 0.23000E+02, 0.47065E+02, 0.62138E+00, 0.20829E-02
 0.46000E+02, 0.23000E+02, 0.45769E+02, 0.66149E+00, 0.19486E-02
 0.47000E+02, 0.23000E+02, 0.49294E+02, 0.61097E+00, 0.21331E-02
 0.48000E+02, 0.23000E+02, 0.10129E+03, 0.25582E+00, 0.59159E-02
 0.49000E+02, 0.23000E+02, 0.91359E+02, 0.28192E+00, 0.52259E-02
 0.50000E+02, 0.23000E+02, 0.85654E+02, 0.29833E+00, 0.48611E-02
 0.51000E+02, 0.23000E+02, 0.83184E+02, 0.30833E+00, 0.46711E-02
 0.52000E+02, 0.23000E+02, 0.85300E+02, 0.30783E+00, 0.47065E-02
 0.53000E+02, 0.23000E+02, 0.86244E+02, 0.31620E+00, 0.45940E-02
 0.54000E+02, 0.23000E+02, 0.10036E+03, 0.29422E+00, 0.51310E-02
 0.55000E+02, 0.23000E+02, 0.94519E+02, 0.30703E+00, 0.48400E-02
 0.56000E+02, 0.23000E+02, 0.95180E+02, 0.30922E+00, 0.48145E-02
 0.57000E+02, 0.23000E+02, 0.11547E+03, 0.27842E+00, 0.56416E-02
 0.58000E+02, 0.23000E+02, 0.22281E+03, 0.19240E+00, 0.10419E-01
 0.59000E+02, 0.23000E+02, 0.22000E+02, 0.30000E+02, 0.00000E+00
 0.60000E+02, 0.23000E+02, 0.54679E+03, 0.11767E+00, 0.28163E-01
 0.61000E+02, 0.23000E+02, 0.51478E+03, 0.13326E+00, 0.23898E-01
 0.62000E+02, 0.23000E+02, 0.57436E+03, 0.13800E+00, 0.24822E-01
 0.63000E+02, 0.23000E+02, 0.54102E+03, 0.14999E+00, 0.21940E-01
 0.64000E+02, 0.23000E+02, 0.54667E+03, 0.13455E+00, 0.24626E-01
 0.65000E+02, 0.23000E+02, 0.51647E+03, 0.13681E+00, 0.23327E-01
 0.00000E+00, 0.24000E+02, 0.11628E+03, 0.30335E+00, 0.51886E-02
 0.10000E+01, 0.24000E+02, 0.12398E+03, 0.31110E+00, 0.51595E-02
 0.20000E+01, 0.24000E+02, 0.12768E+03, 0.32435E+00, 0.49949E-02
 0.30000E+01, 0.24000E+02, 0.12486E+03, 0.32965E+00, 0.48800E-02
 0.40000E+01, 0.24000E+02, 0.12452E+03, 0.33489E+00, 0.47996E-02
 0.50000E+01, 0.24000E+02, 0.13369E+03, 0.33722E+00, 0.48762E-02
 0.60000E+01, 0.24000E+02, 0.15586E+03, 0.33217E+00, 0.52201E-02
 0.70000E+01, 0.24000E+02, 0.14816E+03, 0.33801E+00, 0.50379E-02
 0.80000E+01, 0.24000E+02, 0.22000E+02, 0.30000E+02, 0.00000E+00
 0.90000E+01, 0.24000E+02, 0.63748E+03, 0.35669E+00, 0.10319E-01
 0.10000E+02, 0.24000E+02, 0.73358E+03, 0.20758E+00, 0.19602E-01
 0.11000E+02, 0.24000E+02, 0.79341E+03, 0.20123E+00, 0.21423E-01
 0.12000E+02, 0.24000E+02, 0.88128E+03, 0.23519E+00, 0.19839E-01
 0.13000E+02, 0.24000E+02, 0.88320E+03, 0.21629E+00, 0.21609E-01
 0.14000E+02, 0.24000E+02, 0.87859E+03, 0.19388E+00, 0.24010E-01
 0.15000E+02, 0.24000E+02, 0.76165E+03, 0.29356E+00, 0.14247E-01
 0.16000E+02, 0.24000E+02, 0.78313E+03, 0.30160E+00, 0.14155E-01
 0.17000E+02, 0.24000E+02, 0.77684E+03, 0.28265E+00, 0.15015E-01
 0.18000E+02, 0.24000E+02, 0.69184E+03, 0.17155E+00, 0.22735E-01
 0.19000E+02, 0.24000E+02, 0.83692E+03, 0.16228E+00, 0.27649E-01
 0.20000E+02, 0.24000E+02, 0.45549E+03, 0.19295E+00, 0.15263E-01
 0.21000E+02, 0.24000E+02, 0.35747E+03, 0.17034E+00, 0.14963E-01
 0.22000E+02, 0.24000E+02, 0.34604E+03, 0.15523E+00, 0.16122E-01
 0.23000E+02, 0.24000E+02, 0.34262E+03, 0.14629E+00, 0.17013E-01
 0.24000E+02, 0.24000E+02, 0.32634E+03, 0.13895E+00, 0.17438E-01
 0.25000E+02, 0.24000E+02, 0.32426E+03, 0.13397E+00, 0.18024E-01
 0.26000E+02, 0.24000E+02, 0.32504E+03, 0.13071E+00, 0.18497E-01
 0.27000E+02, 0.24000E+02, 0.33006E+03, 0.12925E+00, 0.18863E-01
 0.28000E+02, 0.24000E+02, 0.34697E+03, 0.13969E+00, 0.17943E-01
 0.29000E+02, 0.24000E+02, 0.33838E+03, 0.13223E+00, 0.18692E-01
 0.30000E+02, 0.24000E+02, 0.39154E+02, 0.89426E+00, 0.14115E-02
 0.31000E+02, 0.24000E+02, 0.41960E+02, 0.83133E+00, 0.15320E-02
 0.32000E+02, 0.24000E+02, 0.42944E+02, 0.79030E+00, 0.16166E-02
 0.33000E+02, 0.24000E+02, 0.44670E+02, 0.72540E+00, 0.17709E-02
 0.34000E+02, 0.24000E+02, 0.44945E+02, 0.72934E+00, 0.17628E-02
 0.35000E+02, 0.24000E+02, 0.43799E+02, 0.76518E+00, 0.16742E-02
 0.36000E+02, 0.24000E+02, 0.44503E+02, 0.75407E+00, 0.17026E-02
 0.37000E+02, 0.24000E+02, 0.43443E+02, 0.77006E+00, 0.16617E-02
 0.38000E+02, 0.24000E+02, 0.41370E+02, 0.83012E+00, 0.15314E-02
 0.39000E+02, 0.24000E+02, 0.44790E+02, 0.70754E+00, 0.18162E-02
 0.40000E+02, 0.24000E+02, 0.48501E+02, 0.61057E+00, 0.21293E-02
 0.41000E+02, 0.24000E+02, 0.51730E+02, 0.55476E+00, 0.23670E-02
 0.42000E+02, 0.24000E+02, 0.52375E+02, 0.54173E+00, 0.24287E-02
 0.43000E+02, 0.24000E+02, 0.52790E+02, 0.52617E+00, 0.25038E-02
 0.44000E+02, 0.24000E+02, 0.48908E+02, 0.58390E+00, 0.22293E-02
 0.45000E+02, 0.24000E+02, 0.47156E+02, 0.61395E+00, 0.21087E-02
 0.46000E+02, 0.24000E+02, 0.45272E+02, 0.65649E+00, 0.19604E-02
 0.47000E+02, 0.24000E+02, 0.57238E+02, 0.48443E+00, 0.27566E-02
 0.48000E+02, 0.24000E+02, 0.10082E+03, 0.26583E+00, 0.56861E-02
 0.49000E+02, 0.24000E+02, 0.89951E+02, 0.28865E+00, 0.50843E-02
 0.50000E+02, 0.24000E+02, 0.85876E+02, 0.29562E+00, 0.49088E-02
 0.51000E+02, 0.24000E+02, 0.83043E+02, 0.30350E+00, 0.47436E-02
 0.52000E+02, 0.24000E+02, 0.83782E+02, 0.30680E+00, 0.47023E-02
 0.53000E+02, 0.24000E+02, 0.87407E+02, 0.31093E+00, 0.46870E-02
 0.54000E+02, 0.24000E+02, 0.86309E+02, 0.32946E+00, 0.44098E-02
 0.55000E+02, 0.24000E+02, 0.86655E+02, 0.33377E+00, 0.43571E-02
 0.56000E+02, 0.24000E+02, 0.93478E+02, 0.32244E+00, 0.45957E-02
 0.57000E+02, 0.24000E+02, 0.10259E+03, 0.30179E+00, 0.50323E-02
 0.58000E+02, 0.24000E+02, 0.14335E+03, 0.25244E+00, 0.66686E-02
 0.59000E+02, 0.24000E+02, 0.22000E+02, 0.30000E+02, 0.00000E+00
 0.60000E+02, 0.24000E+02, 0.57318E+03, 0.11733E+00, 0.29156E-01
 0.61000E+02, 0.24000E+02, 0.54748E+03, 0.14812E+00, 0.22392E-01
 0.62000E+02, 0.24000E+02, 0.56759E+03, 0.15217E+00, 0.22332E-01
 0.63000E+02, 0.24000E+02, 0.54020E+03, 0.15377E+00, 0.21378E-01
 0.64000E+02, 0.24000E+02, 0.51528E+03, 0.13717E+00, 0.23231E-01
 0.65000E+02, 0.24000E+02, 0.49073E+03, 0.13860E+00, 0.22277E-01
 0.00000E+00, 0.25000E+02, 0.11114E+03, 0.29296E+00, 0.53020E-02
 0.10000E+01, 0.25000E+02, 0.11758E+03, 0.31165E+00, 0.50674E-02
 0.20000E+01, 0.25000E+02, 0.12872E+03, 0.31829E+00, 0.51032E-02
 0.30000E+01, 0.25000E+02, 0.12798E+03, 0.32407E+00, 0.50029E-02
 0.40000E+01, 0.25000E+02, 0.12424E+03, 0.32987E+00, 0.48692E-02
 0.50000E+01, 0.25000E+02, 0.12347E+03, 0.33324E+00, 0.48106E-02
 0.60000E+01, 0.25000E+02, 0.12388E+03, 0.33989E+00, 0.47213E-02
 0.70000E+01, 0.25000E+02, 0.12818E+03, 0.34253E+00, 0.47357E-02
 0.80000E+01, 0.25000E+02, 0.22000E+02, 0.30000E+02, 0.00000E+00
 0.90000E+01, 0.25000E+02, 0.64490E+03, 0.27848E+00, 0.13324E-01
 0.10000E+02, 0.25000E+02, 0.73595E+03, 0.21165E+00, 0.19270E-01
 0.11000E+02, 0.25000E+02, 0.72782E+03, 0.26298E+00, 0.15384E-01
 0.12000E+02, 0.25000E+02, 0.77934E+03, 0.24574E+00, 0.17311E-01
 0.13000E+02, 0.25000E+02, 0.70914E+03, 0.30768E+00, 0.12904E-01
 0.14000E+02, 0.25000E+02, 0.67010E+03, 0.32002E+00, 0.11913E-01
 0.15000E+02, 0.25000E+02, 0.69024E+03, 0.31146E+00, 0.12502E-01
 0.16000E+02, 0.25000E+02, 0.71917E+03, 0.30261E+00, 0.13254E-01
 0.17000E+02, 0.25000E+02, 0.73334E+03, 0.26198E+00, 0.15528E-01
 0.18000E+02, 0.25000E+02, 0.66658E+03, 0.17750E+00, 0.21398E-01
 0.19000E+02, 0.25000E+02, 0.46054E+03, 0.20702E+00, 0.14324E-01
 0.20000E+02, 0.25000E+02, 0.38211E+03, 0.20290E+00, 0.13053E-01
 0.21000E+02, 0.25000E+02, 0.36449E+03, 0.18740E+00, 0.13752E-01
 0.22000E+02, 0.25000E+02, 0.34846E+03, 0.17287E+00, 0.14534E-01
 0.23000E+02, 0.25000E+02, 0.34355E+03, 0.14605E+00, 0.17066E-01
 0.24000E+02, 0.25000E+02, 0.34131E+03, 0.13805E+00, 0.17990E-01
 0.25000E+02, 0.25000E+02, 0.29906E+03, 0.13699E+00, 0.16883E-01
 0.26000E+02, 0.25000E+02, 0.28674E+03, 0.14010E+00, 0.16153E-01
 0.27000E+02, 0.25000E+02, 0.31788E+03, 0.13115E+00, 0.18215E-01
 0.28000E+02, 0.25000E+02, 0.33572E+03, 0.13551E+00, 0.18160E-01
 0.29000E+02, 0.25000E+02, 0.33337E+03, 0.12216E+00, 0.20067E-01
 0.30000E+02, 0.25000E+02, 0.39235E+02, 0.86673E+00, 0.14567E-02
 0.31000E+02, 0.25000E+02, 0.41144E+02, 0.86267E+00, 0.14725E-02
 0.32000E+02, 0.25000E+02, 0.42756E+02, 0.77472E+00, 0.16481E-02
 0.33000E+02, 0.25000E+02, 0.43925E+02, 0.71495E+00, 0.17925E-02
 0.34000E+02, 0.25000E+02, 0.44423E+02, 0.70541E+00, 0.18196E-02
 0.35000E+02, 0.25000E+02, 0.44752E+02, 0.72491E+00, 0.17725E-02
 0.36000E+02, 0.25000E+02, 0.45105E+02, 0.72158E+00, 0.17827E-02
 0.37000E+02, 0.25000E+02, 0.46521E+02, 0.69490E+00, 0.18593E-02
 0.38000E+02, 0.25000E+02, 0.47768E+02, 0.64881E+00, 0.19992E-02
 0.39000E+02, 0.25000E+02, 0.47253E+02, 0.63006E+00, 0.20554E-02
 0.40000E+02, 0.25000E+02, 0.48280E+02, 0.60441E+00, 0.21495E-02
 0.41000E+02, 0.25000E+02, 0.48988E+02, 0.58602E+00, 0.22218E-02
 0.42000E+02, 0.25000E+02, 0.48167E+02, 0.59070E+00, 0.21986E-02
 0.43000E+02, 0.25000E+02, 0.50211E+02, 0.53878E+00, 0.24258E-02
 0.44000E+02, 0.25000E+02, 0.46856E+02, 0.61464E+00, 0.21043E-02
 0.45000E+02, 0.25000E+02, 0.44686E+02, 0.66590E+00, 0.19292E-02
 0.46000E+02, 0.25000E+02, 0.42257E+02, 0.72938E+00, 0.17478E-02
 0.47000E+02, 0.25000E+02, 0.43977E+02, 0.68428E+00, 0.18732E-02
 0.48000E+02, 0.25000E+02, 0.97994E+02, 0.27273E+00, 0.55003E-02
 0.49000E+02, 0.25000E+02, 0.88379E+02, 0.29534E+00, 0.49477E-02
 0.50000E+02, 0.25000E+02, 0.82104E+02, 0.30227E+00, 0.47503E-02
 0.51000E+02, 0.25000E+02, 0.92276E+02, 0.29892E+00, 0.49411E-02
 0.52000E+02, 0.25000E+02, 0.91752E+02, 0.29868E+00, 0.49379E-02
 0.53000E+02, 0.25000E+02, 0.91980E+02, 0.30086E+00, 0.49052E-02
 0.54000E+02, 0.25000E+02, 0.95736E+02, 0.30466E+00, 0.48939E-02
 0.55000E+02, 0.25000E+02, 0.94309E+02, 0.31364E+00, 0.47354E-02
 0.56000E+02, 0.25000E+02, 0.90945E+02, 0.32729E+00, 0.44963E-02
 0.57000E+02, 0.25000E+02, 0.92043E+02, 0.34494E+00, 0.42792E-02
 0.58000E+02, 0.25000E+02, 0.87971E+02, 0.34628E+00, 0.42150E-02
 0.59000E+02, 0.25000E+02, 0.22000E+02, 0.30000E+02, 0.00000E+00
 0.60000E+02, 0.25000E+02, 0.58705E+03, 0.12924E+00, 0.26902E-01
 0.61000E+02, 0.25000E+02, 0.61334E+03, 0.14159E+00, 0.25307E-01
 0.62000E+02, 0.25000E+02, 0.62200E+03, 0.14889E+00, 0.24299E-01
 0.63000E+02, 0.25000E+02, 0.54609E+03, 0.15147E+00, 0.21861E-01
 0.64000E+02, 0.25000E+02, 0.60095E+03, 0.13702E+00, 0.25785E-01
 0.65000E+02, 0.25000E+02, 0.47843E+03, 0.13923E+00, 0.21818E-01
 0.00000E+00, 0.26000E+02, 0.37545E+03, 0.27233E+00, 0.96262E-02
 0.10000E+01, 0.26000E+02, 0.38349E+03, 0.28444E+00, 0.93306E-02
 0.20000E+01, 0.26000E+02, 0.34361E+03, 0.27516E+00, 0.90595E-02
 0.30000E+01, 0.26000E+02, 0.40592E+03, 0.26242E+00, 0.10459E-01
 0.40000E+01, 0.26000E+02, 0.39854E+03, 0.24705E+00, 0.10989E-01
 0.50000E+01, 0.26000E+02, 0.37962E+03, 0.23976E+00, 0.11004E-01
 0.60000E+01, 0.26000E+02, 0.36666E+03, 0.22405E+00, 0.11542E-01
 0.70000E+01, 0.26000E+02, 0.22000E+02, 0.30000E+02, 0.00000E+00
 0.80000E+01, 0.26000E+02, 0.55545E+03, 0.30271E+00, 0.11063E-01
 0.90000E+01, 0.26000E+02, 0.66613E+03, 0.22147E+00, 0.17142E-01
 0.10000E+02, 0.26000E+02, 0.70160E+03, 0.20867E+00, 0.18881E-01
 0.11000E+02, 0.26000E+02, 0.68674E+03, 0.29038E+00, 0.13361E-01
 0.12000E+02, 0.26000E+02, 0.61718E+03, 0.30925E+00, 0.11636E-01
 0.13000E+02, 0.26000E+02, 0.61072E+03, 0.30606E+00, 0.11673E-01
 0.14000E+02, 0.26000E+02, 0.60031E+03, 0.28482E+00, 0.12395E-01
 0.15000E+02, 0.26000E+02, 0.63822E+03, 0.29099E+00, 0.12659E-01
 0.16000E+02, 0.26000E+02, 0.69970E+03, 0.30589E+00, 0.12855E-01
 0.17000E+02, 0.26000E+02, 0.71034E+03, 0.27649E+00, 0.14377E-01
 0.18000E+02, 0.26000E+02, 0.65442E+03, 0.19481E+00, 0.19245E-01
 0.19000E+02, 0.26000E+02, 0.42867E+03, 0.14051E+00, 0.20188E-01
 0.20000E+02, 0.26000E+02, 0.41584E+03, 0.14529E+00, 0.19167E-01
 0.21000E+02, 0.26000E+02, 0.40345E+03, 0.14702E+00, 0.18601E-01
 0.22000E+02, 0.26000E+02, 0.39127E+03, 0.14438E+00, 0.18600E-01
 0.23000E+02, 0.26000E+02, 0.40090E+03, 0.14144E+00, 0.19261E-01
 0.24000E+02, 0.26000E+02, 0.41836E+03, 0.13783E+00, 0.20278E-01
 0.25000E+02, 0.26000E+02, 0.39794E+03, 0.13507E+00, 0.20082E-01
 0.26000E+02, 0.26000E+02, 0.30744E+03, 0.13082E+00, 0.17938E-01
 0.27000E+02, 0.26000E+02, 0.31227E+03, 0.13227E+00, 0.17889E-01
 0.28000E+02, 0.26000E+02, 0.32005E+03, 0.13003E+00, 0.18439E-01
 0.29000E+02, 0.26000E+02, 0.32622E+03, 0.11368E+00, 0.21310E-01
 0.30000E+02, 0.26000E+02, 0.39654E+02, 0.85796E+00, 0.14736E-02
 0.31000E+02, 0.26000E+02, 0.41192E+02, 0.81021E+00, 0.15681E-02
 0.32000E+02, 0.26000E+02, 0.42478E+02, 0.76363E+00, 0.16706E-02
 0.33000E+02, 0.26000E+02, 0.44676E+02, 0.68128E+00, 0.18856E-02
 0.34000E+02, 0.26000E+02, 0.45958E+02, 0.65232E+00, 0.19772E-02
 0.35000E+02, 0.26000E+02, 0.45552E+02, 0.69077E+00, 0.18648E-02
 0.36000E+02, 0.26000E+02, 0.45578E+02, 0.68069E+00, 0.18925E-02
 0.37000E+02, 0.26000E+02, 0.44775E+02, 0.68604E+00, 0.18731E-02
 0.38000E+02, 0.26000E+02, 0.44119E+02, 0.70800E+00, 0.18112E-02
 0.39000E+02, 0.26000E+02, 0.48892E+02, 0.56243E+00, 0.23143E-02
 0.40000E+02, 0.26000E+02, 0.50892E+02, 0.53183E+00, 0.24627E-02
 0.41000E+02, 0.26000E+02, 0.50808E+02, 0.53616E+00, 0.24422E-02
 0.42000E+02, 0.26000E+02, 0.50871E+02, 0.52124E+00, 0.25126E-02
 0.43000E+02, 0.26000E+02, 0.52948E+02, 0.50274E+00, 0.26217E-02
 0.44000E+02, 0.26000E+02, 0.53849E+02, 0.49321E+00, 0.26797E-02
 0.45000E+02, 0.26000E+02, 0.51898E+02, 0.51559E+00, 0.25481E-02
 0.46000E+02, 0.26000E+02, 0.49068E+02, 0.56539E+00, 0.23035E-02
 0.47000E+02, 0.26000E+02, 0.49653E+02, 0.55303E+00, 0.23592E-02
 0.48000E+02, 0.26000E+02, 0.95802E+02, 0.28083E+00, 0.53101E-02
 0.49000E+02, 0.26000E+02, 0.90846E+02, 0.29340E+00, 0.50144E-02
 0.50000E+02, 0.26000E+02, 0.90829E+02, 0.29475E+00, 0.49911E-02
 0.51000E+02, 0.26000E+02, 0.10852E+03, 0.27644E+00, 0.55805E-02
 0.52000E+02, 0.26000E+02, 0.10505E+03, 0.27924E+00, 0.54743E-02
 0.53000E+02, 0.26000E+02, 0.11209E+03, 0.27767E+00, 0.56076E-02
 0.54000E+02, 0.26000E+02, 0.11019E+03, 0.28158E+00, 0.55025E-02
 0.55000E+02, 0.26000E+02, 0.10816E+03, 0.28608E+00, 0.53872E-02
 0.56000E+02, 0.26000E+02, 0.11040E+03, 0.28057E+00, 0.55254E-02
 0.57000E+02, 0.26000E+02, 0.11544E+03, 0.27047E+00, 0.58070E-02
 0.58000E+02, 0.26000E+02, 0.11774E+03, 0.26236E+00, 0.60220E-02
 0.59000E+02, 0.26000E+02, 0.22000E+02, 0.30000E+02, 0.00000E+00
 0.60000E+02, 0.26000E+02, 0.57902E+03, 0.15097E+00, 0.22815E-01
 0.61000E+02, 0.26000E+02, 0.67256E+03, 0.15401E+00, 0.24819E-01
 0.62000E+02, 0.26000E+02, 0.64055E+03, 0.16572E+00, 0.22285E-01
 0.63000E+02, 0.26000E+02, 0.59781E+03, 0.16045E+00, 0.21941E-01
 0.64000E+02, 0.26000E+02, 0.66589E+03, 0.14954E+00, 0.25381E-01
 0.65000E+02, 0.26000E+02, 0.48962E+03, 0.14359E+00, 0.21471E-01
 0.00000E+00, 0.27000E+02, 0.37693E+03, 0.27365E+00, 0.96016E-02
 0.10000E+01, 0.27000E+02, 0.38691E+03, 0.28517E+00, 0.93552E-02
 0.20000E+01, 0.27000E+02, 0.35804E+03, 0.29025E+00, 0.87895E-02
 0.30000E+01, 0.27000E+02, 0.41357E+03, 0.25327E+00, 0.10959E-01
 0.40000E+01, 0.27000E+02, 0.40418E+03, 0.24087E+00, 0.11366E-01
 0.50000E+01, 0.27000E+02, 0.40210E+03, 0.24028E+00, 0.11359E-01
 0.60000E+01, 0.27000E+02, 0.39582E+03, 0.23627E+00, 0.11444E-01
 0.70000E+01, 0.27000E+02, 0.22000E+02, 0.30000E+02, 0.00000E+00
 0.80000E+01, 0.27000E+02, 0.59723E+03, 0.27270E+00, 0.12900E-01
 0.90000E+01, 0.27000E+02, 0.65189E+03, 0.22336E+00, 0.16739E-01
 0.10000E+02, 0.27000E+02, 0.62829E+03, 0.21527E+00, 0.16925E-01
 0.11000E+02, 0.27000E+02, 0.56680E+03, 0.21109E+00, 0.16083E-01
 0.12000E+02, 0.27000E+02, 0.54399E+03, 0.23560E+00, 0.14018E-01
 0.13000E+02, 0.27000E+02, 0.50946E+03, 0.24904E+00, 0.12701E-01
 0.14000E+02, 0.27000E+02, 0.53417E+03, 0.24321E+00, 0.13417E-01
 0.15000E+02, 0.27000E+02, 0.58313E+03, 0.24807E+00, 0.13952E-01
 0.16000E+02, 0.27000E+02, 0.63815E+03, 0.25239E+00, 0.14594E-01
 0.17000E+02, 0.27000E+02, 0.65142E+03, 0.23398E+00, 0.15971E-01
 0.18000E+02, 0.27000E+02, 0.64696E+03, 0.22057E+00, 0.16860E-01
 0.19000E+02, 0.27000E+02, 0.27325E+03, 0.18541E+00, 0.11911E-01
 0.20000E+02, 0.27000E+02, 0.26883E+03, 0.19237E+00, 0.11387E-01
 0.21000E+02, 0.27000E+02, 0.26397E+03, 0.18444E+00, 0.11770E-01
 0.22000E+02, 0.27000E+02, 0.26511E+03, 0.17205E+00, 0.12645E-01
 0.23000E+02, 0.27000E+02, 0.26417E+03, 0.16310E+00, 0.13315E-01
 0.24000E+02, 0.27000E+02, 0.26018E+03, 0.15929E+00, 0.13533E-01
 0.25000E+02, 0.27000E+02, 0.25334E+03, 0.15490E+00, 0.13737E-01
 0.26000E+02, 0.27000E+02, 0.24295E+03, 0.14163E+00, 0.14728E-01
 0.27000E+02, 0.27000E+02, 0.24207E+03, 0.13100E+00, 0.15896E-01
 0.28000E+02, 0.27000E+02, 0.23641E+03, 0.12284E+00, 0.16766E-01
 0.29000E+02, 0.27000E+02, 0.21638E+03, 0.11677E+00, 0.16944E-01
 0.30000E+02, 0.27000E+02, 0.31574E+03, 0.14338E+00, 0.16601E-01
 0.31000E+02, 0.27000E+02, 0.32681E+03, 0.14682E+00, 0.16516E-01
 0.32000E+02, 0.27000E+02, 0.33559E+03, 0.14888E+00, 0.16526E-01
 0.33000E+02, 0.27000E+02, 0.33973E+03, 0.15020E+00, 0.16493E-01
 0.34000E+02, 0.27000E+02, 0.33848E+03, 0.14790E+00, 0.16715E-01
 0.35000E+02, 0.27000E+02, 0.34524E+03, 0.14939E+00, 0.16731E-01
 0.36000E+02, 0.27000E+02, 0.34270E+03, 0.15082E+00, 0.16504E-01
 0.37000E+02, 0.27000E+02, 0.34577E+03, 0.15260E+00, 0.16393E-01
 0.38000E+02, 0.27000E+02, 0.34023E+03, 0.15276E+00, 0.16229E-01
 0.39000E+02, 0.27000E+02, 0.34527E+03, 0.15464E+00, 0.16164E-01
 0.40000E+02, 0.27000E+02, 0.35398E+03, 0.15417E+00, 0.16442E-01
 0.41000E+02, 0.27000E+02, 0.35855E+03, 0.14833E+00, 0.17213E-01
 0.42000E+02, 0.27000E+02, 0.32915E+03, 0.14853E+00, 0.16390E-01
 0.43000E+02, 0.27000E+02, 0.32120E+03, 0.14799E+00, 0.16233E-01
 0.44000E+02, 0.27000E+02, 0.32175E+03, 0.14440E+00, 0.16652E-01
 0.45000E+02, 0.27000E+02, 0.31716E+03, 0.14387E+00, 0.16583E-01
 0.46000E+02, 0.27000E+02, 0.31192E+03, 0.14374E+00, 0.16451E-01
 0.47000E+02, 0.27000E+02, 0.29714E+03, 0.12742E+00, 0.18090E-01
 0.48000E+02, 0.27000E+02, 0.29510E+03, 0.16720E+00, 0.13737E-01
 0.49000E+02, 0.27000E+02, 0.30478E+03, 0.17108E+00, 0.13654E-01
 0.50000E+02, 0.27000E+02, 0.31289E+03, 0.17488E+00, 0.13544E-01
 0.51000E+02, 0.27000E+02, 0.31535E+03, 0.17653E+00, 0.13475E-01
 0.52000E+02, 0.27000E+02, 0.31077E+03, 0.17434E+00, 0.13537E-01
 0.53000E+02, 0.27000E+02, 0.30599E+03, 0.17232E+00, 0.13584E-01
 0.54000E+02, 0.27000E+02, 0.29508E+03, 0.16668E+00, 0.13778E-01
 0.55000E+02, 0.27000E+02, 0.30518E+03, 0.15903E+00, 0.14698E-01
 0.56000E+02, 0.27000E+02, 0.29842E+03, 0.15058E+00, 0.15342E-01
 0.57000E+02, 0.27000E+02, 0.28772E+03, 0.14394E+00, 0.15749E-01
 0.58000E+02, 0.27000E+02, 0.27753E+03, 0.14192E+00, 0.15684E-01
 0.59000E+02, 0.27000E+02, 0.22000E+02, 0.30000E+02, 0.00000E+00
 0.60000E+02, 0.27000E+02, 0.59600E+03, 0.17147E+00, 0.20487E-01
 0.61000E+02, 0.27000E+02, 0.64170E+03, 0.18518E+00, 0.19968E-01
 0.62000E+02, 0.27000E+02, 0.66945E+03, 0.17861E+00, 0.21330E-01
 0.63000E+02, 0.27000E+02, 0.67872E+03, 0.15587E+00, 0.24683E-01
 0.64000E+02, 0.27000E+02, 0.65023E+03, 0.17283E+00, 0.21594E-01
 0.65000E+02, 0.27000E+02, 0.60473E+03, 0.14062E+00, 0.25233E-01
 0.00000E+00, 0.28000E+02, 0.36359E+03, 0.28762E+00, 0.89479E-02
 0.10000E+01, 0.28000E+02, 0.38131E+03, 0.29173E+00, 0.90675E-02
 0.20000E+01, 0.28000E+02, 0.36013E+03, 0.29086E+00, 0.88002E-02
 0.30000E+01, 0.28000E+02, 0.40790E+03, 0.27353E+00, 0.10064E-01
 0.40000E+01, 0.28000E+02, 0.39688E+03, 0.24837E+00, 0.10904E-01
 0.50000E+01, 0.28000E+02, 0.41277E+03, 0.24979E+00, 0.11099E-01
 0.60000E+01, 0.28000E+02, 0.39544E+03, 0.24410E+00, 0.11070E-01
 0.70000E+01, 0.28000E+02, 0.36212E+03, 0.24355E+00, 0.10542E-01
 0.80000E+01, 0.28000E+02, 0.22000E+02, 0.30000E+02, 0.00000E+00
 0.90000E+01, 0.28000E+02, 0.62227E+03, 0.21885E+00, 0.16537E-01
 0.10000E+02, 0.28000E+02, 0.61922E+03, 0.20608E+00, 0.17502E-01
 0.11000E+02, 0.28000E+02, 0.60912E+03, 0.21060E+00, 0.16932E-01
 0.12000E+02, 0.28000E+02, 0.60254E+03, 0.21606E+00, 0.16382E-01
 0.13000E+02, 0.28000E+02, 0.53340E+03, 0.23029E+00, 0.14155E-01
 0.14000E+02, 0.28000E+02, 0.51791E+03, 0.23418E+00, 0.13653E-01
 0.15000E+02, 0.28000E+02, 0.61527E+03, 0.23948E+00, 0.14994E-01
 0.16000E+02, 0.28000E+02, 0.62890E+03, 0.24118E+00, 0.15117E-01
 0.17000E+02, 0.28000E+02, 0.64231E+03, 0.22377E+00, 0.16536E-01
 0.18000E+02, 0.28000E+02, 0.61466E+03, 0.22179E+00, 0.16179E-01
 0.19000E+02, 0.28000E+02, 0.27559E+03, 0.18618E+00, 0.11913E-01
 0.20000E+02, 0.28000E+02, 0.27330E+03, 0.19476E+00, 0.11340E-01
 0.21000E+02, 0.28000E+02, 0.27632E+03, 0.18186E+00, 0.12212E-01
 0.22000E+02, 0.28000E+02, 0.27462E+03, 0.16440E+00, 0.13467E-01
 0.23000E+02, 0.28000E+02, 0.26932E+03, 0.14305E+00, 0.15327E-01
 0.24000E+02, 0.28000E+02, 0.26655E+03, 0.13489E+00, 0.16171E-01
 0.25000E+02, 0.28000E+02, 0.26353E+03, 0.14049E+00, 0.15440E-01
 0.26000E+02, 0.28000E+02, 0.25897E+03, 0.13735E+00, 0.15659E-01
 0.27000E+02, 0.28000E+02, 0.25922E+03, 0.12999E+00, 0.16553E-01
 0.28000E+02, 0.28000E+02, 0.25687E+03, 0.12275E+00, 0.17452E-01
 0.29000E+02, 0.28000E+02, 0.23635E+03, 0.11963E+00, 0.17215E-01
 0.30000E+02, 0.28000E+02, 0.30653E+03, 0.14274E+00, 0.16414E-01
 0.31000E+02, 0.28000E+02, 0.32743E+03, 0.14578E+00, 0.16652E-01
 0.32000E+02, 0.28000E+02, 0.32545E+03, 0.13582E+00, 0.17813E-01
 0.33000E+02, 0.28000E+02, 0.32514E+03, 0.13874E+00, 0.17430E-01
 0.34000E+02, 0.28000E+02, 0.30412E+03, 0.15260E+00, 0.15290E-01
 0.35000E+02, 0.28000E+02, 0.32333E+03, 0.14694E+00, 0.16407E-01
 0.36000E+02, 0.28000E+02, 0.29867E+03, 0.15845E+00, 0.14586E-01
 0.37000E+02, 0.28000E+02, 0.29626E+03, 0.15963E+00, 0.14417E-01
 0.38000E+02, 0.28000E+02, 0.29453E+03, 0.15877E+00, 0.14451E-01
 0.39000E+02, 0.28000E+02, 0.29074E+03, 0.15628E+00, 0.14584E-01
 0.40000E+02, 0.28000E+02, 0.27944E+03, 0.15979E+00, 0.13977E-01
 0.41000E+02, 0.28000E+02, 0.29910E+03, 0.15356E+00, 0.15062E-01
 0.42000E+02, 0.28000E+02, 0.31986E+03, 0.15109E+00, 0.15864E-01
 0.43000E+02, 0.28000E+02, 0.32154E+03, 0.14866E+00, 0.16169E-01
 0.44000E+02, 0.28000E+02, 0.31259E+03, 0.14644E+00, 0.16167E-01
 0.45000E+02, 0.28000E+02, 0.30482E+03, 0.14229E+00, 0.16418E-01
 0.46000E+02, 0.28000E+02, 0.31258E+03, 0.13405E+00, 0.17661E-01
 0.47000E+02, 0.28000E+02, 0.29247E+03, 0.12662E+00, 0.18055E-01
 0.48000E+02, 0.28000E+02, 0.25513E+03, 0.19149E+00, 0.11150E-01
 0.49000E+02, 0.28000E+02, 0.25015E+03, 0.19924E+00, 0.10616E-01
 0.50000E+02, 0.28000E+02, 0.26251E+03, 0.18891E+00, 0.11461E-01
 0.51000E+02, 0.28000E+02, 0.27140E+03, 0.18419E+00, 0.11950E-01
 0.52000E+02, 0.28000E+02, 0.26325E+03, 0.18554E+00, 0.11685E-01
 0.53000E+02, 0.28000E+02, 0.26338E+03, 0.18546E+00, 0.11693E-01
 0.54000E+02, 0.28000E+02, 0.26933E+03, 0.18645E+00, 0.11760E-01
 0.55000E+02, 0.28000E+02, 0.30165E+03, 0.16449E+00, 0.14124E-01
 0.56000E+02, 0.28000E+02, 0.28754E+03, 0.16805E+00, 0.13485E-01
 0.57000E+02, 0.28000E+02, 0.28084E+03, 0.16443E+00, 0.13617E-01
 0.58000E+02, 0.28000E+02, 0.28110E+03, 0.14598E+00, 0.15346E-01
 0.59000E+02, 0.28000E+02, 0.22000E+02, 0.30000E+02, 0.00000E+00
 0.60000E+02, 0.28000E+02, 0.61524E+03, 0.18281E+00, 0.19641E-01
 0.61000E+02, 0.28000E+02, 0.63780E+03, 0.20229E+00, 0.18201E-01
 0.62000E+02, 0.28000E+02, 0.64551E+03, 0.19824E+00, 0.18730E-01
 0.63000E+02, 0.28000E+02, 0.64617E+03, 0.19967E+00, 0.18609E-01
 0.64000E+02, 0.28000E+02, 0.59014E+03, 0.18226E+00, 0.19144E-01
 0.65000E+02, 0.28000E+02, 0.55867E+03, 0.15047E+00, 0.22344E-01
 0.00000E+00, 0.29000E+02, 0.22000E+02, 0.30000E+02, 0.00000E+00
 0.10000E+01, 0.29000E+02, 0.22000E+02, 0.30000E+02, 0.00000E+00
 0.20000E+01, 0.29000E+02, 0.22000E+02, 0.30000E+02, 0.00000E+00
 0.30000E+01, 0.29000E+02, 0.22000E+02, 0.30000E+02, 0.00000E+00
 0.40000E+01, 0.29000E+02, 0.22000E+02, 0.30000E+02, 0.00000E+00
 0.50000E+01, 0.29000E+02, 0.22000E+02, 0.30000E+02, 0.00000E+00
 0.60000E+01, 0.29000E+02, 0.22000E+02, 0.30000E+02, 0.00000E+00
 0.70000E+01, 0.29000E+02, 0.22000E+02, 0.30000E+02, 0.00000E+00
 0.80000E+01, 0.29000E+02, 0.22000E+02, 0.30000E+02, 0.00000E+00
 0.90000E+01, 0.29000E+02, 0.57260E+03, 0.18829E+00, 0.18155E-01
 0.10000E+02, 0.29000E+02, 0.50486E+03, 0.19102E+00, 0.16462E-01
 0.11000E+02, 0.29000E+02, 0.55767E+03, 0.18576E+00, 0.18077E-01
 0.12000E+02, 0.29000E+02, 0.51813E+03, 0.17380E+00, 0.18402E-01
 0.13000E+02, 0.29000E+02, 0.44486E+03, 0.23122E+00, 0.12551E-01
 0.14000E+02, 0.29000E+02, 0.52573E+03, 0.22912E+00, 0.14093E-01
 0.15000E+02, 0.29000E+02, 0.55305E+03, 0.20508E+00, 0.16283E-01
 0.16000E+02, 0.29000E+02, 0.57242E+03, 0.18888E+00, 0.18094E-01
 0.17000E+02, 0.29000E+02, 0.63345E+03, 0.21502E+00, 0.17042E-01
 0.18000E+02, 0.29000E+02, 0.61070E+03, 0.21636E+00, 0.16512E-01
 0.19000E+02, 0.29000E+02, 0.30014E+03, 0.21099E+00, 0.10982E-01
 0.20000E+02, 0.29000E+02, 0.28306E+03, 0.26599E+00, 0.84519E-02
 0.21000E+02, 0.29000E+02, 0.27874E+03, 0.17031E+00, 0.13098E-01
 0.22000E+02, 0.29000E+02, 0.27119E+03, 0.16176E+00, 0.13601E-01
 0.23000E+02, 0.29000E+02, 0.26535E+03, 0.15971E+00, 0.13628E-01
 0.24000E+02, 0.29000E+02, 0.26250E+03, 0.13882E+00, 0.15596E-01
 0.25000E+02, 0.29000E+02, 0.25828E+03, 0.12202E+00, 0.17604E-01
 0.26000E+02, 0.29000E+02, 0.24131E+03, 0.11488E+00, 0.18100E-01
 0.27000E+02, 0.29000E+02, 0.24580E+03, 0.11673E+00, 0.17970E-01
 0.28000E+02, 0.29000E+02, 0.25568E+03, 0.11107E+00, 0.19244E-01
 0.29000E+02, 0.29000E+02, 0.23879E+03, 0.11927E+00, 0.17349E-01
 0.30000E+02, 0.29000E+02, 0.33650E+03, 0.14702E+00, 0.16761E-01
 0.31000E+02, 0.29000E+02, 0.32038E+03, 0.13947E+00, 0.17201E-01
 0.32000E+02, 0.29000E+02, 0.31563E+03, 0.13192E+00, 0.18039E-01
 0.33000E+02, 0.29000E+02, 0.30017E+03, 0.13778E+00, 0.16818E-01
 0.34000E+02, 0.29000E+02, 0.29714E+03, 0.14478E+00, 0.15921E-01
 0.35000E+02, 0.29000E+02, 0.28929E+03, 0.15363E+00, 0.14797E-01
 0.36000E+02, 0.29000E+02, 0.29190E+03, 0.16594E+00, 0.13763E-01
 0.37000E+02, 0.29000E+02, 0.29769E+03, 0.17432E+00, 0.13236E-01
 0.38000E+02, 0.29000E+02, 0.29193E+03, 0.16861E+00, 0.13546E-01
 0.39000E+02, 0.29000E+02, 0.28332E+03, 0.16282E+00, 0.13813E-01
 0.40000E+02, 0.29000E+02, 0.29120E+03, 0.16303E+00, 0.13992E-01
 0.41000E+02, 0.29000E+02, 0.30287E+03, 0.15870E+00, 0.14670E-01
 0.42000E+02, 0.29000E+02, 0.29903E+03, 0.15503E+00, 0.14917E-01
 0.43000E+02, 0.29000E+02, 0.29660E+03, 0.15289E+00, 0.15062E-01
 0.44000E+02, 0.29000E+02, 0.29226E+03, 0.15298E+00, 0.14938E-01
 0.45000E+02, 0.29000E+02, 0.28868E+03, 0.14985E+00, 0.15154E-01
 0.46000E+02, 0.29000E+02, 0.30086E+03, 0.13743E+00, 0.16882E-01
 0.47000E+02, 0.29000E+02, 0.30980E+03, 0.12764E+00, 0.18460E-01
 0.48000E+02, 0.29000E+02, 0.24852E+03, 0.23261E+00, 0.90645E-02
 0.49000E+02, 0.29000E+02, 0.25013E+03, 0.23429E+00, 0.90275E-02
 0.50000E+02, 0.29000E+02, 0.25054E+03, 0.22438E+00, 0.94336E-02
 0.51000E+02, 0.29000E+02, 0.24084E+03, 0.20848E+00, 0.99648E-02
 0.52000E+02, 0.29000E+02, 0.24659E+03, 0.20630E+00, 0.10183E-01
 0.53000E+02, 0.29000E+02, 0.25902E+03, 0.19981E+00, 0.10765E-01
 0.54000E+02, 0.29000E+02, 0.27516E+03, 0.18569E+00, 0.11935E-01
 0.55000E+02, 0.29000E+02, 0.29209E+03, 0.17253E+00, 0.13242E-01
 0.56000E+02, 0.29000E+02, 0.28772E+03, 0.16625E+00, 0.13636E-01
 0.57000E+02, 0.29000E+02, 0.27834E+03, 0.15445E+00, 0.14432E-01
 0.58000E+02, 0.29000E+02, 0.27726E+03, 0.14926E+00, 0.14904E-01
 0.59000E+02, 0.29000E+02, 0.22000E+02, 0.30000E+02, 0.00000E+00
 0.60000E+02, 0.29000E+02, 0.63144E+03, 0.20112E+00, 0.18179E-01
 0.61000E+02, 0.29000E+02, 0.65939E+03, 0.21898E+00, 0.17212E-01
 0.62000E+02, 0.29000E+02, 0.62193E+03, 0.22548E+00, 0.16045E-01
 0.63000E+02, 0.29000E+02, 0.62017E+03, 0.22289E+00, 0.16200E-01
 0.64000E+02, 0.29000E+02, 0.54571E+03, 0.18931E+00, 0.17483E-01
 0.65000E+02, 0.29000E+02, 0.49556E+03, 0.16101E+00, 0.19297E-01
 0.00000E+00, 0.30000E+02, 0.71308E+03, 0.25201E+00, 0.15818E-01
 0.10000E+01, 0.30000E+02, 0.52024E+03, 0.28108E+00, 0.11409E-01
 0.20000E+01, 0.30000E+02, 0.62127E+03, 0.23072E+00, 0.15668E-01
 0.30000E+01, 0.30000E+02, 0.58324E+03, 0.22078E+00, 0.15678E-01
 0.40000E+01, 0.30000E+02, 0.62585E+03, 0.18778E+00, 0.19351E-01
 0.50000E+01, 0.30000E+02, 0.58148E+03, 0.19334E+00, 0.17866E-01
 0.60000E+01, 0.30000E+02, 0.21665E+03, 0.20848E+00, 0.94956E-02
 0.70000E+01, 0.30000E+02, 0.20877E+03, 0.20564E+00, 0.94721E-02
 0.80000E+01, 0.30000E+02, 0.42055E+03, 0.22071E+00, 0.12703E-01
 0.90000E+01, 0.30000E+02, 0.50144E+03, 0.17317E+00, 0.18079E-01
 0.10000E+02, 0.30000E+02, 0.40924E+03, 0.22222E+00, 0.12411E-01
 0.11000E+02, 0.30000E+02, 0.42593E+03, 0.20919E+00, 0.13507E-01
 0.12000E+02, 0.30000E+02, 0.42898E+03, 0.18176E+00, 0.15613E-01
 0.13000E+02, 0.30000E+02, 0.41076E+03, 0.19867E+00, 0.13913E-01
 0.14000E+02, 0.30000E+02, 0.45286E+03, 0.23020E+00, 0.12747E-01
 0.15000E+02, 0.30000E+02, 0.45155E+03, 0.22266E+00, 0.13155E-01
 0.16000E+02, 0.30000E+02, 0.55161E+03, 0.17803E+00, 0.18724E-01
 0.17000E+02, 0.30000E+02, 0.60827E+03, 0.19832E+00, 0.17964E-01
 0.18000E+02, 0.30000E+02, 0.58996E+03, 0.19891E+00, 0.17539E-01
 0.19000E+02, 0.30000E+02, 0.33978E+03, 0.18848E+00, 0.13144E-01
 0.20000E+02, 0.30000E+02, 0.28582E+03, 0.20762E+00, 0.10882E-01
 0.21000E+02, 0.30000E+02, 0.27694E+03, 0.15915E+00, 0.13971E-01
 0.22000E+02, 0.30000E+02, 0.26680E+03, 0.14920E+00, 0.14627E-01
 0.23000E+02, 0.30000E+02, 0.26182E+03, 0.12490E+00, 0.17312E-01
 0.24000E+02, 0.30000E+02, 0.25839E+03, 0.11804E+00, 0.18200E-01
 0.25000E+02, 0.30000E+02, 0.25150E+03, 0.10753E+00, 0.19720E-01
 0.26000E+02, 0.30000E+02, 0.24286E+03, 0.10390E+00, 0.20073E-01
 0.27000E+02, 0.30000E+02, 0.24393E+03, 0.10578E+00, 0.19758E-01
 0.28000E+02, 0.30000E+02, 0.25073E+03, 0.10946E+00, 0.19345E-01
 0.29000E+02, 0.30000E+02, 0.23193E+03, 0.11040E+00, 0.18491E-01
 0.30000E+02, 0.30000E+02, 0.35658E+03, 0.14502E+00, 0.17551E-01
 0.31000E+02, 0.30000E+02, 0.31073E+03, 0.13436E+00, 0.17564E-01
 0.32000E+02, 0.30000E+02, 0.30648E+03, 0.13246E+00, 0.17686E-01
 0.33000E+02, 0.30000E+02, 0.29434E+03, 0.14055E+00, 0.16320E-01
 0.34000E+02, 0.30000E+02, 0.29744E+03, 0.15774E+00, 0.14620E-01
 0.35000E+02, 0.30000E+02, 0.30117E+03, 0.16545E+00, 0.14030E-01
 0.36000E+02, 0.30000E+02, 0.30743E+03, 0.19247E+00, 0.12192E-01
 0.37000E+02, 0.30000E+02, 0.30136E+03, 0.18990E+00, 0.12228E-01
 0.38000E+02, 0.30000E+02, 0.29540E+03, 0.18411E+00, 0.12481E-01
 0.39000E+02, 0.30000E+02, 0.28093E+03, 0.17818E+00, 0.12569E-01
 0.40000E+02, 0.30000E+02, 0.27568E+03, 0.17183E+00, 0.12909E-01
 0.41000E+02, 0.30000E+02, 0.28899E+03, 0.16620E+00, 0.13671E-01
 0.42000E+02, 0.30000E+02, 0.29307E+03, 0.16122E+00, 0.14195E-01
 0.43000E+02, 0.30000E+02, 0.29044E+03, 0.15799E+00, 0.14418E-01
 0.44000E+02, 0.30000E+02, 0.27899E+03, 0.15195E+00, 0.14686E-01
 0.45000E+02, 0.30000E+02, 0.28544E+03, 0.14883E+00, 0.15170E-01
 0.46000E+02, 0.30000E+02, 0.29740E+03, 0.14211E+00, 0.16228E-01
 0.47000E+02, 0.30000E+02, 0.32299E+03, 0.12644E+00, 0.19057E-01
 0.48000E+02, 0.30000E+02, 0.24748E+03, 0.24621E+00, 0.85466E-02
 0.49000E+02, 0.30000E+02, 0.25458E+03, 0.24380E+00, 0.87489E-02
 0.50000E+02, 0.30000E+02, 0.25731E+03, 0.23531E+00, 0.91113E-02
 0.51000E+02, 0.30000E+02, 0.25158E+03, 0.22395E+00, 0.94703E-02
 0.52000E+02, 0.30000E+02, 0.25129E+03, 0.21837E+00, 0.97069E-02
 0.53000E+02, 0.30000E+02, 0.25917E+03, 0.19775E+00, 0.10880E-01
 0.54000E+02, 0.30000E+02, 0.27079E+03, 0.18533E+00, 0.11863E-01
 0.55000E+02, 0.30000E+02, 0.28172E+03, 0.16503E+00, 0.13590E-01
 0.56000E+02, 0.30000E+02, 0.28748E+03, 0.16403E+00, 0.13814E-01
 0.57000E+02, 0.30000E+02, 0.28737E+03, 0.15955E+00, 0.14199E-01
 0.58000E+02, 0.30000E+02, 0.27539E+03, 0.15180E+00, 0.14605E-01
 0.59000E+02, 0.30000E+02, 0.22000E+02, 0.30000E+02, 0.00000E+00
 0.60000E+02, 0.30000E+02, 0.63788E+03, 0.20527E+00, 0.17939E-01
 0.61000E+02, 0.30000E+02, 0.63573E+03, 0.24134E+00, 0.15222E-01
 0.62000E+02, 0.30000E+02, 0.64174E+03, 0.24161E+00, 0.15305E-01
 0.63000E+02, 0.30000E+02, 0.60944E+03, 0.23487E+00, 0.15188E-01
 0.64000E+02, 0.30000E+02, 0.60311E+03, 0.21117E+00, 0.16772E-01
 0.65000E+02, 0.30000E+02, 0.61214E+03, 0.16874E+00, 0.21205E-01
 0.00000E+00, 0.31000E+02, 0.55196E+03, 0.30903E+00, 0.10791E-01
 0.10000E+01, 0.31000E+02, 0.51589E+03, 0.29997E+00, 0.10632E-01
 0.20000E+01, 0.31000E+02, 0.50096E+03, 0.25770E+00, 0.12141E-01
 0.30000E+01, 0.31000E+02, 0.51141E+03, 0.23362E+00, 0.13574E-01
 0.40000E+01, 0.31000E+02, 0.56789E+03, 0.20967E+00, 0.16212E-01
 0.50000E+01, 0.31000E+02, 0.59556E+03, 0.26089E+00, 0.13458E-01
 0.60000E+01, 0.31000E+02, 0.21020E+03, 0.20955E+00, 0.93229E-02
 0.70000E+01, 0.31000E+02, 0.20469E+03, 0.21397E+00, 0.90261E-02
 0.80000E+01, 0.31000E+02, 0.41435E+03, 0.19096E+00, 0.14552E-01
 0.90000E+01, 0.31000E+02, 0.39792E+03, 0.22630E+00, 0.11986E-01
 0.10000E+02, 0.31000E+02, 0.37885E+03, 0.25276E+00, 0.10426E-01
 0.11000E+02, 0.31000E+02, 0.36648E+03, 0.20486E+00, 0.12620E-01
 0.12000E+02, 0.31000E+02, 0.32893E+03, 0.17684E+00, 0.13761E-01
 0.13000E+02, 0.31000E+02, 0.37167E+03, 0.18243E+00, 0.14286E-01
 0.14000E+02, 0.31000E+02, 0.39982E+03, 0.21532E+00, 0.12633E-01
 0.15000E+02, 0.31000E+02, 0.41551E+03, 0.21448E+00, 0.12978E-01
 0.16000E+02, 0.31000E+02, 0.44890E+03, 0.19577E+00, 0.14907E-01
 0.17000E+02, 0.31000E+02, 0.48960E+03, 0.17529E+00, 0.17587E-01
 0.18000E+02, 0.31000E+02, 0.55653E+03, 0.16820E+00, 0.19937E-01
 0.19000E+02, 0.31000E+02, 0.31095E+03, 0.17191E+00, 0.13733E-01
 0.20000E+02, 0.31000E+02, 0.27364E+03, 0.15908E+00, 0.13893E-01
 0.21000E+02, 0.31000E+02, 0.26774E+03, 0.14978E+00, 0.14596E-01
 0.22000E+02, 0.31000E+02, 0.26790E+03, 0.14671E+00, 0.14906E-01
 0.23000E+02, 0.31000E+02, 0.25978E+03, 0.11652E+00, 0.18486E-01
 0.24000E+02, 0.31000E+02, 0.25788E+03, 0.11947E+00, 0.17966E-01
 0.25000E+02, 0.31000E+02, 0.25494E+03, 0.11568E+00, 0.18451E-01
 0.26000E+02, 0.31000E+02, 0.25468E+03, 0.10750E+00, 0.19845E-01
 0.27000E+02, 0.31000E+02, 0.25045E+03, 0.10066E+00, 0.21025E-01
 0.28000E+02, 0.31000E+02, 0.23651E+03, 0.97592E-01, 0.21108E-01
 0.29000E+02, 0.31000E+02, 0.22380E+03, 0.98272E-01, 0.20439E-01
 0.30000E+02, 0.31000E+02, 0.34460E+03, 0.14126E+00, 0.17675E-01
 0.31000E+02, 0.31000E+02, 0.32114E+03, 0.14150E+00, 0.16975E-01
 0.32000E+02, 0.31000E+02, 0.30620E+03, 0.14831E+00, 0.15788E-01
 0.33000E+02, 0.31000E+02, 0.29079E+03, 0.15397E+00, 0.14804E-01
 0.34000E+02, 0.31000E+02, 0.28561E+03, 0.17754E+00, 0.12720E-01
 0.35000E+02, 0.31000E+02, 0.30607E+03, 0.19596E+00, 0.11947E-01
 0.36000E+02, 0.31000E+02, 0.31544E+03, 0.20203E+00, 0.11775E-01
 0.37000E+02, 0.31000E+02, 0.31532E+03, 0.19715E+00, 0.12064E-01
 0.38000E+02, 0.31000E+02, 0.30570E+03, 0.19106E+00, 0.12245E-01
 0.39000E+02, 0.31000E+02, 0.30236E+03, 0.18382E+00, 0.12654E-01
 0.40000E+02, 0.31000E+02, 0.26993E+03, 0.17061E+00, 0.12866E-01
 0.41000E+02, 0.31000E+02, 0.28878E+03, 0.16683E+00, 0.13614E-01
 0.42000E+02, 0.31000E+02, 0.28400E+03, 0.16098E+00, 0.13989E-01
 0.43000E+02, 0.31000E+02, 0.28760E+03, 0.15523E+00, 0.14601E-01
 0.44000E+02, 0.31000E+02, 0.26776E+03, 0.14966E+00, 0.14608E-01
 0.45000E+02, 0.31000E+02, 0.27753E+03, 0.14747E+00, 0.15093E-01
 0.46000E+02, 0.31000E+02, 0.28726E+03, 0.14508E+00, 0.15613E-01
 0.47000E+02, 0.31000E+02, 0.33179E+03, 0.12608E+00, 0.19393E-01
 0.48000E+02, 0.31000E+02, 0.25784E+03, 0.24672E+00, 0.86989E-02
 0.49000E+02, 0.31000E+02, 0.25477E+03, 0.24498E+00, 0.87097E-02
 0.50000E+02, 0.31000E+02, 0.25349E+03, 0.23758E+00, 0.89596E-02
 0.51000E+02, 0.31000E+02, 0.24421E+03, 0.23260E+00, 0.89901E-02
 0.52000E+02, 0.31000E+02, 0.24891E+03, 0.22033E+00, 0.95771E-02
 0.53000E+02, 0.31000E+02, 0.26073E+03, 0.18223E+00, 0.11841E-01
 0.54000E+02, 0.31000E+02, 0.27382E+03, 0.16891E+00, 0.13089E-01
 0.55000E+02, 0.31000E+02, 0.28141E+03, 0.16465E+00, 0.13614E-01
 0.56000E+02, 0.31000E+02, 0.29885E+03, 0.17061E+00, 0.13551E-01
 0.57000E+02, 0.31000E+02, 0.30235E+03, 0.16788E+00, 0.13856E-01
 0.58000E+02, 0.31000E+02, 0.27711E+03, 0.15247E+00, 0.14587E-01
 0.59000E+02, 0.31000E+02, 0.22000E+02, 0.30000E+02, 0.00000E+00
 0.60000E+02, 0.31000E+02, 0.62101E+03, 0.23912E+00, 0.15114E-01
 0.61000E+02, 0.31000E+02, 0.67062E+03, 0.26000E+00, 0.14671E-01
 0.62000E+02, 0.31000E+02, 0.67285E+03, 0.25655E+00, 0.14904E-01
 0.63000E+02, 0.31000E+02, 0.61811E+03, 0.26398E+00, 0.13646E-01
 0.64000E+02, 0.31000E+02, 0.58674E+03, 0.21011E+00, 0.16541E-01
 0.65000E+02, 0.31000E+02, 0.71909E+03, 0.16008E+00, 0.25053E-01
 0.00000E+00, 0.32000E+02, 0.81101E+03, 0.24685E+00, 0.17752E-01
 0.10000E+01, 0.32000E+02, 0.60491E+03, 0.28847E+00, 0.12303E-01
 0.20000E+01, 0.32000E+02, 0.54273E+03, 0.29217E+00, 0.11287E-01
 0.30000E+01, 0.32000E+02, 0.53289E+03, 0.28079E+00, 0.11603E-01
 0.40000E+01, 0.32000E+02, 0.54453E+03, 0.24062E+00, 0.13735E-01
 0.50000E+01, 0.32000E+02, 0.59154E+03, 0.25280E+00, 0.13825E-01
 0.60000E+01, 0.32000E+02, 0.20227E+03, 0.20859E+00, 0.92124E-02
 0.70000E+01, 0.32000E+02, 0.19561E+03, 0.21964E+00, 0.86262E-02
 0.80000E+01, 0.32000E+02, 0.37484E+03, 0.21585E+00, 0.12134E-01
 0.90000E+01, 0.32000E+02, 0.40432E+03, 0.20013E+00, 0.13682E-01
 0.10000E+02, 0.32000E+02, 0.37011E+03, 0.26606E+00, 0.97719E-02
 0.11000E+02, 0.32000E+02, 0.36182E+03, 0.21764E+00, 0.11792E-01
 0.12000E+02, 0.32000E+02, 0.35126E+03, 0.18447E+00, 0.13681E-01
 0.13000E+02, 0.32000E+02, 0.37919E+03, 0.19710E+00, 0.13377E-01
 0.14000E+02, 0.32000E+02, 0.39211E+03, 0.22356E+00, 0.12028E-01
 0.15000E+02, 0.32000E+02, 0.43098E+03, 0.17578E+00, 0.16191E-01
 0.16000E+02, 0.32000E+02, 0.42566E+03, 0.18232E+00, 0.15491E-01
 0.17000E+02, 0.32000E+02, 0.45311E+03, 0.16737E+00, 0.17538E-01
 0.18000E+02, 0.32000E+02, 0.51652E+03, 0.14677E+00, 0.21746E-01
 0.19000E+02, 0.32000E+02, 0.27202E+03, 0.17036E+00, 0.12934E-01
 0.20000E+02, 0.32000E+02, 0.27398E+03, 0.15862E+00, 0.13941E-01
 0.21000E+02, 0.32000E+02, 0.26193E+03, 0.14354E+00, 0.15067E-01
 0.22000E+02, 0.32000E+02, 0.25990E+03, 0.12624E+00, 0.17067E-01
 0.23000E+02, 0.32000E+02, 0.25763E+03, 0.11968E+00, 0.17926E-01
 0.24000E+02, 0.32000E+02, 0.25318E+03, 0.11533E+00, 0.18445E-01
 0.25000E+02, 0.32000E+02, 0.24928E+03, 0.11358E+00, 0.18591E-01
 0.26000E+02, 0.32000E+02, 0.24548E+03, 0.11408E+00, 0.18375E-01
 0.27000E+02, 0.32000E+02, 0.24399E+03, 0.11136E+00, 0.18769E-01
 0.28000E+02, 0.32000E+02, 0.24623E+03, 0.11370E+00, 0.18462E-01
 0.29000E+02, 0.32000E+02, 0.24044E+03, 0.10918E+00, 0.19013E-01
 0.30000E+02, 0.32000E+02, 0.39907E+03, 0.14291E+00, 0.19012E-01
 0.31000E+02, 0.32000E+02, 0.39409E+03, 0.14768E+00, 0.18262E-01
 0.32000E+02, 0.32000E+02, 0.34760E+03, 0.15333E+00, 0.16363E-01
 0.33000E+02, 0.32000E+02, 0.29368E+03, 0.16686E+00, 0.13730E-01
 0.34000E+02, 0.32000E+02, 0.30019E+03, 0.19438E+00, 0.11922E-01
 0.35000E+02, 0.32000E+02, 0.29072E+03, 0.20804E+00, 0.10955E-01
 0.36000E+02, 0.32000E+02, 0.30333E+03, 0.20582E+00, 0.11321E-01
 0.37000E+02, 0.32000E+02, 0.33350E+03, 0.20087E+00, 0.12207E-01
 0.38000E+02, 0.32000E+02, 0.34410E+03, 0.19505E+00, 0.12791E-01
 0.39000E+02, 0.32000E+02, 0.32584E+03, 0.18395E+00, 0.13161E-01
 0.40000E+02, 0.32000E+02, 0.27613E+03, 0.16806E+00, 0.13210E-01
 0.41000E+02, 0.32000E+02, 0.28303E+03, 0.16268E+00, 0.13818E-01
 0.42000E+02, 0.32000E+02, 0.28503E+03, 0.15900E+00, 0.14189E-01
 0.43000E+02, 0.32000E+02, 0.27331E+03, 0.15418E+00, 0.14325E-01
 0.44000E+02, 0.32000E+02, 0.27262E+03, 0.15234E+00, 0.14480E-01
 0.45000E+02, 0.32000E+02, 0.27509E+03, 0.15117E+00, 0.14659E-01
 0.46000E+02, 0.32000E+02, 0.29814E+03, 0.14674E+00, 0.15735E-01
 0.47000E+02, 0.32000E+02, 0.33343E+03, 0.12756E+00, 0.19220E-01
 0.48000E+02, 0.32000E+02, 0.24420E+03, 0.24897E+00, 0.83990E-02
 0.49000E+02, 0.32000E+02, 0.26136E+03, 0.23081E+00, 0.93602E-02
 0.50000E+02, 0.32000E+02, 0.25528E+03, 0.22290E+00, 0.95822E-02
 0.51000E+02, 0.32000E+02, 0.24570E+03, 0.22532E+00, 0.93073E-02
 0.52000E+02, 0.32000E+02, 0.25472E+03, 0.18648E+00, 0.11441E-01
 0.53000E+02, 0.32000E+02, 0.26584E+03, 0.16837E+00, 0.12939E-01
 0.54000E+02, 0.32000E+02, 0.27078E+03, 0.16524E+00, 0.13305E-01
 0.55000E+02, 0.32000E+02, 0.28060E+03, 0.16545E+00, 0.13528E-01
 0.56000E+02, 0.32000E+02, 0.29688E+03, 0.17179E+00, 0.13411E-01
 0.57000E+02, 0.32000E+02, 0.29103E+03, 0.16321E+00, 0.13972E-01
 0.58000E+02, 0.32000E+02, 0.28034E+03, 0.15237E+00, 0.14682E-01
 0.59000E+02, 0.32000E+02, 0.22000E+02, 0.30000E+02, 0.00000E+00
 0.60000E+02, 0.32000E+02, 0.72842E+03, 0.21005E+00, 0.19272E-01
 0.61000E+02, 0.32000E+02, 0.77371E+03, 0.27607E+00, 0.15327E-01
 0.62000E+02, 0.32000E+02, 0.68736E+03, 0.28492E+00, 0.13626E-01
 0.63000E+02, 0.32000E+02, 0.65317E+03, 0.27092E+00, 0.13820E-01
 0.64000E+02, 0.32000E+02, 0.66191E+03, 0.24596E+00, 0.15366E-01
 0.65000E+02, 0.32000E+02, 0.71903E+03, 0.26099E+00, 0.15365E-01
 0.00000E+00, 0.33000E+02, 0.70193E+03, 0.26552E+00, 0.14843E-01
 0.10000E+01, 0.33000E+02, 0.58539E+03, 0.25613E+00, 0.13548E-01
 0.20000E+01, 0.33000E+02, 0.51410E+03, 0.26363E+00, 0.12070E-01
 0.30000E+01, 0.33000E+02, 0.53915E+03, 0.28975E+00, 0.11331E-01
 0.40000E+01, 0.33000E+02, 0.57439E+03, 0.28328E+00, 0.12093E-01
 0.50000E+01, 0.33000E+02, 0.59014E+03, 0.26121E+00, 0.13358E-01
 0.60000E+01, 0.33000E+02, 0.19700E+03, 0.21108E+00, 0.90025E-02
 0.70000E+01, 0.33000E+02, 0.18903E+03, 0.22835E+00, 0.81807E-02
 0.80000E+01, 0.33000E+02, 0.37218E+03, 0.20922E+00, 0.12467E-01
 0.90000E+01, 0.33000E+02, 0.38185E+03, 0.23422E+00, 0.11303E-01
 0.10000E+02, 0.33000E+02, 0.37625E+03, 0.23403E+00, 0.11215E-01
 0.11000E+02, 0.33000E+02, 0.37210E+03, 0.20270E+00, 0.12866E-01
 0.12000E+02, 0.33000E+02, 0.35507E+03, 0.18669E+00, 0.13601E-01
 0.13000E+02, 0.33000E+02, 0.36252E+03, 0.19997E+00, 0.12848E-01
 0.14000E+02, 0.33000E+02, 0.39302E+03, 0.22515E+00, 0.11959E-01
 0.15000E+02, 0.33000E+02, 0.42201E+03, 0.17250E+00, 0.16289E-01
 0.16000E+02, 0.33000E+02, 0.41876E+03, 0.17277E+00, 0.16186E-01
 0.17000E+02, 0.33000E+02, 0.43799E+03, 0.16579E+00, 0.17337E-01
 0.18000E+02, 0.33000E+02, 0.45995E+03, 0.13555E+00, 0.21860E-01
 0.19000E+02, 0.33000E+02, 0.27163E+03, 0.17211E+00, 0.12794E-01
 0.20000E+02, 0.33000E+02, 0.27495E+03, 0.15975E+00, 0.13868E-01
 0.21000E+02, 0.33000E+02, 0.26665E+03, 0.14587E+00, 0.14957E-01
 0.22000E+02, 0.33000E+02, 0.25878E+03, 0.13742E+00, 0.15646E-01
 0.23000E+02, 0.33000E+02, 0.25372E+03, 0.15558E+00, 0.13688E-01
 0.24000E+02, 0.33000E+02, 0.24771E+03, 0.15744E+00, 0.13372E-01
 0.25000E+02, 0.33000E+02, 0.24967E+03, 0.12837E+00, 0.16461E-01
 0.26000E+02, 0.33000E+02, 0.25234E+03, 0.12899E+00, 0.16466E-01
 0.27000E+02, 0.33000E+02, 0.24973E+03, 0.12704E+00, 0.16636E-01
 0.28000E+02, 0.33000E+02, 0.24947E+03, 0.12258E+00, 0.17232E-01
 0.29000E+02, 0.33000E+02, 0.23472E+03, 0.11299E+00, 0.18167E-01
 0.30000E+02, 0.33000E+02, 0.47779E+03, 0.14461E+00, 0.20988E-01
 0.31000E+02, 0.33000E+02, 0.41019E+03, 0.14961E+00, 0.18461E-01
 0.32000E+02, 0.33000E+02, 0.34766E+03, 0.15567E+00, 0.16118E-01
 0.33000E+02, 0.33000E+02, 0.29791E+03, 0.18256E+00, 0.12643E-01
 0.34000E+02, 0.33000E+02, 0.29918E+03, 0.20107E+00, 0.11505E-01
 0.35000E+02, 0.33000E+02, 0.28694E+03, 0.20644E+00, 0.10966E-01
 0.36000E+02, 0.33000E+02, 0.35207E+03, 0.19790E+00, 0.12769E-01
 0.37000E+02, 0.33000E+02, 0.40198E+03, 0.20541E+00, 0.13284E-01
 0.38000E+02, 0.33000E+02, 0.36154E+03, 0.19729E+00, 0.13003E-01
 0.39000E+02, 0.33000E+02, 0.38491E+03, 0.17725E+00, 0.15006E-01
 0.40000E+02, 0.33000E+02, 0.28327E+03, 0.16712E+00, 0.13457E-01
 0.41000E+02, 0.33000E+02, 0.28458E+03, 0.16130E+00, 0.13975E-01
 0.42000E+02, 0.33000E+02, 0.29046E+03, 0.15965E+00, 0.14268E-01
 0.43000E+02, 0.33000E+02, 0.26751E+03, 0.15440E+00, 0.14153E-01
 0.44000E+02, 0.33000E+02, 0.28269E+03, 0.15364E+00, 0.14622E-01
 0.45000E+02, 0.33000E+02, 0.28647E+03, 0.15163E+00, 0.14917E-01
 0.46000E+02, 0.33000E+02, 0.28938E+03, 0.14839E+00, 0.15322E-01
 0.47000E+02, 0.33000E+02, 0.31657E+03, 0.13107E+00, 0.18185E-01
 0.48000E+02, 0.33000E+02, 0.34645E+03, 0.21004E+00, 0.11923E-01
 0.49000E+02, 0.33000E+02, 0.31355E+03, 0.19680E+00, 0.12049E-01
 0.50000E+02, 0.33000E+02, 0.27384E+03, 0.19828E+00, 0.11150E-01
 0.51000E+02, 0.33000E+02, 0.25607E+03, 0.18888E+00, 0.11325E-01
 0.52000E+02, 0.33000E+02, 0.25784E+03, 0.17506E+00, 0.12260E-01
 0.53000E+02, 0.33000E+02, 0.25711E+03, 0.16890E+00, 0.12689E-01
 0.54000E+02, 0.33000E+02, 0.25350E+03, 0.16186E+00, 0.13151E-01
 0.55000E+02, 0.33000E+02, 0.26633E+03, 0.16177E+00, 0.13479E-01
 0.56000E+02, 0.33000E+02, 0.28242E+03, 0.16427E+00, 0.13669E-01
 0.57000E+02, 0.33000E+02, 0.28651E+03, 0.16377E+00, 0.13812E-01
 0.58000E+02, 0.33000E+02, 0.28541E+03, 0.15287E+00, 0.14769E-01
 0.59000E+02, 0.33000E+02, 0.22000E+02, 0.30000E+02, 0.00000E+00
 0.60000E+02, 0.33000E+02, 0.86157E+03, 0.17302E+00, 0.26508E-01
 0.61000E+02, 0.33000E+02, 0.83767E+03, 0.22050E+00, 0.20362E-01
 0.62000E+02, 0.33000E+02, 0.87494E+03, 0.20881E+00, 0.22223E-01
 0.63000E+02, 0.33000E+02, 0.91948E+03, 0.19748E+00, 0.24410E-01
 0.64000E+02, 0.33000E+02, 0.77288E+03, 0.23343E+00, 0.18112E-01
 0.65000E+02, 0.33000E+02, 0.75795E+03, 0.26642E+00, 0.15643E-01
 0.00000E+00, 0.34000E+02, 0.71070E+03, 0.21635E+00, 0.18381E-01
 0.10000E+01, 0.34000E+02, 0.57492E+03, 0.24134E+00, 0.14203E-01
 0.20000E+01, 0.34000E+02, 0.51107E+03, 0.26834E+00, 0.11812E-01
 0.30000E+01, 0.34000E+02, 0.53369E+03, 0.25528E+00, 0.12775E-01
 0.40000E+01, 0.34000E+02, 0.57189E+03, 0.27645E+00, 0.12355E-01
 0.50000E+01, 0.34000E+02, 0.58030E+03, 0.26658E+00, 0.12940E-01
 0.60000E+01, 0.34000E+02, 0.21184E+03, 0.24755E+00, 0.79187E-02
 0.70000E+01, 0.34000E+02, 0.19800E+03, 0.22874E+00, 0.83253E-02
 0.80000E+01, 0.34000E+02, 0.36520E+03, 0.22475E+00, 0.11480E-01
 0.90000E+01, 0.34000E+02, 0.38112E+03, 0.24729E+00, 0.10694E-01
 0.10000E+02, 0.34000E+02, 0.37946E+03, 0.25129E+00, 0.10497E-01
 0.11000E+02, 0.34000E+02, 0.37686E+03, 0.20210E+00, 0.13000E-01
 0.12000E+02, 0.34000E+02, 0.36798E+03, 0.23736E+00, 0.10917E-01
 0.13000E+02, 0.34000E+02, 0.37531E+03, 0.25346E+00, 0.10341E-01
 0.14000E+02, 0.34000E+02, 0.39740E+03, 0.20980E+00, 0.12918E-01
 0.15000E+02, 0.34000E+02, 0.40626E+03, 0.18291E+00, 0.15014E-01
 0.16000E+02, 0.34000E+02, 0.40968E+03, 0.17690E+00, 0.15601E-01
 0.17000E+02, 0.34000E+02, 0.42631E+03, 0.16956E+00, 0.16673E-01
 0.18000E+02, 0.34000E+02, 0.43474E+03, 0.13614E+00, 0.21016E-01
 0.19000E+02, 0.34000E+02, 0.28161E+03, 0.21953E+00, 0.10214E-01
 0.20000E+02, 0.34000E+02, 0.26845E+03, 0.15700E+00, 0.13943E-01
 0.21000E+02, 0.34000E+02, 0.26171E+03, 0.16544E+00, 0.13067E-01
 0.22000E+02, 0.34000E+02, 0.25827E+03, 0.15041E+00, 0.14281E-01
 0.23000E+02, 0.34000E+02, 0.25481E+03, 0.14218E+00, 0.15008E-01
 0.24000E+02, 0.34000E+02, 0.24631E+03, 0.13622E+00, 0.15413E-01
 0.25000E+02, 0.34000E+02, 0.25223E+03, 0.13217E+00, 0.16067E-01
 0.26000E+02, 0.34000E+02, 0.25462E+03, 0.12936E+00, 0.16490E-01
 0.27000E+02, 0.34000E+02, 0.25153E+03, 0.12755E+00, 0.16626E-01
 0.28000E+02, 0.34000E+02, 0.25089E+03, 0.13293E+00, 0.15934E-01
 0.29000E+02, 0.34000E+02, 0.22423E+03, 0.12378E+00, 0.16242E-01
 0.30000E+02, 0.34000E+02, 0.43160E+03, 0.15806E+00, 0.18022E-01
 0.31000E+02, 0.34000E+02, 0.32517E+03, 0.17141E+00, 0.14108E-01
 0.32000E+02, 0.34000E+02, 0.31050E+03, 0.16792E+00, 0.14049E-01
 0.33000E+02, 0.34000E+02, 0.30412E+03, 0.17363E+00, 0.13438E-01
 0.34000E+02, 0.34000E+02, 0.35182E+03, 0.20241E+00, 0.12480E-01
 0.35000E+02, 0.34000E+02, 0.30271E+03, 0.22672E+00, 0.10266E-01
 0.36000E+02, 0.34000E+02, 0.46472E+03, 0.21691E+00, 0.13749E-01
 0.37000E+02, 0.34000E+02, 0.75683E+03, 0.17563E+00, 0.23703E-01
 0.38000E+02, 0.34000E+02, 0.69504E+03, 0.17961E+00, 0.21787E-01
 0.39000E+02, 0.34000E+02, 0.55895E+03, 0.16539E+00, 0.20335E-01
 0.40000E+02, 0.34000E+02, 0.33340E+03, 0.17189E+00, 0.14262E-01
 0.41000E+02, 0.34000E+02, 0.29841E+03, 0.16286E+00, 0.14185E-01
 0.42000E+02, 0.34000E+02, 0.29262E+03, 0.15723E+00, 0.14544E-01
 0.43000E+02, 0.34000E+02, 0.28471E+03, 0.15367E+00, 0.14673E-01
 0.44000E+02, 0.34000E+02, 0.28131E+03, 0.15112E+00, 0.14829E-01
 0.45000E+02, 0.34000E+02, 0.27463E+03, 0.14864E+00, 0.14895E-01
 0.46000E+02, 0.34000E+02, 0.27920E+03, 0.14623E+00, 0.15267E-01
 0.47000E+02, 0.34000E+02, 0.29440E+03, 0.13442E+00, 0.17065E-01
 0.48000E+02, 0.34000E+02, 0.65598E+03, 0.18083E+00, 0.20767E-01
 0.49000E+02, 0.34000E+02, 0.43619E+03, 0.18106E+00, 0.15835E-01
 0.50000E+02, 0.34000E+02, 0.28244E+03, 0.18863E+00, 0.11905E-01
 0.51000E+02, 0.34000E+02, 0.26282E+03, 0.18392E+00, 0.11778E-01
 0.52000E+02, 0.34000E+02, 0.25698E+03, 0.17881E+00, 0.11983E-01
 0.53000E+02, 0.34000E+02, 0.25302E+03, 0.17350E+00, 0.12258E-01
 0.54000E+02, 0.34000E+02, 0.25188E+03, 0.16325E+00, 0.12999E-01
 0.55000E+02, 0.34000E+02, 0.25135E+03, 0.15488E+00, 0.13687E-01
 0.56000E+02, 0.34000E+02, 0.25544E+03, 0.15002E+00, 0.14241E-01
 0.57000E+02, 0.34000E+02, 0.26328E+03, 0.15019E+00, 0.14436E-01
 0.58000E+02, 0.34000E+02, 0.27074E+03, 0.14026E+00, 0.15673E-01
 0.59000E+02, 0.34000E+02, 0.22000E+02, 0.30000E+02, 0.00000E+00
 0.60000E+02, 0.34000E+02, 0.88538E+03, 0.16911E+00, 0.27690E-01
 0.61000E+02, 0.34000E+02, 0.91886E+03, 0.17908E+00, 0.26903E-01
 0.62000E+02, 0.34000E+02, 0.90708E+03, 0.19181E+00, 0.24870E-01
 0.63000E+02, 0.34000E+02, 0.90925E+03, 0.19639E+00, 0.24335E-01
 0.64000E+02, 0.34000E+02, 0.88363E+03, 0.18909E+00, 0.24726E-01
 0.65000E+02, 0.34000E+02, 0.87379E+03, 0.21020E+00, 0.22054E-01
 0.00000E+00, 0.35000E+02, 0.85556E+03, 0.21579E+00, 0.21141E-01
 0.10000E+01, 0.35000E+02, 0.55193E+03, 0.24914E+00, 0.13386E-01
 0.20000E+01, 0.35000E+02, 0.51963E+03, 0.26170E+00, 0.12244E-01
 0.30000E+01, 0.35000E+02, 0.54106E+03, 0.27233E+00, 0.12084E-01
 0.40000E+01, 0.35000E+02, 0.55648E+03, 0.26982E+00, 0.12428E-01
 0.50000E+01, 0.35000E+02, 0.57099E+03, 0.26423E+00, 0.12913E-01
 0.60000E+01, 0.35000E+02, 0.23140E+03, 0.27901E+00, 0.73089E-02
 0.70000E+01, 0.35000E+02, 0.20231E+03, 0.23522E+00, 0.81699E-02
 0.80000E+01, 0.35000E+02, 0.37321E+03, 0.27249E+00, 0.95873E-02
 0.90000E+01, 0.35000E+02, 0.37114E+03, 0.37291E+00, 0.69831E-02
 0.10000E+02, 0.35000E+02, 0.37499E+03, 0.33353E+00, 0.78543E-02
 0.11000E+02, 0.35000E+02, 0.37972E+03, 0.26077E+00, 0.10119E-01
 0.12000E+02, 0.35000E+02, 0.38325E+03, 0.23907E+00, 0.11097E-01
 0.13000E+02, 0.35000E+02, 0.39041E+03, 0.23055E+00, 0.11633E-01
 0.14000E+02, 0.35000E+02, 0.39763E+03, 0.19925E+00, 0.13607E-01
 0.15000E+02, 0.35000E+02, 0.41044E+03, 0.17536E+00, 0.15756E-01
 0.16000E+02, 0.35000E+02, 0.40461E+03, 0.16952E+00, 0.16160E-01
 0.17000E+02, 0.35000E+02, 0.42762E+03, 0.15696E+00, 0.18045E-01
 0.18000E+02, 0.35000E+02, 0.41523E+03, 0.15170E+00, 0.18341E-01
 0.19000E+02, 0.35000E+02, 0.37752E+03, 0.40260E+00, 0.65323E-02
 0.20000E+02, 0.35000E+02, 0.39223E+03, 0.44670E+00, 0.60205E-02
 0.21000E+02, 0.35000E+02, 0.40021E+03, 0.51429E+00, 0.52920E-02
 0.22000E+02, 0.35000E+02, 0.40571E+03, 0.84812E+00, 0.32352E-02
 0.23000E+02, 0.35000E+02, 0.41371E+03, 0.10470E+01, 0.26516E-02
 0.24000E+02, 0.35000E+02, 0.41876E+03, 0.12708E+01, 0.22007E-02
 0.25000E+02, 0.35000E+02, 0.42580E+03, 0.84155E+00, 0.33569E-02
 0.26000E+02, 0.35000E+02, 0.47011E+03, 0.65089E+00, 0.46154E-02
 0.27000E+02, 0.35000E+02, 0.48303E+03, 0.51414E+00, 0.59446E-02
 0.28000E+02, 0.35000E+02, 0.51729E+03, 0.47376E+00, 0.67436E-02
 0.29000E+02, 0.35000E+02, 0.60519E+03, 0.43828E+00, 0.81002E-02
 0.30000E+02, 0.35000E+02, 0.76622E+03, 0.22430E+00, 0.18729E-01
 0.31000E+02, 0.35000E+02, 0.72302E+03, 0.18612E+00, 0.21633E-01
 0.32000E+02, 0.35000E+02, 0.51043E+03, 0.38249E+00, 0.82802E-02
 0.33000E+02, 0.35000E+02, 0.45937E+03, 0.59730E+00, 0.49568E-02
 0.34000E+02, 0.35000E+02, 0.44504E+03, 0.37770E+00, 0.76855E-02
 0.35000E+02, 0.35000E+02, 0.47538E+03, 0.32264E+00, 0.93771E-02
 0.36000E+02, 0.35000E+02, 0.57828E+03, 0.20084E+00, 0.17135E-01
 0.37000E+02, 0.35000E+02, 0.54570E+03, 0.18792E+00, 0.17612E-01
 0.38000E+02, 0.35000E+02, 0.42489E+03, 0.20802E+00, 0.13563E-01
 0.39000E+02, 0.35000E+02, 0.42801E+03, 0.20121E+00, 0.14085E-01
 0.40000E+02, 0.35000E+02, 0.45582E+03, 0.21181E+00, 0.13911E-01
 0.41000E+02, 0.35000E+02, 0.48021E+03, 0.21899E+00, 0.13905E-01
 0.42000E+02, 0.35000E+02, 0.48508E+03, 0.21909E+00, 0.13988E-01
 0.43000E+02, 0.35000E+02, 0.49637E+03, 0.21281E+00, 0.14615E-01
 0.44000E+02, 0.35000E+02, 0.52614E+03, 0.21224E+00, 0.15221E-01
 0.45000E+02, 0.35000E+02, 0.53355E+03, 0.17619E+00, 0.18506E-01
 0.46000E+02, 0.35000E+02, 0.61980E+03, 0.17204E+00, 0.20979E-01
 0.47000E+02, 0.35000E+02, 0.68199E+03, 0.16198E+00, 0.23833E-01
 0.48000E+02, 0.35000E+02, 0.69029E+03, 0.16472E+00, 0.23640E-01
 0.49000E+02, 0.35000E+02, 0.67870E+03, 0.21179E+00, 0.18165E-01
 0.50000E+02, 0.35000E+02, 0.61098E+03, 0.23203E+00, 0.15401E-01
 0.51000E+02, 0.35000E+02, 0.56830E+03, 0.23998E+00, 0.14172E-01
 0.52000E+02, 0.35000E+02, 0.55827E+03, 0.22211E+00, 0.15130E-01
 0.53000E+02, 0.35000E+02, 0.54614E+03, 0.21034E+00, 0.15743E-01
 0.54000E+02, 0.35000E+02, 0.52174E+03, 0.19080E+00, 0.16838E-01
 0.55000E+02, 0.35000E+02, 0.50564E+03, 0.19316E+00, 0.16296E-01
 0.56000E+02, 0.35000E+02, 0.48652E+03, 0.18968E+00, 0.16187E-01
 0.57000E+02, 0.35000E+02, 0.47500E+03, 0.18483E+00, 0.16361E-01
 0.58000E+02, 0.35000E+02, 0.46387E+03, 0.18155E+00, 0.16409E-01
 0.59000E+02, 0.35000E+02, 0.46393E+03, 0.17905E+00, 0.16639E-01
 0.60000E+02, 0.35000E+02, 0.75828E+03, 0.16866E+00, 0.24718E-01
 0.61000E+02, 0.35000E+02, 0.84712E+03, 0.17520E+00, 0.25844E-01
 0.62000E+02, 0.35000E+02, 0.84681E+03, 0.20332E+00, 0.22264E-01
 0.63000E+02, 0.35000E+02, 0.79891E+03, 0.24012E+00, 0.18045E-01
 0.64000E+02, 0.35000E+02, 0.80681E+03, 0.24062E+00, 0.18141E-01
 0.65000E+02, 0.35000E+02, 0.86994E+03, 0.27576E+00, 0.16755E-01
 0.00000E+00, 0.36000E+02, 0.51269E+03, 0.25537E+00, 0.12437E-01
 0.10000E+01, 0.36000E+02, 0.53481E+03, 0.25182E+00, 0.12968E-01
 0.20000E+01, 0.36000E+02, 0.53607E+03, 0.26376E+00, 0.12401E-01
 0.30000E+01, 0.36000E+02, 0.55640E+03, 0.26197E+00, 0.12799E-01
 0.40000E+01, 0.36000E+02, 0.57120E+03, 0.27210E+00, 0.12542E-01
 0.50000E+01, 0.36000E+02, 0.57881E+03, 0.26464E+00, 0.13012E-01
 0.60000E+01, 0.36000E+02, 0.22194E+03, 0.26920E+00, 0.74333E-02
 0.70000E+01, 0.36000E+02, 0.20524E+03, 0.24414E+00, 0.79199E-02
 0.80000E+01, 0.36000E+02, 0.36715E+03, 0.33305E+00, 0.77706E-02
 0.90000E+01, 0.36000E+02, 0.36512E+03, 0.42302E+00, 0.60985E-02
 0.10000E+02, 0.36000E+02, 0.36992E+03, 0.38358E+00, 0.67761E-02
 0.11000E+02, 0.36000E+02, 0.37723E+03, 0.35668E+00, 0.73699E-02
 0.12000E+02, 0.36000E+02, 0.39103E+03, 0.20057E+00, 0.13384E-01
 0.13000E+02, 0.36000E+02, 0.39451E+03, 0.19590E+00, 0.13775E-01
 0.14000E+02, 0.36000E+02, 0.39242E+03, 0.19094E+00, 0.14089E-01
 0.15000E+02, 0.36000E+02, 0.41485E+03, 0.16476E+00, 0.16878E-01
 0.16000E+02, 0.36000E+02, 0.41600E+03, 0.16606E+00, 0.16774E-01
 0.17000E+02, 0.36000E+02, 0.41460E+03, 0.16504E+00, 0.16843E-01
 0.18000E+02, 0.36000E+02, 0.40559E+03, 0.31636E+00, 0.86715E-02
 0.19000E+02, 0.36000E+02, 0.40826E+03, 0.43797E+00, 0.62885E-02
 0.20000E+02, 0.36000E+02, 0.40201E+03, 0.41245E+00, 0.66163E-02
 0.21000E+02, 0.36000E+02, 0.39730E+03, 0.48266E+00, 0.56144E-02
 0.22000E+02, 0.36000E+02, 0.41515E+03, 0.38692E+00, 0.71901E-02
 0.23000E+02, 0.36000E+02, 0.41671E+03, 0.42624E+00, 0.65416E-02
 0.24000E+02, 0.36000E+02, 0.41954E+03, 0.93998E+00, 0.29785E-02
 0.25000E+02, 0.36000E+02, 0.44727E+03, 0.44410E+00, 0.65567E-02
 0.26000E+02, 0.36000E+02, 0.46239E+03, 0.49000E+00, 0.60672E-02
 0.27000E+02, 0.36000E+02, 0.52042E+03, 0.33058E+00, 0.97025E-02
 0.28000E+02, 0.36000E+02, 0.56588E+03, 0.31999E+00, 0.10598E-01
 0.29000E+02, 0.36000E+02, 0.70313E+03, 0.25115E+00, 0.15712E-01
 0.30000E+02, 0.36000E+02, 0.63217E+03, 0.30581E+00, 0.11965E-01
 0.31000E+02, 0.36000E+02, 0.51889E+03, 0.37991E+00, 0.84265E-02
 0.32000E+02, 0.36000E+02, 0.51872E+03, 0.35319E+00, 0.90621E-02
 0.33000E+02, 0.36000E+02, 0.46733E+03, 0.45354E+00, 0.65990E-02
 0.34000E+02, 0.36000E+02, 0.44324E+03, 0.32609E+00, 0.88794E-02
 0.35000E+02, 0.36000E+02, 0.47974E+03, 0.34479E+00, 0.88258E-02
 0.36000E+02, 0.36000E+02, 0.46367E+03, 0.32169E+00, 0.92578E-02
 0.37000E+02, 0.36000E+02, 0.50767E+03, 0.27737E+00, 0.11378E-01
 0.38000E+02, 0.36000E+02, 0.45995E+03, 0.21661E+00, 0.13679E-01
 0.39000E+02, 0.36000E+02, 0.44140E+03, 0.22381E+00, 0.12904E-01
 0.40000E+02, 0.36000E+02, 0.46962E+03, 0.21146E+00, 0.14197E-01
 0.41000E+02, 0.36000E+02, 0.51218E+03, 0.20892E+00, 0.15193E-01
 0.42000E+02, 0.36000E+02, 0.53599E+03, 0.22930E+00, 0.14263E-01
 0.43000E+02, 0.36000E+02, 0.54599E+03, 0.25083E+00, 0.13199E-01
 0.44000E+02, 0.36000E+02, 0.55615E+03, 0.25083E+00, 0.13363E-01
 0.45000E+02, 0.36000E+02, 0.58170E+03, 0.24054E+00, 0.14364E-01
 0.46000E+02, 0.36000E+02, 0.61374E+03, 0.23050E+00, 0.15552E-01
 0.47000E+02, 0.36000E+02, 0.70484E+03, 0.22758E+00, 0.17369E-01
 0.48000E+02, 0.36000E+02, 0.73198E+03, 0.20093E+00, 0.20219E-01
 0.49000E+02, 0.36000E+02, 0.72110E+03, 0.16211E+00, 0.24790E-01
 0.50000E+02, 0.36000E+02, 0.63930E+03, 0.27716E+00, 0.13306E-01
 0.51000E+02, 0.36000E+02, 0.60903E+03, 0.25904E+00, 0.13765E-01
 0.52000E+02, 0.36000E+02, 0.57938E+03, 0.20921E+00, 0.16470E-01
 0.53000E+02, 0.36000E+02, 0.55188E+03, 0.22228E+00, 0.15002E-01
 0.54000E+02, 0.36000E+02, 0.54370E+03, 0.23670E+00, 0.13948E-01
 0.55000E+02, 0.36000E+02, 0.53330E+03, 0.23463E+00, 0.13893E-01
 0.56000E+02, 0.36000E+02, 0.51068E+03, 0.21388E+00, 0.14812E-01
 0.57000E+02, 0.36000E+02, 0.49104E+03, 0.20381E+00, 0.15155E-01
 0.58000E+02, 0.36000E+02, 0.49111E+03, 0.16450E+00, 0.18778E-01
 0.59000E+02, 0.36000E+02, 0.50394E+03, 0.16484E+00, 0.19054E-01
 0.60000E+02, 0.36000E+02, 0.56357E+03, 0.17304E+00, 0.19544E-01
 0.61000E+02, 0.36000E+02, 0.71439E+03, 0.17179E+00, 0.23234E-01
 0.62000E+02, 0.36000E+02, 0.75342E+03, 0.18196E+00, 0.22802E-01
 0.63000E+02, 0.36000E+02, 0.72700E+03, 0.20668E+00, 0.19559E-01
 0.64000E+02, 0.36000E+02, 0.72351E+03, 0.21850E+00, 0.18436E-01
 0.65000E+02, 0.36000E+02, 0.74780E+03, 0.27235E+00, 0.15151E-01
 0.00000E+00, 0.37000E+02, 0.49961E+03, 0.25080E+00, 0.12454E-01
 0.10000E+01, 0.37000E+02, 0.57054E+03, 0.24357E+00, 0.14000E-01
 0.20000E+01, 0.37000E+02, 0.57031E+03, 0.25661E+00, 0.13285E-01
 0.30000E+01, 0.37000E+02, 0.57519E+03, 0.25943E+00, 0.13217E-01
 0.40000E+01, 0.37000E+02, 0.59114E+03, 0.26534E+00, 0.13165E-01
 0.50000E+01, 0.37000E+02, 0.58814E+03, 0.25753E+00, 0.13518E-01
 0.60000E+01, 0.37000E+02, 0.27011E+03, 0.30135E+00, 0.72864E-02
 0.70000E+01, 0.37000E+02, 0.28545E+03, 0.29700E+00, 0.76019E-02
 0.80000E+01, 0.37000E+02, 0.36974E+03, 0.29125E+00, 0.89216E-02
 0.90000E+01, 0.37000E+02, 0.37268E+03, 0.35877E+00, 0.72759E-02
 0.10000E+02, 0.37000E+02, 0.38243E+03, 0.33232E+00, 0.79735E-02
 0.11000E+02, 0.37000E+02, 0.38756E+03, 0.26725E+00, 0.99924E-02
 0.12000E+02, 0.37000E+02, 0.38326E+03, 0.21282E+00, 0.12467E-01
 0.13000E+02, 0.37000E+02, 0.39794E+03, 0.18972E+00, 0.14297E-01
 0.14000E+02, 0.37000E+02, 0.39307E+03, 0.18420E+00, 0.14619E-01
 0.15000E+02, 0.37000E+02, 0.40458E+03, 0.16675E+00, 0.16427E-01
 0.16000E+02, 0.37000E+02, 0.41205E+03, 0.23634E+00, 0.11718E-01
 0.17000E+02, 0.37000E+02, 0.40604E+03, 0.37702E+00, 0.72811E-02
 0.18000E+02, 0.37000E+02, 0.41205E+03, 0.36923E+00, 0.75006E-02
 0.19000E+02, 0.37000E+02, 0.41500E+03, 0.49380E+00, 0.56325E-02
 0.20000E+02, 0.37000E+02, 0.40959E+03, 0.45431E+00, 0.60742E-02
 0.21000E+02, 0.37000E+02, 0.40169E+03, 0.40221E+00, 0.67815E-02
 0.22000E+02, 0.37000E+02, 0.41957E+03, 0.32354E+00, 0.86539E-02
 0.23000E+02, 0.37000E+02, 0.42408E+03, 0.29203E+00, 0.96498E-02
 0.24000E+02, 0.37000E+02, 0.42799E+03, 0.57453E+00, 0.49326E-02
 0.25000E+02, 0.37000E+02, 0.47030E+03, 0.35117E+00, 0.85567E-02
 0.26000E+02, 0.37000E+02, 0.48722E+03, 0.32607E+00, 0.94252E-02
 0.27000E+02, 0.37000E+02, 0.53698E+03, 0.31033E+00, 0.10551E-01
 0.28000E+02, 0.37000E+02, 0.59743E+03, 0.26318E+00, 0.13370E-01
 0.29000E+02, 0.37000E+02, 0.57650E+03, 0.26723E+00, 0.12851E-01
 0.30000E+02, 0.37000E+02, 0.49642E+03, 0.32335E+00, 0.96195E-02
 0.31000E+02, 0.37000E+02, 0.49937E+03, 0.31823E+00, 0.98117E-02
 0.32000E+02, 0.37000E+02, 0.48543E+03, 0.31140E+00, 0.98460E-02
 0.33000E+02, 0.37000E+02, 0.45432E+03, 0.32553E+00, 0.90325E-02
 0.34000E+02, 0.37000E+02, 0.44804E+03, 0.33389E+00, 0.87303E-02
 0.35000E+02, 0.37000E+02, 0.44971E+03, 0.31756E+00, 0.92005E-02
 0.36000E+02, 0.37000E+02, 0.44735E+03, 0.29461E+00, 0.98849E-02
 0.37000E+02, 0.37000E+02, 0.51037E+03, 0.23175E+00, 0.13665E-01
 0.38000E+02, 0.37000E+02, 0.52364E+03, 0.21066E+00, 0.15288E-01
 0.39000E+02, 0.37000E+02, 0.44700E+03, 0.22383E+00, 0.13004E-01
 0.40000E+02, 0.37000E+02, 0.45326E+03, 0.23418E+00, 0.12537E-01
 0.41000E+02, 0.37000E+02, 0.47173E+03, 0.23151E+00, 0.13004E-01
 0.42000E+02, 0.37000E+02, 0.50230E+03, 0.22769E+00, 0.13766E-01
 0.43000E+02, 0.37000E+02, 0.51678E+03, 0.22797E+00, 0.14005E-01
 0.44000E+02, 0.37000E+02, 0.52666E+03, 0.23334E+00, 0.13854E-01
 0.45000E+02, 0.37000E+02, 0.53238E+03, 0.24933E+00, 0.13058E-01
 0.46000E+02, 0.37000E+02, 0.59513E+03, 0.27064E+00, 0.12967E-01
 0.47000E+02, 0.37000E+02, 0.65158E+03, 0.25771E+00, 0.14503E-01
 0.48000E+02, 0.37000E+02, 0.70462E+03, 0.23290E+00, 0.16969E-01
 0.49000E+02, 0.37000E+02, 0.67507E+03, 0.24694E+00, 0.15520E-01
 0.50000E+02, 0.37000E+02, 0.60639E+03, 0.27767E+00, 0.12803E-01
 0.51000E+02, 0.37000E+02, 0.59548E+03, 0.25825E+00, 0.13595E-01
 0.52000E+02, 0.37000E+02, 0.56207E+03, 0.25090E+00, 0.13455E-01
 0.53000E+02, 0.37000E+02, 0.52349E+03, 0.24275E+00, 0.13264E-01
 0.54000E+02, 0.37000E+02, 0.51362E+03, 0.22918E+00, 0.13876E-01
 0.55000E+02, 0.37000E+02, 0.51690E+03, 0.23186E+00, 0.13772E-01
 0.56000E+02, 0.37000E+02, 0.51329E+03, 0.22951E+00, 0.13850E-01
 0.57000E+02, 0.37000E+02, 0.49273E+03, 0.22380E+00, 0.13832E-01
 0.58000E+02, 0.37000E+02, 0.52454E+03, 0.16505E+00, 0.19534E-01
 0.59000E+02, 0.37000E+02, 0.56281E+03, 0.16414E+00, 0.20585E-01
 0.60000E+02, 0.37000E+02, 0.61887E+03, 0.16135E+00, 0.22345E-01
 0.61000E+02, 0.37000E+02, 0.63879E+03, 0.17722E+00, 0.20799E-01
 0.62000E+02, 0.37000E+02, 0.62878E+03, 0.20897E+00, 0.17445E-01
 0.63000E+02, 0.37000E+02, 0.63655E+03, 0.21393E+00, 0.17188E-01
 0.64000E+02, 0.37000E+02, 0.62645E+03, 0.22785E+00, 0.15958E-01
 0.65000E+02, 0.37000E+02, 0.61898E+03, 0.23266E+00, 0.15499E-01
 0.00000E+00, 0.38000E+02, 0.51960E+03, 0.25279E+00, 0.12675E-01
 0.10000E+01, 0.38000E+02, 0.55308E+03, 0.23908E+00, 0.13968E-01
 0.20000E+01, 0.38000E+02, 0.58278E+03, 0.24465E+00, 0.14141E-01
 0.30000E+01, 0.38000E+02, 0.56213E+03, 0.23587E+00, 0.14313E-01
 0.40000E+01, 0.38000E+02, 0.50125E+03, 0.22520E+00, 0.13899E-01
 0.50000E+01, 0.38000E+02, 0.56679E+03, 0.22788E+00, 0.14898E-01
 0.60000E+01, 0.38000E+02, 0.28254E+03, 0.29713E+00, 0.75590E-02
 0.70000E+01, 0.38000E+02, 0.28314E+03, 0.28794E+00, 0.78087E-02
 0.80000E+01, 0.38000E+02, 0.37483E+03, 0.30531E+00, 0.85783E-02
 0.90000E+01, 0.38000E+02, 0.37729E+03, 0.31746E+00, 0.82812E-02
 0.10000E+02, 0.38000E+02, 0.37983E+03, 0.31725E+00, 0.83193E-02
 0.11000E+02, 0.38000E+02, 0.38756E+03, 0.28437E+00, 0.93910E-02
 0.12000E+02, 0.38000E+02, 0.39937E+03, 0.21676E+00, 0.12540E-01
 0.13000E+02, 0.38000E+02, 0.40562E+03, 0.17864E+00, 0.15358E-01
 0.14000E+02, 0.38000E+02, 0.39102E+03, 0.18234E+00, 0.14723E-01
 0.15000E+02, 0.38000E+02, 0.38092E+03, 0.16426E+00, 0.16094E-01
 0.16000E+02, 0.38000E+02, 0.39899E+03, 0.19260E+00, 0.14105E-01
 0.17000E+02, 0.38000E+02, 0.40553E+03, 0.36236E+00, 0.75700E-02
 0.18000E+02, 0.38000E+02, 0.40878E+03, 0.39057E+00, 0.70570E-02
 0.19000E+02, 0.38000E+02, 0.41236E+03, 0.40347E+00, 0.68673E-02
 0.20000E+02, 0.38000E+02, 0.40464E+03, 0.40537E+00, 0.67580E-02
 0.21000E+02, 0.38000E+02, 0.41732E+03, 0.33895E+00, 0.82336E-02
 0.22000E+02, 0.38000E+02, 0.42313E+03, 0.29997E+00, 0.93818E-02
 0.23000E+02, 0.38000E+02, 0.43030E+03, 0.27627E+00, 0.10292E-01
 0.24000E+02, 0.38000E+02, 0.43560E+03, 0.28717E+00, 0.99756E-02
 0.25000E+02, 0.38000E+02, 0.47636E+03, 0.29762E+00, 0.10179E-01
 0.26000E+02, 0.38000E+02, 0.49532E+03, 0.25672E+00, 0.12099E-01
 0.27000E+02, 0.38000E+02, 0.49174E+03, 0.25485E+00, 0.12131E-01
 0.28000E+02, 0.38000E+02, 0.49405E+03, 0.25271E+00, 0.12271E-01
 0.29000E+02, 0.38000E+02, 0.46755E+03, 0.26012E+00, 0.11509E-01
 0.30000E+02, 0.38000E+02, 0.46240E+03, 0.31741E+00, 0.93663E-02
 0.31000E+02, 0.38000E+02, 0.44973E+03, 0.30191E+00, 0.96775E-02
 0.32000E+02, 0.38000E+02, 0.45992E+03, 0.32526E+00, 0.91094E-02
 0.33000E+02, 0.38000E+02, 0.44759E+03, 0.38985E+00, 0.74724E-02
 0.34000E+02, 0.38000E+02, 0.44872E+03, 0.32732E+00, 0.89140E-02
 0.35000E+02, 0.38000E+02, 0.45103E+03, 0.25757E+00, 0.11364E-01
 0.36000E+02, 0.38000E+02, 0.46514E+03, 0.23824E+00, 0.12526E-01
 0.37000E+02, 0.38000E+02, 0.46892E+03, 0.21671E+00, 0.13840E-01
 0.38000E+02, 0.38000E+02, 0.48639E+03, 0.23357E+00, 0.13144E-01
 0.39000E+02, 0.38000E+02, 0.45150E+03, 0.25287E+00, 0.11583E-01
 0.40000E+02, 0.38000E+02, 0.44719E+03, 0.25071E+00, 0.11613E-01
 0.41000E+02, 0.38000E+02, 0.46400E+03, 0.23918E+00, 0.12457E-01
 0.42000E+02, 0.38000E+02, 0.47331E+03, 0.23796E+00, 0.12679E-01
 0.43000E+02, 0.38000E+02, 0.48485E+03, 0.23231E+00, 0.13188E-01
 0.44000E+02, 0.38000E+02, 0.50498E+03, 0.22673E+00, 0.13872E-01
 0.45000E+02, 0.38000E+02, 0.52578E+03, 0.25795E+00, 0.12519E-01
 0.46000E+02, 0.38000E+02, 0.57162E+03, 0.28578E+00, 0.11947E-01
 0.47000E+02, 0.38000E+02, 0.59427E+03, 0.30272E+00, 0.11582E-01
 0.48000E+02, 0.38000E+02, 0.61781E+03, 0.35295E+00, 0.10203E-01
 0.49000E+02, 0.38000E+02, 0.58557E+03, 0.36921E+00, 0.94005E-02
 0.50000E+02, 0.38000E+02, 0.54599E+03, 0.31838E+00, 0.10399E-01
 0.51000E+02, 0.38000E+02, 0.53027E+03, 0.27572E+00, 0.11777E-01
 0.52000E+02, 0.38000E+02, 0.52734E+03, 0.26479E+00, 0.12219E-01
 0.53000E+02, 0.38000E+02, 0.50518E+03, 0.23908E+00, 0.13158E-01
 0.54000E+02, 0.38000E+02, 0.50416E+03, 0.22908E+00, 0.13715E-01
 0.55000E+02, 0.38000E+02, 0.50718E+03, 0.22865E+00, 0.13794E-01
 0.56000E+02, 0.38000E+02, 0.51061E+03, 0.24047E+00, 0.13174E-01
 0.57000E+02, 0.38000E+02, 0.50178E+03, 0.19430E+00, 0.16120E-01
 0.58000E+02, 0.38000E+02, 0.54104E+03, 0.16475E+00, 0.19975E-01
 0.59000E+02, 0.38000E+02, 0.55816E+03, 0.17205E+00, 0.19529E-01
 0.60000E+02, 0.38000E+02, 0.56854E+03, 0.18009E+00, 0.18890E-01
 0.61000E+02, 0.38000E+02, 0.56897E+03, 0.19046E+00, 0.17871E-01
 0.62000E+02, 0.38000E+02, 0.60283E+03, 0.23967E+00, 0.14773E-01
 0.63000E+02, 0.38000E+02, 0.58597E+03, 0.24357E+00, 0.14256E-01
 0.64000E+02, 0.38000E+02, 0.55592E+03, 0.22724E+00, 0.14746E-01
 0.65000E+02, 0.38000E+02, 0.53534E+03, 0.23519E+00, 0.13894E-01
 0.00000E+00, 0.39000E+02, 0.52390E+03, 0.25281E+00, 0.12743E-01
 0.10000E+01, 0.39000E+02, 0.52793E+03, 0.23786E+00, 0.13612E-01
 0.20000E+01, 0.39000E+02, 0.54307E+03, 0.23516E+00, 0.14029E-01
 0.30000E+01, 0.39000E+02, 0.47461E+03, 0.23815E+00, 0.12691E-01
 0.40000E+01, 0.39000E+02, 0.38383E+03, 0.25573E+00, 0.10384E-01
 0.50000E+01, 0.39000E+02, 0.36787E+03, 0.25925E+00, 0.99938E-02
 0.60000E+01, 0.39000E+02, 0.34153E+03, 0.27804E+00, 0.89355E-02
 0.70000E+01, 0.39000E+02, 0.31993E+03, 0.27489E+00, 0.87204E-02
 0.80000E+01, 0.39000E+02, 0.37109E+03, 0.27979E+00, 0.93068E-02
 0.90000E+01, 0.39000E+02, 0.37216E+03, 0.28033E+00, 0.93042E-02
 0.10000E+02, 0.39000E+02, 0.37989E+03, 0.29202E+00, 0.90387E-02
 0.11000E+02, 0.39000E+02, 0.39668E+03, 0.26878E+00, 0.10073E-01
 0.12000E+02, 0.39000E+02, 0.40517E+03, 0.20119E+00, 0.13627E-01
 0.13000E+02, 0.39000E+02, 0.40386E+03, 0.18347E+00, 0.14915E-01
 0.14000E+02, 0.39000E+02, 0.38853E+03, 0.18955E+00, 0.14109E-01
 0.15000E+02, 0.39000E+02, 0.38317E+03, 0.17509E+00, 0.15150E-01
 0.16000E+02, 0.39000E+02, 0.39865E+03, 0.24514E+00, 0.11077E-01
 0.17000E+02, 0.39000E+02, 0.40737E+03, 0.33460E+00, 0.82203E-02
 0.18000E+02, 0.39000E+02, 0.40750E+03, 0.35658E+00, 0.77151E-02
 0.19000E+02, 0.39000E+02, 0.41103E+03, 0.37809E+00, 0.73139E-02
 0.20000E+02, 0.39000E+02, 0.39355E+03, 0.40552E+00, 0.66451E-02
 0.21000E+02, 0.39000E+02, 0.42120E+03, 0.31117E+00, 0.90191E-02
 0.22000E+02, 0.39000E+02, 0.42245E+03, 0.30377E+00, 0.92552E-02
 0.23000E+02, 0.39000E+02, 0.42710E+03, 0.27966E+00, 0.10121E-01
 0.24000E+02, 0.39000E+02, 0.43124E+03, 0.27959E+00, 0.10183E-01
 0.25000E+02, 0.39000E+02, 0.45071E+03, 0.33188E+00, 0.88155E-02
 0.26000E+02, 0.39000E+02, 0.46165E+03, 0.26624E+00, 0.11155E-01
 0.27000E+02, 0.39000E+02, 0.45391E+03, 0.24186E+00, 0.12150E-01
 0.28000E+02, 0.39000E+02, 0.43019E+03, 0.21528E+00, 0.13205E-01
 0.29000E+02, 0.39000E+02, 0.43776E+03, 0.25955E+00, 0.11071E-01
 0.30000E+02, 0.39000E+02, 0.44551E+03, 0.30439E+00, 0.95427E-02
 0.31000E+02, 0.39000E+02, 0.43414E+03, 0.27059E+00, 0.10565E-01
 0.32000E+02, 0.39000E+02, 0.45471E+03, 0.31064E+00, 0.94704E-02
 0.33000E+02, 0.39000E+02, 0.44898E+03, 0.34195E+00, 0.85356E-02
 0.34000E+02, 0.39000E+02, 0.44781E+03, 0.27038E+00, 0.10778E-01
 0.35000E+02, 0.39000E+02, 0.44742E+03, 0.25642E+00, 0.11358E-01
 0.36000E+02, 0.39000E+02, 0.44391E+03, 0.25445E+00, 0.11390E-01
 0.37000E+02, 0.39000E+02, 0.43394E+03, 0.24903E+00, 0.11476E-01
 0.38000E+02, 0.39000E+02, 0.42869E+03, 0.21627E+00, 0.13116E-01
 0.39000E+02, 0.39000E+02, 0.43097E+03, 0.26316E+00, 0.10814E-01
 0.40000E+02, 0.39000E+02, 0.43849E+03, 0.29501E+00, 0.97500E-02
 0.41000E+02, 0.39000E+02, 0.45816E+03, 0.25317E+00, 0.11675E-01
 0.42000E+02, 0.39000E+02, 0.46914E+03, 0.25821E+00, 0.11619E-01
 0.43000E+02, 0.39000E+02, 0.48267E+03, 0.28773E+00, 0.10617E-01
 0.44000E+02, 0.39000E+02, 0.49369E+03, 0.24906E+00, 0.12445E-01
 0.45000E+02, 0.39000E+02, 0.51612E+03, 0.27173E+00, 0.11740E-01
 0.46000E+02, 0.39000E+02, 0.53348E+03, 0.29604E+00, 0.11013E-01
 0.47000E+02, 0.39000E+02, 0.56339E+03, 0.31309E+00, 0.10799E-01
 0.48000E+02, 0.39000E+02, 0.59618E+03, 0.30534E+00, 0.11508E-01
 0.49000E+02, 0.39000E+02, 0.58902E+03, 0.32384E+00, 0.10761E-01
 0.50000E+02, 0.39000E+02, 0.55566E+03, 0.35241E+00, 0.95056E-02
 0.51000E+02, 0.39000E+02, 0.50804E+03, 0.25467E+00, 0.12398E-01
 0.52000E+02, 0.39000E+02, 0.49533E+03, 0.25091E+00, 0.12379E-01
 0.53000E+02, 0.39000E+02, 0.49246E+03, 0.24955E+00, 0.12400E-01
 0.54000E+02, 0.39000E+02, 0.49622E+03, 0.25204E+00, 0.12338E-01
 0.55000E+02, 0.39000E+02, 0.49594E+03, 0.22878E+00, 0.13587E-01
 0.56000E+02, 0.39000E+02, 0.49674E+03, 0.22445E+00, 0.13864E-01
 0.57000E+02, 0.39000E+02, 0.49377E+03, 0.21607E+00, 0.14346E-01
 0.58000E+02, 0.39000E+02, 0.50750E+03, 0.18184E+00, 0.17352E-01
 0.59000E+02, 0.39000E+02, 0.53504E+03, 0.16860E+00, 0.19374E-01
 0.60000E+02, 0.39000E+02, 0.54643E+03, 0.18374E+00, 0.18029E-01
 0.61000E+02, 0.39000E+02, 0.54314E+03, 0.19840E+00, 0.16629E-01
 0.62000E+02, 0.39000E+02, 0.51066E+03, 0.28122E+00, 0.11265E-01
 0.63000E+02, 0.39000E+02, 0.55292E+03, 0.24716E+00, 0.13509E-01
 0.64000E+02, 0.39000E+02, 0.52701E+03, 0.23571E+00, 0.13720E-01
 0.65000E+02, 0.39000E+02, 0.51327E+03, 0.22524E+00, 0.14112E-01
 0.00000E+00, 0.40000E+02, 0.51470E+03, 0.25875E+00, 0.12307E-01
 0.10000E+01, 0.40000E+02, 0.41726E+03, 0.25107E+00, 0.11114E-01
 0.20000E+01, 0.40000E+02, 0.38886E+03, 0.24771E+00, 0.10802E-01
 0.30000E+01, 0.40000E+02, 0.37517E+03, 0.24449E+00, 0.10718E-01
 0.40000E+01, 0.40000E+02, 0.40790E+03, 0.23753E+00, 0.11589E-01
 0.50000E+01, 0.40000E+02, 0.38999E+03, 0.23292E+00, 0.11508E-01
 0.60000E+01, 0.40000E+02, 0.30703E+03, 0.25905E+00, 0.90523E-02
 0.70000E+01, 0.40000E+02, 0.30236E+03, 0.23539E+00, 0.98820E-02
 0.80000E+01, 0.40000E+02, 0.36173E+03, 0.23348E+00, 0.10990E-01
 0.90000E+01, 0.40000E+02, 0.35497E+03, 0.21882E+00, 0.11602E-01
 0.10000E+02, 0.40000E+02, 0.36529E+03, 0.25160E+00, 0.10256E-01
 0.11000E+02, 0.40000E+02, 0.38135E+03, 0.28289E+00, 0.93513E-02
 0.12000E+02, 0.40000E+02, 0.39430E+03, 0.29574E+00, 0.91219E-02
 0.13000E+02, 0.40000E+02, 0.39569E+03, 0.22645E+00, 0.11938E-01
 0.14000E+02, 0.40000E+02, 0.38701E+03, 0.20013E+00, 0.13333E-01
 0.15000E+02, 0.40000E+02, 0.39215E+03, 0.22765E+00, 0.11812E-01
 0.16000E+02, 0.40000E+02, 0.40058E+03, 0.31384E+00, 0.86768E-02
 0.17000E+02, 0.40000E+02, 0.40835E+03, 0.31703E+00, 0.86886E-02
 0.18000E+02, 0.40000E+02, 0.40918E+03, 0.32723E+00, 0.84280E-02
 0.19000E+02, 0.40000E+02, 0.40356E+03, 0.35076E+00, 0.77978E-02
 0.20000E+02, 0.40000E+02, 0.39062E+03, 0.40004E+00, 0.67065E-02
 0.21000E+02, 0.40000E+02, 0.41722E+03, 0.32482E+00, 0.85904E-02
 0.22000E+02, 0.40000E+02, 0.42201E+03, 0.30929E+00, 0.90845E-02
 0.23000E+02, 0.40000E+02, 0.42876E+03, 0.26415E+00, 0.10740E-01
 0.24000E+02, 0.40000E+02, 0.43656E+03, 0.26375E+00, 0.10876E-01
 0.25000E+02, 0.40000E+02, 0.44985E+03, 0.28868E+00, 0.10123E-01
 0.26000E+02, 0.40000E+02, 0.45461E+03, 0.29077E+00, 0.10116E-01
 0.27000E+02, 0.40000E+02, 0.44028E+03, 0.21676E+00, 0.13303E-01
 0.28000E+02, 0.40000E+02, 0.43974E+03, 0.21392E+00, 0.13470E-01
 0.29000E+02, 0.40000E+02, 0.42679E+03, 0.21563E+00, 0.13120E-01
 0.30000E+02, 0.40000E+02, 0.43108E+03, 0.24928E+00, 0.11419E-01
 0.31000E+02, 0.40000E+02, 0.42858E+03, 0.26236E+00, 0.10810E-01
 0.32000E+02, 0.40000E+02, 0.43349E+03, 0.27557E+00, 0.10365E-01
 0.33000E+02, 0.40000E+02, 0.45024E+03, 0.27417E+00, 0.10664E-01
 0.34000E+02, 0.40000E+02, 0.44748E+03, 0.25391E+00, 0.11471E-01
 0.35000E+02, 0.40000E+02, 0.43784E+03, 0.24000E+00, 0.11974E-01
 0.36000E+02, 0.40000E+02, 0.44008E+03, 0.24727E+00, 0.11659E-01
 0.37000E+02, 0.40000E+02, 0.42318E+03, 0.21845E+00, 0.12884E-01
 0.38000E+02, 0.40000E+02, 0.41281E+03, 0.24222E+00, 0.11446E-01
 0.39000E+02, 0.40000E+02, 0.42963E+03, 0.25389E+00, 0.11188E-01
 0.40000E+02, 0.40000E+02, 0.44479E+03, 0.28580E+00, 0.10153E-01
 0.41000E+02, 0.40000E+02, 0.45735E+03, 0.26051E+00, 0.11334E-01
 0.42000E+02, 0.40000E+02, 0.47070E+03, 0.27795E+00, 0.10817E-01
 0.43000E+02, 0.40000E+02, 0.48628E+03, 0.33174E+00, 0.92527E-02
 0.44000E+02, 0.40000E+02, 0.50285E+03, 0.32880E+00, 0.95390E-02
 0.45000E+02, 0.40000E+02, 0.52405E+03, 0.36469E+00, 0.88353E-02
 0.46000E+02, 0.40000E+02, 0.55141E+03, 0.38983E+00, 0.85492E-02
 0.47000E+02, 0.40000E+02, 0.59182E+03, 0.39287E+00, 0.88988E-02
 0.48000E+02, 0.40000E+02, 0.59647E+03, 0.30119E+00, 0.11670E-01
 0.49000E+02, 0.40000E+02, 0.58999E+03, 0.29781E+00, 0.11715E-01
 0.50000E+02, 0.40000E+02, 0.55828E+03, 0.34667E+00, 0.96937E-02
 0.51000E+02, 0.40000E+02, 0.51579E+03, 0.28997E+00, 0.10997E-01
 0.52000E+02, 0.40000E+02, 0.48801E+03, 0.23556E+00, 0.13061E-01
 0.53000E+02, 0.40000E+02, 0.49271E+03, 0.23161E+00, 0.13365E-01
 0.54000E+02, 0.40000E+02, 0.49762E+03, 0.24304E+00, 0.12818E-01
 0.55000E+02, 0.40000E+02, 0.48652E+03, 0.22802E+00, 0.13466E-01
 0.56000E+02, 0.40000E+02, 0.48670E+03, 0.20314E+00, 0.15119E-01
 0.57000E+02, 0.40000E+02, 0.48901E+03, 0.21909E+00, 0.14060E-01
 0.58000E+02, 0.40000E+02, 0.50691E+03, 0.17365E+00, 0.18156E-01
 0.59000E+02, 0.40000E+02, 0.52004E+03, 0.18836E+00, 0.17020E-01
 0.60000E+02, 0.40000E+02, 0.53643E+03, 0.19104E+00, 0.17128E-01
 0.61000E+02, 0.40000E+02, 0.53232E+03, 0.20093E+00, 0.16202E-01
 0.62000E+02, 0.40000E+02, 0.50471E+03, 0.23280E+00, 0.13505E-01
 0.63000E+02, 0.40000E+02, 0.51041E+03, 0.25119E+00, 0.12608E-01
 0.64000E+02, 0.40000E+02, 0.50767E+03, 0.24881E+00, 0.12684E-01
 0.65000E+02, 0.40000E+02, 0.48628E+03, 0.28941E+00, 0.10606E-01
 0.00000E+00, 0.41000E+02, 0.65437E+03, 0.27844E+00, 0.13464E-01
 0.10000E+01, 0.41000E+02, 0.57162E+03, 0.22203E+00, 0.15378E-01
 0.20000E+01, 0.41000E+02, 0.43345E+03, 0.23981E+00, 0.11909E-01
 0.30000E+01, 0.41000E+02, 0.42831E+03, 0.23604E+00, 0.12011E-01
 0.40000E+01, 0.41000E+02, 0.42801E+03, 0.23435E+00, 0.12093E-01
 0.50000E+01, 0.41000E+02, 0.40900E+03, 0.22991E+00, 0.11992E-01
 0.60000E+01, 0.41000E+02, 0.28120E+03, 0.23437E+00, 0.95599E-02
 0.70000E+01, 0.41000E+02, 0.29157E+03, 0.23431E+00, 0.97415E-02
 0.80000E+01, 0.41000E+02, 0.34569E+03, 0.18722E+00, 0.13360E-01
 0.90000E+01, 0.41000E+02, 0.34862E+03, 0.21081E+00, 0.11921E-01
 0.10000E+02, 0.41000E+02, 0.35409E+03, 0.23804E+00, 0.10650E-01
 0.11000E+02, 0.41000E+02, 0.37642E+03, 0.26306E+00, 0.99806E-02
 0.12000E+02, 0.41000E+02, 0.39525E+03, 0.29608E+00, 0.91245E-02
 0.13000E+02, 0.41000E+02, 0.39223E+03, 0.32122E+00, 0.83723E-02
 0.14000E+02, 0.41000E+02, 0.39697E+03, 0.28339E+00, 0.95577E-02
 0.15000E+02, 0.41000E+02, 0.40014E+03, 0.29143E+00, 0.93377E-02
 0.16000E+02, 0.41000E+02, 0.41218E+03, 0.27765E+00, 0.99767E-02
 0.17000E+02, 0.41000E+02, 0.41434E+03, 0.30124E+00, 0.92242E-02
 0.18000E+02, 0.41000E+02, 0.40094E+03, 0.33911E+00, 0.80345E-02
 0.19000E+02, 0.41000E+02, 0.39917E+03, 0.34579E+00, 0.78586E-02
 0.20000E+02, 0.41000E+02, 0.40333E+03, 0.34527E+00, 0.79190E-02
 0.21000E+02, 0.41000E+02, 0.41502E+03, 0.32098E+00, 0.86655E-02
 0.22000E+02, 0.41000E+02, 0.42250E+03, 0.31043E+00, 0.90574E-02
 0.23000E+02, 0.41000E+02, 0.43110E+03, 0.25189E+00, 0.11300E-01
 0.24000E+02, 0.41000E+02, 0.43382E+03, 0.25739E+00, 0.11102E-01
 0.25000E+02, 0.41000E+02, 0.43669E+03, 0.24352E+00, 0.11782E-01
 0.26000E+02, 0.41000E+02, 0.44276E+03, 0.24915E+00, 0.11614E-01
 0.27000E+02, 0.41000E+02, 0.44089E+03, 0.20663E+00, 0.13967E-01
 0.28000E+02, 0.41000E+02, 0.44505E+03, 0.20235E+00, 0.14346E-01
 0.29000E+02, 0.41000E+02, 0.44268E+03, 0.22295E+00, 0.12977E-01
 0.30000E+02, 0.41000E+02, 0.43651E+03, 0.24077E+00, 0.11913E-01
 0.31000E+02, 0.41000E+02, 0.44463E+03, 0.26326E+00, 0.11020E-01
 0.32000E+02, 0.41000E+02, 0.43152E+03, 0.27307E+00, 0.10430E-01
 0.33000E+02, 0.41000E+02, 0.44701E+03, 0.26222E+00, 0.11100E-01
 0.34000E+02, 0.41000E+02, 0.44777E+03, 0.24980E+00, 0.11665E-01
 0.35000E+02, 0.41000E+02, 0.43927E+03, 0.24279E+00, 0.11860E-01
 0.36000E+02, 0.41000E+02, 0.43281E+03, 0.24480E+00, 0.11656E-01
 0.37000E+02, 0.41000E+02, 0.40764E+03, 0.22608E+00, 0.12171E-01
 0.38000E+02, 0.41000E+02, 0.42007E+03, 0.26079E+00, 0.10744E-01
 0.39000E+02, 0.41000E+02, 0.42928E+03, 0.28566E+00, 0.99386E-02
 0.40000E+02, 0.41000E+02, 0.44019E+03, 0.27517E+00, 0.10478E-01
 0.41000E+02, 0.41000E+02, 0.45322E+03, 0.27178E+00, 0.10802E-01
 0.42000E+02, 0.41000E+02, 0.46707E+03, 0.29106E+00, 0.10279E-01
 0.43000E+02, 0.41000E+02, 0.49255E+03, 0.34941E+00, 0.88572E-02
 0.44000E+02, 0.41000E+02, 0.50970E+03, 0.37650E+00, 0.84040E-02
 0.45000E+02, 0.41000E+02, 0.54299E+03, 0.34820E+00, 0.94735E-02
 0.46000E+02, 0.41000E+02, 0.64588E+03, 0.30184E+00, 0.12306E-01
 0.47000E+02, 0.41000E+02, 0.66527E+03, 0.39188E+00, 0.96789E-02
 0.48000E+02, 0.41000E+02, 0.64630E+03, 0.38860E+00, 0.95633E-02
 0.49000E+02, 0.41000E+02, 0.61453E+03, 0.41100E+00, 0.87295E-02
 0.50000E+02, 0.41000E+02, 0.57739E+03, 0.36914E+00, 0.93129E-02
 0.51000E+02, 0.41000E+02, 0.51474E+03, 0.30258E+00, 0.10525E-01
 0.52000E+02, 0.41000E+02, 0.47762E+03, 0.26496E+00, 0.11453E-01
 0.53000E+02, 0.41000E+02, 0.47674E+03, 0.24165E+00, 0.12543E-01
 0.54000E+02, 0.41000E+02, 0.48072E+03, 0.23475E+00, 0.12980E-01
 0.55000E+02, 0.41000E+02, 0.47798E+03, 0.21456E+00, 0.14150E-01
 0.56000E+02, 0.41000E+02, 0.48023E+03, 0.19642E+00, 0.15502E-01
 0.57000E+02, 0.41000E+02, 0.48713E+03, 0.19982E+00, 0.15378E-01
 0.58000E+02, 0.41000E+02, 0.48297E+03, 0.19476E+00, 0.15692E-01
 0.59000E+02, 0.41000E+02, 0.49803E+03, 0.19551E+00, 0.15943E-01
 0.60000E+02, 0.41000E+02, 0.52688E+03, 0.18959E+00, 0.17056E-01
 0.61000E+02, 0.41000E+02, 0.51623E+03, 0.20344E+00, 0.15683E-01
 0.62000E+02, 0.41000E+02, 0.50029E+03, 0.21099E+00, 0.14816E-01
 0.63000E+02, 0.41000E+02, 0.50380E+03, 0.21815E+00, 0.14395E-01
 0.64000E+02, 0.41000E+02, 0.48417E+03, 0.26430E+00, 0.11581E-01
 0.65000E+02, 0.41000E+02, 0.48007E+03, 0.29216E+00, 0.10420E-01
 0.00000E+00, 0.42000E+02, 0.82115E+03, 0.28391E+00, 0.15579E-01
 0.10000E+01, 0.42000E+02, 0.75337E+03, 0.25447E+00, 0.16305E-01
 0.20000E+01, 0.42000E+02, 0.50089E+03, 0.22005E+00, 0.14218E-01
 0.30000E+01, 0.42000E+02, 0.44336E+03, 0.21430E+00, 0.13513E-01
 0.40000E+01, 0.42000E+02, 0.41738E+03, 0.20815E+00, 0.13408E-01
 0.50000E+01, 0.42000E+02, 0.46265E+03, 0.21999E+00, 0.13519E-01
 0.60000E+01, 0.42000E+02, 0.26955E+03, 0.24361E+00, 0.90043E-02
 0.70000E+01, 0.42000E+02, 0.26280E+03, 0.23288E+00, 0.93020E-02
 0.80000E+01, 0.42000E+02, 0.33207E+03, 0.17977E+00, 0.13607E-01
 0.90000E+01, 0.42000E+02, 0.34414E+03, 0.23591E+00, 0.10576E-01
 0.10000E+02, 0.42000E+02, 0.34913E+03, 0.23864E+00, 0.10540E-01
 0.11000E+02, 0.42000E+02, 0.36890E+03, 0.25264E+00, 0.10272E-01
 0.12000E+02, 0.42000E+02, 0.39318E+03, 0.26969E+00, 0.99862E-02
 0.13000E+02, 0.42000E+02, 0.39886E+03, 0.27755E+00, 0.97863E-02
 0.14000E+02, 0.42000E+02, 0.39733E+03, 0.29990E+00, 0.90364E-02
 0.15000E+02, 0.42000E+02, 0.40502E+03, 0.29223E+00, 0.93798E-02
 0.16000E+02, 0.42000E+02, 0.41491E+03, 0.29400E+00, 0.94592E-02
 0.17000E+02, 0.42000E+02, 0.41250E+03, 0.29979E+00, 0.92442E-02
 0.18000E+02, 0.42000E+02, 0.39492E+03, 0.34633E+00, 0.77967E-02
 0.19000E+02, 0.42000E+02, 0.38322E+03, 0.37082E+00, 0.71542E-02
 0.20000E+02, 0.42000E+02, 0.40352E+03, 0.33276E+00, 0.82192E-02
 0.21000E+02, 0.42000E+02, 0.41405E+03, 0.31567E+00, 0.87989E-02
 0.22000E+02, 0.42000E+02, 0.42372E+03, 0.28689E+00, 0.98178E-02
 0.23000E+02, 0.42000E+02, 0.43110E+03, 0.25022E+00, 0.11376E-01
 0.24000E+02, 0.42000E+02, 0.43533E+03, 0.25627E+00, 0.11174E-01
 0.25000E+02, 0.42000E+02, 0.44007E+03, 0.22806E+00, 0.12640E-01
 0.26000E+02, 0.42000E+02, 0.43820E+03, 0.21608E+00, 0.13306E-01
 0.27000E+02, 0.42000E+02, 0.44960E+03, 0.20750E+00, 0.14078E-01
 0.28000E+02, 0.42000E+02, 0.45168E+03, 0.20638E+00, 0.14195E-01
 0.29000E+02, 0.42000E+02, 0.44606E+03, 0.20965E+00, 0.13865E-01
 0.30000E+02, 0.42000E+02, 0.44477E+03, 0.22805E+00, 0.12724E-01
 0.31000E+02, 0.42000E+02, 0.44018E+03, 0.26045E+00, 0.11070E-01
 0.32000E+02, 0.42000E+02, 0.43122E+03, 0.27809E+00, 0.10237E-01
 0.33000E+02, 0.42000E+02, 0.43289E+03, 0.27188E+00, 0.10496E-01
 0.34000E+02, 0.42000E+02, 0.43317E+03, 0.25193E+00, 0.11332E-01
 0.35000E+02, 0.42000E+02, 0.42449E+03, 0.24633E+00, 0.11447E-01
 0.36000E+02, 0.42000E+02, 0.41645E+03, 0.23155E+00, 0.12037E-01
 0.37000E+02, 0.42000E+02, 0.41315E+03, 0.24395E+00, 0.11371E-01
 0.38000E+02, 0.42000E+02, 0.42030E+03, 0.25608E+00, 0.10945E-01
 0.39000E+02, 0.42000E+02, 0.43004E+03, 0.27296E+00, 0.10413E-01
 0.40000E+02, 0.42000E+02, 0.45297E+03, 0.33579E+00, 0.87401E-02
 0.41000E+02, 0.42000E+02, 0.46127E+03, 0.33953E+00, 0.87425E-02
 0.42000E+02, 0.42000E+02, 0.47144E+03, 0.34635E+00, 0.86893E-02
 0.43000E+02, 0.42000E+02, 0.53278E+03, 0.35522E+00, 0.91703E-02
 0.44000E+02, 0.42000E+02, 0.62763E+03, 0.33133E+00, 0.10988E-01
 0.45000E+02, 0.42000E+02, 0.75691E+03, 0.25322E+00, 0.16441E-01
 0.46000E+02, 0.42000E+02, 0.80202E+03, 0.22129E+00, 0.19638E-01
 0.47000E+02, 0.42000E+02, 0.72550E+03, 0.39192E+00, 0.10299E-01
 0.48000E+02, 0.42000E+02, 0.66460E+03, 0.42089E+00, 0.90052E-02
 0.49000E+02, 0.42000E+02, 0.62883E+03, 0.46060E+00, 0.79150E-02
 0.50000E+02, 0.42000E+02, 0.59060E+03, 0.42241E+00, 0.82648E-02
 0.51000E+02, 0.42000E+02, 0.51580E+03, 0.27173E+00, 0.11735E-01
 0.52000E+02, 0.42000E+02, 0.49220E+03, 0.24570E+00, 0.12590E-01
 0.53000E+02, 0.42000E+02, 0.48442E+03, 0.23961E+00, 0.12779E-01
 0.54000E+02, 0.42000E+02, 0.47158E+03, 0.22177E+00, 0.13573E-01
 0.55000E+02, 0.42000E+02, 0.47403E+03, 0.23137E+00, 0.13052E-01
 0.56000E+02, 0.42000E+02, 0.47558E+03, 0.18180E+00, 0.16646E-01
 0.57000E+02, 0.42000E+02, 0.48195E+03, 0.18026E+00, 0.16931E-01
 0.58000E+02, 0.42000E+02, 0.47878E+03, 0.18523E+00, 0.16407E-01
 0.59000E+02, 0.42000E+02, 0.47586E+03, 0.18390E+00, 0.16462E-01
 0.60000E+02, 0.42000E+02, 0.47907E+03, 0.19282E+00, 0.15768E-01
 0.61000E+02, 0.42000E+02, 0.49831E+03, 0.19243E+00, 0.16204E-01
 0.62000E+02, 0.42000E+02, 0.49948E+03, 0.20192E+00, 0.15466E-01
 0.63000E+02, 0.42000E+02, 0.49460E+03, 0.23579E+00, 0.13160E-01
 0.64000E+02, 0.42000E+02, 0.46814E+03, 0.29945E+00, 0.10006E-01
 0.65000E+02, 0.42000E+02, 0.47134E+03, 0.32415E+00, 0.92830E-02
 0.00000E+00, 0.43000E+02, 0.96640E+03, 0.22468E+00, 0.22299E-01
 0.10000E+01, 0.43000E+02, 0.84000E+03, 0.26165E+00, 0.17195E-01
 0.20000E+01, 0.43000E+02, 0.78529E+03, 0.23021E+00, 0.18583E-01
 0.30000E+01, 0.43000E+02, 0.46668E+03, 0.20579E+00, 0.14531E-01
 0.40000E+01, 0.43000E+02, 0.43837E+03, 0.20268E+00, 0.14189E-01
 0.50000E+01, 0.43000E+02, 0.44877E+03, 0.19614E+00, 0.14877E-01
 0.60000E+01, 0.43000E+02, 0.26018E+03, 0.23961E+00, 0.89964E-02
 0.70000E+01, 0.43000E+02, 0.25067E+03, 0.22197E+00, 0.95385E-02
 0.80000E+01, 0.43000E+02, 0.32323E+03, 0.19066E+00, 0.12643E-01
 0.90000E+01, 0.43000E+02, 0.34353E+03, 0.22257E+00, 0.11199E-01
 0.10000E+02, 0.43000E+02, 0.34621E+03, 0.22960E+00, 0.10903E-01
 0.11000E+02, 0.43000E+02, 0.35626E+03, 0.24245E+00, 0.10493E-01
 0.12000E+02, 0.43000E+02, 0.38470E+03, 0.25802E+00, 0.10305E-01
 0.13000E+02, 0.43000E+02, 0.39906E+03, 0.28372E+00, 0.95764E-02
 0.14000E+02, 0.43000E+02, 0.40354E+03, 0.26004E+00, 0.10518E-01
 0.15000E+02, 0.43000E+02, 0.40477E+03, 0.26369E+00, 0.10391E-01
 0.16000E+02, 0.43000E+02, 0.39938E+03, 0.27003E+00, 0.10067E-01
 0.17000E+02, 0.43000E+02, 0.37437E+03, 0.32160E+00, 0.81380E-02
 0.18000E+02, 0.43000E+02, 0.37477E+03, 0.36180E+00, 0.72382E-02
 0.19000E+02, 0.43000E+02, 0.38664E+03, 0.35819E+00, 0.74451E-02
 0.20000E+02, 0.43000E+02, 0.40437E+03, 0.34289E+00, 0.79863E-02
 0.21000E+02, 0.43000E+02, 0.41006E+03, 0.33568E+00, 0.82264E-02
 0.22000E+02, 0.43000E+02, 0.42190E+03, 0.28417E+00, 0.98860E-02
 0.23000E+02, 0.43000E+02, 0.42947E+03, 0.25018E+00, 0.11351E-01
 0.24000E+02, 0.43000E+02, 0.43407E+03, 0.25528E+00, 0.11197E-01
 0.25000E+02, 0.43000E+02, 0.44062E+03, 0.25340E+00, 0.11385E-01
 0.26000E+02, 0.43000E+02, 0.45301E+03, 0.21757E+00, 0.13490E-01
 0.27000E+02, 0.43000E+02, 0.45890E+03, 0.21462E+00, 0.13787E-01
 0.28000E+02, 0.43000E+02, 0.46137E+03, 0.21043E+00, 0.14108E-01
 0.29000E+02, 0.43000E+02, 0.45488E+03, 0.21774E+00, 0.13514E-01
 0.30000E+02, 0.43000E+02, 0.45422E+03, 0.22948E+00, 0.12811E-01
 0.31000E+02, 0.43000E+02, 0.44032E+03, 0.25536E+00, 0.11293E-01
 0.32000E+02, 0.43000E+02, 0.42989E+03, 0.25515E+00, 0.11137E-01
 0.33000E+02, 0.43000E+02, 0.41644E+03, 0.26096E+00, 0.10680E-01
 0.34000E+02, 0.43000E+02, 0.41551E+03, 0.25112E+00, 0.11084E-01
 0.35000E+02, 0.43000E+02, 0.41549E+03, 0.24168E+00, 0.11517E-01
 0.36000E+02, 0.43000E+02, 0.40499E+03, 0.25852E+00, 0.10602E-01
 0.37000E+02, 0.43000E+02, 0.41158E+03, 0.25794E+00, 0.10730E-01
 0.38000E+02, 0.43000E+02, 0.42169E+03, 0.25370E+00, 0.11070E-01
 0.39000E+02, 0.43000E+02, 0.43464E+03, 0.27383E+00, 0.10447E-01
 0.40000E+02, 0.43000E+02, 0.45925E+03, 0.34679E+00, 0.85362E-02
 0.41000E+02, 0.43000E+02, 0.47949E+03, 0.33394E+00, 0.91095E-02
 0.42000E+02, 0.43000E+02, 0.49587E+03, 0.32941E+00, 0.94358E-02
 0.43000E+02, 0.43000E+02, 0.57027E+03, 0.31564E+00, 0.10800E-01
 0.44000E+02, 0.43000E+02, 0.70911E+03, 0.29755E+00, 0.13343E-01
 0.45000E+02, 0.43000E+02, 0.83370E+03, 0.18671E+00, 0.23961E-01
 0.46000E+02, 0.43000E+02, 0.89677E+03, 0.17131E+00, 0.27603E-01
 0.47000E+02, 0.43000E+02, 0.82796E+03, 0.38667E+00, 0.11510E-01
 0.48000E+02, 0.43000E+02, 0.63792E+03, 0.43022E+00, 0.85592E-02
 0.49000E+02, 0.43000E+02, 0.59004E+03, 0.44589E+00, 0.78246E-02
 0.50000E+02, 0.43000E+02, 0.53938E+03, 0.32592E+00, 0.10076E-01
 0.51000E+02, 0.43000E+02, 0.53702E+03, 0.29590E+00, 0.11067E-01
 0.52000E+02, 0.43000E+02, 0.50892E+03, 0.25541E+00, 0.12376E-01
 0.53000E+02, 0.43000E+02, 0.50651E+03, 0.24980E+00, 0.12615E-01
 0.54000E+02, 0.43000E+02, 0.47702E+03, 0.21536E+00, 0.14079E-01
 0.55000E+02, 0.43000E+02, 0.46955E+03, 0.21669E+00, 0.13853E-01
 0.56000E+02, 0.43000E+02, 0.46735E+03, 0.22264E+00, 0.13443E-01
 0.57000E+02, 0.43000E+02, 0.46184E+03, 0.18094E+00, 0.16418E-01
 0.58000E+02, 0.43000E+02, 0.45715E+03, 0.17171E+00, 0.17191E-01
 0.59000E+02, 0.43000E+02, 0.46113E+03, 0.17587E+00, 0.16876E-01
 0.60000E+02, 0.43000E+02, 0.46518E+03, 0.19292E+00, 0.15469E-01
 0.61000E+02, 0.43000E+02, 0.48301E+03, 0.20104E+00, 0.15202E-01
 0.62000E+02, 0.43000E+02, 0.49206E+03, 0.21842E+00, 0.14160E-01
 0.63000E+02, 0.43000E+02, 0.48124E+03, 0.24676E+00, 0.12356E-01
 0.64000E+02, 0.43000E+02, 0.46564E+03, 0.28935E+00, 0.10320E-01
 0.65000E+02, 0.43000E+02, 0.46438E+03, 0.31754E+00, 0.93877E-02
 0.00000E+00, 0.44000E+02, 0.87971E+03, 0.21958E+00, 0.21221E-01
 0.10000E+01, 0.44000E+02, 0.76868E+03, 0.23185E+00, 0.18162E-01
 0.20000E+01, 0.44000E+02, 0.67940E+03, 0.20456E+00, 0.18821E-01
 0.30000E+01, 0.44000E+02, 0.52533E+03, 0.18775E+00, 0.17190E-01
 0.40000E+01, 0.44000E+02, 0.43814E+03, 0.19811E+00, 0.14512E-01
 0.50000E+01, 0.44000E+02, 0.42459E+03, 0.18376E+00, 0.15347E-01
 0.60000E+01, 0.44000E+02, 0.25492E+03, 0.21912E+00, 0.97406E-02
 0.70000E+01, 0.44000E+02, 0.26124E+03, 0.20830E+00, 0.10369E-01
 0.80000E+01, 0.44000E+02, 0.32591E+03, 0.21915E+00, 0.11049E-01
 0.90000E+01, 0.44000E+02, 0.33760E+03, 0.21002E+00, 0.11754E-01
 0.10000E+02, 0.44000E+02, 0.34291E+03, 0.23284E+00, 0.10694E-01
 0.11000E+02, 0.44000E+02, 0.36122E+03, 0.23429E+00, 0.10944E-01
 0.12000E+02, 0.44000E+02, 0.38388E+03, 0.26143E+00, 0.10158E-01
 0.13000E+02, 0.44000E+02, 0.38291E+03, 0.27337E+00, 0.97000E-02
 0.14000E+02, 0.44000E+02, 0.38577E+03, 0.25486E+00, 0.10450E-01
 0.15000E+02, 0.44000E+02, 0.38349E+03, 0.22415E+00, 0.11840E-01
 0.16000E+02, 0.44000E+02, 0.37293E+03, 0.26062E+00, 0.10020E-01
 0.17000E+02, 0.44000E+02, 0.35248E+03, 0.35389E+00, 0.71454E-02
 0.18000E+02, 0.44000E+02, 0.36683E+03, 0.36302E+00, 0.71255E-02
 0.19000E+02, 0.44000E+02, 0.37962E+03, 0.33084E+00, 0.79750E-02
 0.20000E+02, 0.44000E+02, 0.38959E+03, 0.27933E+00, 0.95896E-02
 0.21000E+02, 0.44000E+02, 0.39633E+03, 0.29708E+00, 0.91083E-02
 0.22000E+02, 0.44000E+02, 0.40936E+03, 0.25896E+00, 0.10653E-01
 0.23000E+02, 0.44000E+02, 0.42539E+03, 0.24175E+00, 0.11679E-01
 0.24000E+02, 0.44000E+02, 0.43060E+03, 0.26593E+00, 0.10696E-01
 0.25000E+02, 0.44000E+02, 0.44243E+03, 0.25903E+00, 0.11166E-01
 0.26000E+02, 0.44000E+02, 0.45862E+03, 0.22141E+00, 0.13359E-01
 0.27000E+02, 0.44000E+02, 0.46483E+03, 0.21573E+00, 0.13827E-01
 0.28000E+02, 0.44000E+02, 0.46892E+03, 0.20672E+00, 0.14509E-01
 0.29000E+02, 0.44000E+02, 0.46290E+03, 0.20653E+00, 0.14405E-01
 0.30000E+02, 0.44000E+02, 0.45454E+03, 0.22455E+00, 0.13098E-01
 0.31000E+02, 0.44000E+02, 0.45069E+03, 0.24276E+00, 0.12051E-01
 0.32000E+02, 0.44000E+02, 0.43764E+03, 0.24327E+00, 0.11809E-01
 0.33000E+02, 0.44000E+02, 0.41788E+03, 0.23902E+00, 0.11686E-01
 0.34000E+02, 0.44000E+02, 0.40811E+03, 0.24415E+00, 0.11278E-01
 0.35000E+02, 0.44000E+02, 0.39662E+03, 0.24536E+00, 0.11033E-01
 0.36000E+02, 0.44000E+02, 0.39391E+03, 0.26316E+00, 0.10245E-01
 0.37000E+02, 0.44000E+02, 0.40790E+03, 0.26129E+00, 0.10535E-01
 0.38000E+02, 0.44000E+02, 0.42193E+03, 0.27032E+00, 0.10393E-01
 0.39000E+02, 0.44000E+02, 0.43424E+03, 0.27421E+00, 0.10427E-01
 0.40000E+02, 0.44000E+02, 0.45869E+03, 0.31851E+00, 0.92869E-02
 0.41000E+02, 0.44000E+02, 0.47600E+03, 0.33354E+00, 0.90782E-02
 0.42000E+02, 0.44000E+02, 0.54276E+03, 0.30871E+00, 0.10682E-01
 0.43000E+02, 0.44000E+02, 0.62481E+03, 0.26007E+00, 0.13956E-01
 0.44000E+02, 0.44000E+02, 0.68212E+03, 0.28098E+00, 0.13741E-01
 0.45000E+02, 0.44000E+02, 0.82723E+03, 0.19979E+00, 0.22261E-01
 0.46000E+02, 0.44000E+02, 0.84025E+03, 0.18160E+00, 0.24780E-01
 0.47000E+02, 0.44000E+02, 0.84902E+03, 0.28569E+00, 0.15876E-01
 0.48000E+02, 0.44000E+02, 0.73801E+03, 0.39799E+00, 0.10269E-01
 0.49000E+02, 0.44000E+02, 0.60870E+03, 0.34886E+00, 0.10217E-01
 0.50000E+02, 0.44000E+02, 0.57344E+03, 0.31344E+00, 0.10917E-01
 0.51000E+02, 0.44000E+02, 0.55935E+03, 0.29716E+00, 0.11323E-01
 0.52000E+02, 0.44000E+02, 0.52713E+03, 0.25171E+00, 0.12850E-01
 0.53000E+02, 0.44000E+02, 0.51364E+03, 0.25059E+00, 0.12690E-01
 0.54000E+02, 0.44000E+02, 0.49508E+03, 0.22524E+00, 0.13786E-01
 0.55000E+02, 0.44000E+02, 0.43950E+03, 0.20126E+00, 0.14312E-01
 0.56000E+02, 0.44000E+02, 0.44095E+03, 0.20785E+00, 0.13886E-01
 0.57000E+02, 0.44000E+02, 0.44143E+03, 0.20487E+00, 0.14098E-01
 0.58000E+02, 0.44000E+02, 0.44687E+03, 0.16920E+00, 0.17200E-01
 0.59000E+02, 0.44000E+02, 0.44932E+03, 0.17683E+00, 0.16513E-01
 0.60000E+02, 0.44000E+02, 0.46821E+03, 0.18660E+00, 0.16058E-01
 0.61000E+02, 0.44000E+02, 0.47354E+03, 0.19557E+00, 0.15432E-01
 0.62000E+02, 0.44000E+02, 0.47579E+03, 0.21369E+00, 0.14165E-01
 0.63000E+02, 0.44000E+02, 0.47727E+03, 0.22888E+00, 0.13252E-01
 0.64000E+02, 0.44000E+02, 0.45974E+03, 0.26425E+00, 0.11210E-01
 0.65000E+02, 0.44000E+02, 0.45036E+03, 0.28329E+00, 0.10323E-01
 0.00000E+00, 0.45000E+02, 0.85667E+03, 0.18820E+00, 0.24264E-01
 0.10000E+01, 0.45000E+02, 0.74169E+03, 0.20130E+00, 0.20376E-01
 0.20000E+01, 0.45000E+02, 0.63957E+03, 0.18237E+00, 0.20228E-01
 0.30000E+01, 0.45000E+02, 0.62966E+03, 0.15136E+00, 0.24109E-01
 0.40000E+01, 0.45000E+02, 0.48268E+03, 0.16092E+00, 0.18985E-01
 0.50000E+01, 0.45000E+02, 0.40306E+03, 0.17620E+00, 0.15512E-01
 0.60000E+01, 0.45000E+02, 0.25014E+03, 0.20666E+00, 0.10235E-01
 0.70000E+01, 0.45000E+02, 0.25472E+03, 0.20405E+00, 0.10456E-01
 0.80000E+01, 0.45000E+02, 0.30463E+03, 0.21801E+00, 0.10712E-01
 0.90000E+01, 0.45000E+02, 0.30806E+03, 0.20597E+00, 0.11405E-01
 0.10000E+02, 0.45000E+02, 0.33297E+03, 0.20176E+00, 0.12143E-01
 0.11000E+02, 0.45000E+02, 0.33676E+03, 0.19866E+00, 0.12409E-01
 0.12000E+02, 0.45000E+02, 0.34373E+03, 0.21164E+00, 0.11781E-01
 0.13000E+02, 0.45000E+02, 0.34514E+03, 0.23464E+00, 0.10651E-01
 0.14000E+02, 0.45000E+02, 0.34235E+03, 0.23799E+00, 0.10453E-01
 0.15000E+02, 0.45000E+02, 0.34664E+03, 0.22477E+00, 0.11145E-01
 0.16000E+02, 0.45000E+02, 0.34756E+03, 0.23451E+00, 0.10698E-01
 0.17000E+02, 0.45000E+02, 0.32912E+03, 0.30309E+00, 0.80315E-02
 0.18000E+02, 0.45000E+02, 0.35998E+03, 0.35393E+00, 0.72304E-02
 0.19000E+02, 0.45000E+02, 0.35633E+03, 0.28568E+00, 0.89059E-02
 0.20000E+02, 0.45000E+02, 0.36582E+03, 0.24170E+00, 0.10685E-01
 0.21000E+02, 0.45000E+02, 0.38456E+03, 0.24215E+00, 0.10978E-01
 0.22000E+02, 0.45000E+02, 0.40002E+03, 0.24318E+00, 0.11188E-01
 0.23000E+02, 0.45000E+02, 0.39362E+03, 0.25127E+00, 0.10725E-01
 0.24000E+02, 0.45000E+02, 0.40268E+03, 0.22780E+00, 0.11991E-01
 0.25000E+02, 0.45000E+02, 0.41818E+03, 0.24547E+00, 0.11383E-01
 0.26000E+02, 0.45000E+02, 0.42447E+03, 0.23784E+00, 0.11855E-01
 0.27000E+02, 0.45000E+02, 0.43626E+03, 0.23306E+00, 0.12303E-01
 0.28000E+02, 0.45000E+02, 0.44529E+03, 0.22278E+00, 0.13034E-01
 0.29000E+02, 0.45000E+02, 0.44103E+03, 0.20855E+00, 0.13841E-01
 0.30000E+02, 0.45000E+02, 0.44017E+03, 0.19678E+00, 0.14651E-01
 0.31000E+02, 0.45000E+02, 0.43310E+03, 0.19940E+00, 0.14316E-01
 0.32000E+02, 0.45000E+02, 0.43200E+03, 0.20823E+00, 0.13687E-01
 0.33000E+02, 0.45000E+02, 0.42165E+03, 0.21823E+00, 0.12869E-01
 0.34000E+02, 0.45000E+02, 0.41089E+03, 0.22475E+00, 0.12302E-01
 0.35000E+02, 0.45000E+02, 0.39389E+03, 0.23836E+00, 0.11311E-01
 0.36000E+02, 0.45000E+02, 0.38361E+03, 0.24475E+00, 0.10846E-01
 0.37000E+02, 0.45000E+02, 0.41511E+03, 0.22628E+00, 0.12294E-01
 0.38000E+02, 0.45000E+02, 0.45324E+03, 0.24478E+00, 0.11994E-01
 0.39000E+02, 0.45000E+02, 0.47853E+03, 0.25467E+00, 0.11930E-01
 0.40000E+02, 0.45000E+02, 0.50532E+03, 0.26081E+00, 0.12064E-01
 0.41000E+02, 0.45000E+02, 0.52618E+03, 0.24352E+00, 0.13267E-01
 0.42000E+02, 0.45000E+02, 0.54999E+03, 0.21505E+00, 0.15471E-01
 0.43000E+02, 0.45000E+02, 0.58721E+03, 0.18084E+00, 0.19230E-01
 0.44000E+02, 0.45000E+02, 0.63919E+03, 0.17251E+00, 0.21375E-01
 0.45000E+02, 0.45000E+02, 0.67986E+03, 0.17271E+00, 0.22303E-01
 0.46000E+02, 0.45000E+02, 0.72798E+03, 0.20578E+00, 0.19664E-01
 0.47000E+02, 0.45000E+02, 0.72607E+03, 0.24988E+00, 0.16162E-01
 0.48000E+02, 0.45000E+02, 0.68680E+03, 0.31210E+00, 0.12432E-01
 0.49000E+02, 0.45000E+02, 0.62414E+03, 0.28008E+00, 0.12949E-01
 0.50000E+02, 0.45000E+02, 0.57890E+03, 0.25775E+00, 0.13361E-01
 0.51000E+02, 0.45000E+02, 0.54534E+03, 0.25247E+00, 0.13103E-01
 0.52000E+02, 0.45000E+02, 0.51650E+03, 0.24967E+00, 0.12783E-01
 0.53000E+02, 0.45000E+02, 0.48517E+03, 0.24327E+00, 0.12599E-01
 0.54000E+02, 0.45000E+02, 0.46950E+03, 0.23566E+00, 0.12737E-01
 0.55000E+02, 0.45000E+02, 0.44051E+03, 0.22026E+00, 0.13096E-01
 0.56000E+02, 0.45000E+02, 0.40591E+03, 0.16916E+00, 0.16225E-01
 0.57000E+02, 0.45000E+02, 0.42176E+03, 0.16821E+00, 0.16698E-01
 0.58000E+02, 0.45000E+02, 0.42667E+03, 0.18023E+00, 0.15694E-01
 0.59000E+02, 0.45000E+02, 0.43404E+03, 0.20948E+00, 0.13645E-01
 0.60000E+02, 0.45000E+02, 0.44157E+03, 0.21177E+00, 0.13641E-01
 0.61000E+02, 0.45000E+02, 0.44555E+03, 0.22014E+00, 0.13196E-01
 0.62000E+02, 0.45000E+02, 0.45643E+03, 0.22808E+00, 0.12929E-01
 0.63000E+02, 0.45000E+02, 0.46522E+03, 0.23566E+00, 0.12664E-01
 0.64000E+02, 0.45000E+02, 0.46321E+03, 0.25238E+00, 0.11793E-01
 0.65000E+02, 0.45000E+02, 0.44559E+03, 0.26619E+00, 0.10913E-01
 0.00000E+00, 0.46000E+02, 0.22538E+03, 0.11419E+00, 0.17646E-01
 0.10000E+01, 0.46000E+02, 0.24350E+03, 0.10935E+00, 0.19097E-01
 0.20000E+01, 0.46000E+02, 0.24855E+03, 0.10783E+00, 0.19555E-01
 0.30000E+01, 0.46000E+02, 0.25152E+03, 0.10315E+00, 0.20559E-01
 0.40000E+01, 0.46000E+02, 0.25733E+03, 0.99456E-01, 0.21559E-01
 0.50000E+01, 0.46000E+02, 0.26158E+03, 0.11418E+00, 0.18928E-01
 0.60000E+01, 0.46000E+02, 0.25667E+03, 0.10056E+00, 0.21295E-01
 0.70000E+01, 0.46000E+02, 0.25307E+03, 0.15067E+00, 0.14116E-01
 0.80000E+01, 0.46000E+02, 0.26061E+03, 0.18261E+00, 0.11814E-01
 0.90000E+01, 0.46000E+02, 0.28369E+03, 0.16368E+00, 0.13750E-01
 0.10000E+02, 0.46000E+02, 0.28231E+03, 0.19796E+00, 0.11341E-01
 0.11000E+02, 0.46000E+02, 0.31494E+03, 0.20450E+00, 0.11623E-01
 0.12000E+02, 0.46000E+02, 0.30555E+03, 0.19588E+00, 0.11941E-01
 0.13000E+02, 0.46000E+02, 0.29870E+03, 0.19394E+00, 0.11918E-01
 0.14000E+02, 0.46000E+02, 0.27232E+03, 0.17805E+00, 0.12383E-01
 0.15000E+02, 0.46000E+02, 0.26069E+03, 0.16781E+00, 0.12858E-01
 0.16000E+02, 0.46000E+02, 0.24177E+03, 0.15617E+00, 0.13326E-01
 0.17000E+02, 0.46000E+02, 0.25261E+03, 0.16924E+00, 0.12556E-01
 0.18000E+02, 0.46000E+02, 0.28061E+03, 0.13832E+00, 0.16181E-01
 0.19000E+02, 0.46000E+02, 0.27211E+03, 0.13158E+00, 0.16749E-01
 0.20000E+02, 0.46000E+02, 0.28493E+03, 0.14610E+00, 0.15439E-01
 0.21000E+02, 0.46000E+02, 0.28890E+03, 0.15024E+00, 0.15121E-01
 0.22000E+02, 0.46000E+02, 0.40804E+03, 0.48212E+00, 0.57107E-02
 0.23000E+02, 0.46000E+02, 0.38896E+03, 0.41854E+00, 0.63940E-02
 0.24000E+02, 0.46000E+02, 0.53827E+03, 0.66219E+00, 0.49527E-02
 0.25000E+02, 0.46000E+02, 0.54221E+03, 0.61256E+00, 0.53800E-02
 0.26000E+02, 0.46000E+02, 0.54389E+03, 0.68364E+00, 0.48305E-02
 0.27000E+02, 0.46000E+02, 0.51093E+03, 0.67130E+00, 0.47209E-02
 0.28000E+02, 0.46000E+02, 0.21131E+03, 0.11091E+00, 0.17654E-01
 0.29000E+02, 0.46000E+02, 0.26445E+03, 0.12848E+00, 0.16912E-01
 0.30000E+02, 0.46000E+02, 0.35684E+03, 0.17021E+00, 0.14960E-01
 0.31000E+02, 0.46000E+02, 0.27084E+03, 0.15455E+00, 0.14226E-01
 0.32000E+02, 0.46000E+02, 0.34177E+03, 0.17893E+00, 0.13890E-01
 0.33000E+02, 0.46000E+02, 0.29123E+03, 0.16004E+00, 0.14253E-01
 0.34000E+02, 0.46000E+02, 0.22000E+02, 0.30000E+02, 0.00000E+00
 0.35000E+02, 0.46000E+02, 0.38899E+03, 0.22240E+00, 0.12033E-01
 0.36000E+02, 0.46000E+02, 0.37698E+03, 0.22984E+00, 0.11433E-01
 0.37000E+02, 0.46000E+02, 0.37890E+03, 0.18645E+00, 0.14135E-01
 0.38000E+02, 0.46000E+02, 0.39501E+03, 0.14076E+00, 0.19185E-01
 0.39000E+02, 0.46000E+02, 0.36976E+03, 0.10693E+00, 0.24300E-01
 0.40000E+02, 0.46000E+02, 0.34475E+03, 0.92425E-01, 0.27021E-01
 0.41000E+02, 0.46000E+02, 0.34300E+03, 0.90018E-01, 0.27665E-01
 0.42000E+02, 0.46000E+02, 0.34483E+03, 0.91424E-01, 0.27321E-01
 0.43000E+02, 0.46000E+02, 0.32758E+03, 0.88260E-01, 0.27510E-01
 0.44000E+02, 0.46000E+02, 0.51365E+03, 0.14155E+00, 0.22466E-01
 0.45000E+02, 0.46000E+02, 0.38374E+03, 0.21242E+00, 0.12499E-01
 0.46000E+02, 0.46000E+02, 0.50723E+03, 0.23699E+00, 0.13309E-01
 0.47000E+02, 0.46000E+02, 0.85349E+03, 0.19734E+00, 0.23075E-01
 0.48000E+02, 0.46000E+02, 0.80655E+03, 0.19460E+00, 0.22425E-01
 0.49000E+02, 0.46000E+02, 0.34993E+03, 0.19296E+00, 0.13051E-01
 0.50000E+02, 0.46000E+02, 0.30781E+03, 0.17567E+00, 0.13367E-01
 0.51000E+02, 0.46000E+02, 0.29492E+03, 0.16676E+00, 0.13769E-01
 0.52000E+02, 0.46000E+02, 0.29505E+03, 0.15473E+00, 0.14842E-01
 0.53000E+02, 0.46000E+02, 0.29186E+03, 0.14153E+00, 0.16136E-01
 0.54000E+02, 0.46000E+02, 0.29982E+03, 0.12921E+00, 0.17923E-01
 0.55000E+02, 0.46000E+02, 0.33039E+03, 0.10634E+00, 0.22939E-01
 0.56000E+02, 0.46000E+02, 0.37836E+03, 0.13542E+00, 0.19445E-01
 0.57000E+02, 0.46000E+02, 0.37191E+03, 0.13090E+00, 0.19918E-01
 0.58000E+02, 0.46000E+02, 0.34191E+03, 0.11403E+00, 0.21801E-01
 0.59000E+02, 0.46000E+02, 0.35189E+03, 0.11826E+00, 0.21362E-01
 0.60000E+02, 0.46000E+02, 0.35775E+03, 0.12292E+00, 0.20745E-01
 0.61000E+02, 0.46000E+02, 0.39685E+03, 0.13061E+00, 0.20734E-01
 0.62000E+02, 0.46000E+02, 0.40004E+03, 0.15157E+00, 0.17951E-01
 0.63000E+02, 0.46000E+02, 0.44283E+03, 0.23043E+00, 0.12559E-01
 0.64000E+02, 0.46000E+02, 0.45819E+03, 0.25692E+00, 0.11505E-01
 0.65000E+02, 0.46000E+02, 0.43986E+03, 0.26052E+00, 0.11062E-01
 0.00000E+00, 0.47000E+02, 0.22908E+03, 0.10484E+00, 0.19362E-01
 0.10000E+01, 0.47000E+02, 0.24762E+03, 0.10404E+00, 0.20230E-01
 0.20000E+01, 0.47000E+02, 0.25219E+03, 0.10334E+00, 0.20547E-01
 0.30000E+01, 0.47000E+02, 0.25694E+03, 0.10207E+00, 0.20990E-01
 0.40000E+01, 0.47000E+02, 0.25631E+03, 0.98296E-01, 0.21771E-01
 0.50000E+01, 0.47000E+02, 0.26039E+03, 0.10248E+00, 0.21042E-01
 0.60000E+01, 0.47000E+02, 0.25900E+03, 0.10115E+00, 0.21264E-01
 0.70000E+01, 0.47000E+02, 0.25755E+03, 0.97844E-01, 0.21922E-01
 0.80000E+01, 0.47000E+02, 0.25943E+03, 0.11865E+00, 0.18142E-01
 0.90000E+01, 0.47000E+02, 0.27833E+03, 0.11916E+00, 0.18706E-01
 0.10000E+02, 0.47000E+02, 0.30649E+03, 0.18932E+00, 0.12375E-01
 0.11000E+02, 0.47000E+02, 0.30687E+03, 0.18997E+00, 0.12341E-01
 0.12000E+02, 0.47000E+02, 0.28374E+03, 0.18486E+00, 0.12176E-01
 0.13000E+02, 0.47000E+02, 0.28010E+03, 0.18226E+00, 0.12269E-01
 0.14000E+02, 0.47000E+02, 0.26567E+03, 0.17874E+00, 0.12184E-01
 0.15000E+02, 0.47000E+02, 0.26664E+03, 0.17740E+00, 0.12299E-01
 0.16000E+02, 0.47000E+02, 0.26261E+03, 0.16467E+00, 0.13150E-01
 0.17000E+02, 0.47000E+02, 0.26501E+03, 0.16310E+00, 0.13336E-01
 0.18000E+02, 0.47000E+02, 0.29460E+03, 0.14287E+00, 0.16062E-01
 0.19000E+02, 0.47000E+02, 0.30306E+03, 0.14258E+00, 0.16334E-01
 0.20000E+02, 0.47000E+02, 0.28448E+03, 0.14671E+00, 0.15363E-01
 0.21000E+02, 0.47000E+02, 0.29109E+03, 0.15153E+00, 0.15050E-01
 0.22000E+02, 0.47000E+02, 0.44805E+03, 0.53341E+00, 0.54648E-02
 0.23000E+02, 0.47000E+02, 0.49867E+03, 0.59716E+00, 0.52240E-02
 0.24000E+02, 0.47000E+02, 0.69030E+03, 0.17860E+01, 0.21804E-02
 0.25000E+02, 0.47000E+02, 0.64671E+03, 0.10736E+01, 0.34629E-02
 0.26000E+02, 0.47000E+02, 0.58887E+03, 0.77901E+00, 0.44725E-02
 0.27000E+02, 0.47000E+02, 0.49252E+03, 0.62051E+00, 0.49873E-02
 0.28000E+02, 0.47000E+02, 0.22389E+03, 0.11361E+00, 0.17682E-01
 0.29000E+02, 0.47000E+02, 0.25502E+03, 0.12338E+00, 0.17303E-01
 0.30000E+02, 0.47000E+02, 0.31453E+03, 0.15099E+00, 0.15731E-01
 0.31000E+02, 0.47000E+02, 0.24814E+03, 0.14299E+00, 0.14735E-01
 0.32000E+02, 0.47000E+02, 0.27696E+03, 0.15397E+00, 0.14441E-01
 0.33000E+02, 0.47000E+02, 0.26026E+03, 0.14943E+00, 0.14428E-01
 0.34000E+02, 0.47000E+02, 0.22000E+02, 0.30000E+02, 0.00000E+00
 0.35000E+02, 0.47000E+02, 0.36549E+03, 0.20181E+00, 0.12791E-01
 0.36000E+02, 0.47000E+02, 0.32552E+03, 0.17021E+00, 0.14216E-01
 0.37000E+02, 0.47000E+02, 0.37693E+03, 0.15632E+00, 0.16808E-01
 0.38000E+02, 0.47000E+02, 0.35735E+03, 0.10859E+00, 0.23468E-01
 0.39000E+02, 0.47000E+02, 0.35222E+03, 0.92711E-01, 0.27263E-01
 0.40000E+02, 0.47000E+02, 0.34081E+03, 0.87726E-01, 0.28287E-01
 0.41000E+02, 0.47000E+02, 0.33045E+03, 0.83068E-01, 0.29369E-01
 0.42000E+02, 0.47000E+02, 0.34329E+03, 0.86092E-01, 0.28940E-01
 0.43000E+02, 0.47000E+02, 0.33674E+03, 0.86721E-01, 0.28425E-01
 0.44000E+02, 0.47000E+02, 0.54313E+03, 0.13784E+00, 0.23935E-01
 0.45000E+02, 0.47000E+02, 0.39037E+03, 0.22128E+00, 0.12119E-01
 0.46000E+02, 0.47000E+02, 0.44095E+03, 0.22916E+00, 0.12595E-01
 0.47000E+02, 0.47000E+02, 0.67395E+03, 0.17562E+00, 0.21797E-01
 0.48000E+02, 0.47000E+02, 0.61676E+03, 0.18136E+00, 0.19833E-01
 0.49000E+02, 0.47000E+02, 0.30822E+03, 0.18840E+00, 0.12473E-01
 0.50000E+02, 0.47000E+02, 0.29546E+03, 0.17737E+00, 0.12957E-01
 0.51000E+02, 0.47000E+02, 0.28897E+03, 0.16655E+00, 0.13641E-01
 0.52000E+02, 0.47000E+02, 0.29573E+03, 0.15532E+00, 0.14803E-01
 0.53000E+02, 0.47000E+02, 0.28832E+03, 0.14103E+00, 0.16091E-01
 0.54000E+02, 0.47000E+02, 0.29764E+03, 0.13633E+00, 0.16922E-01
 0.55000E+02, 0.47000E+02, 0.34065E+03, 0.10521E+00, 0.23581E-01
 0.56000E+02, 0.47000E+02, 0.36555E+03, 0.12034E+00, 0.21451E-01
 0.57000E+02, 0.47000E+02, 0.36208E+03, 0.10803E+00, 0.23766E-01
 0.58000E+02, 0.47000E+02, 0.36095E+03, 0.99539E-01, 0.25748E-01
 0.59000E+02, 0.47000E+02, 0.36020E+03, 0.10767E+00, 0.23775E-01
 0.60000E+02, 0.47000E+02, 0.36890E+03, 0.12176E+00, 0.21312E-01
 0.61000E+02, 0.47000E+02, 0.39040E+03, 0.13017E+00, 0.20604E-01
 0.62000E+02, 0.47000E+02, 0.41777E+03, 0.13419E+00, 0.20810E-01
 0.63000E+02, 0.47000E+02, 0.40642E+03, 0.18125E+00, 0.15154E-01
 0.64000E+02, 0.47000E+02, 0.45380E+03, 0.27554E+00, 0.10664E-01
 0.65000E+02, 0.47000E+02, 0.43978E+03, 0.25721E+00, 0.11203E-01
 0.00000E+00, 0.48000E+02, 0.23438E+03, 0.10633E+00, 0.19292E-01
 0.10000E+01, 0.48000E+02, 0.24976E+03, 0.10537E+00, 0.20058E-01
 0.20000E+01, 0.48000E+02, 0.24976E+03, 0.10304E+00, 0.20511E-01
 0.30000E+01, 0.48000E+02, 0.25372E+03, 0.10389E+00, 0.20498E-01
 0.40000E+01, 0.48000E+02, 0.25701E+03, 0.10189E+00, 0.21031E-01
 0.50000E+01, 0.48000E+02, 0.25938E+03, 0.98640E-01, 0.21821E-01
 0.60000E+01, 0.48000E+02, 0.26079E+03, 0.10123E+00, 0.21320E-01
 0.70000E+01, 0.48000E+02, 0.25928E+03, 0.99804E-01, 0.21562E-01
 0.80000E+01, 0.48000E+02, 0.25262E+03, 0.95778E-01, 0.22187E-01
 0.90000E+01, 0.48000E+02, 0.25796E+03, 0.98930E-01, 0.21698E-01
 0.10000E+02, 0.48000E+02, 0.28990E+03, 0.13359E+00, 0.17036E-01
 0.11000E+02, 0.48000E+02, 0.29827E+03, 0.18209E+00, 0.12684E-01
 0.12000E+02, 0.48000E+02, 0.27851E+03, 0.18694E+00, 0.11928E-01
 0.13000E+02, 0.48000E+02, 0.27125E+03, 0.18191E+00, 0.12096E-01
 0.14000E+02, 0.48000E+02, 0.26768E+03, 0.19130E+00, 0.11427E-01
 0.15000E+02, 0.48000E+02, 0.26667E+03, 0.19119E+00, 0.11412E-01
 0.16000E+02, 0.48000E+02, 0.26467E+03, 0.17571E+00, 0.12372E-01
 0.17000E+02, 0.48000E+02, 0.26358E+03, 0.16325E+00, 0.13288E-01
 0.18000E+02, 0.48000E+02, 0.27274E+03, 0.13482E+00, 0.16366E-01
 0.19000E+02, 0.48000E+02, 0.30254E+03, 0.14647E+00, 0.15886E-01
 0.20000E+02, 0.48000E+02, 0.27137E+03, 0.14136E+00, 0.15570E-01
 0.21000E+02, 0.48000E+02, 0.26955E+03, 0.13950E+00, 0.15724E-01
 0.22000E+02, 0.48000E+02, 0.52622E+03, 0.79021E+00, 0.40887E-02
 0.23000E+02, 0.48000E+02, 0.61481E+03, 0.12278E+01, 0.29231E-02
 0.24000E+02, 0.48000E+02, 0.70132E+03, 0.25639E+01, 0.15362E-02
 0.25000E+02, 0.48000E+02, 0.69465E+03, 0.33053E+01, 0.11835E-02
 0.26000E+02, 0.48000E+02, 0.61924E+03, 0.10890E+01, 0.33122E-02
 0.27000E+02, 0.48000E+02, 0.55909E+03, 0.88088E+00, 0.38186E-02
 0.28000E+02, 0.48000E+02, 0.23068E+03, 0.11576E+00, 0.17592E-01
 0.29000E+02, 0.48000E+02, 0.24574E+03, 0.11955E+00, 0.17543E-01
 0.30000E+02, 0.48000E+02, 0.26575E+03, 0.13097E+00, 0.16631E-01
 0.31000E+02, 0.48000E+02, 0.17635E+03, 0.97153E-01, 0.18700E-01
 0.32000E+02, 0.48000E+02, 0.15843E+03, 0.92997E-01, 0.18757E-01
 0.33000E+02, 0.48000E+02, 0.14542E+03, 0.90080E-01, 0.18781E-01
 0.34000E+02, 0.48000E+02, 0.22000E+02, 0.30000E+02, 0.00000E+00
 0.35000E+02, 0.48000E+02, 0.33701E+03, 0.17910E+00, 0.13770E-01
 0.36000E+02, 0.48000E+02, 0.32575E+03, 0.17552E+00, 0.13791E-01
 0.37000E+02, 0.48000E+02, 0.34813E+03, 0.15426E+00, 0.16278E-01
 0.38000E+02, 0.48000E+02, 0.35205E+03, 0.10681E+00, 0.23658E-01
 0.39000E+02, 0.48000E+02, 0.35228E+03, 0.92506E-01, 0.27327E-01
 0.40000E+02, 0.48000E+02, 0.32846E+03, 0.86151E-01, 0.28225E-01
 0.41000E+02, 0.48000E+02, 0.32448E+03, 0.82127E-01, 0.29412E-01
 0.42000E+02, 0.48000E+02, 0.33802E+03, 0.83872E-01, 0.29453E-01
 0.43000E+02, 0.48000E+02, 0.34056E+03, 0.84505E-01, 0.29353E-01
 0.44000E+02, 0.48000E+02, 0.51075E+03, 0.13599E+00, 0.23299E-01
 0.45000E+02, 0.48000E+02, 0.36395E+03, 0.22754E+00, 0.11317E-01
 0.46000E+02, 0.48000E+02, 0.43463E+03, 0.21753E+00, 0.13151E-01
 0.47000E+02, 0.48000E+02, 0.34601E+03, 0.23104E+00, 0.10832E-01
 0.48000E+02, 0.48000E+02, 0.34291E+03, 0.21190E+00, 0.11751E-01
 0.49000E+02, 0.48000E+02, 0.30751E+03, 0.18506E+00, 0.12682E-01
 0.50000E+02, 0.48000E+02, 0.29773E+03, 0.16958E+00, 0.13607E-01
 0.51000E+02, 0.48000E+02, 0.28419E+03, 0.16087E+00, 0.14003E-01
 0.52000E+02, 0.48000E+02, 0.29745E+03, 0.15295E+00, 0.15078E-01
 0.53000E+02, 0.48000E+02, 0.29082E+03, 0.14344E+00, 0.15892E-01
 0.54000E+02, 0.48000E+02, 0.30164E+03, 0.13817E+00, 0.16814E-01
 0.55000E+02, 0.48000E+02, 0.35330E+03, 0.10048E+00, 0.25200E-01
 0.56000E+02, 0.48000E+02, 0.36515E+03, 0.10479E+00, 0.24619E-01
 0.57000E+02, 0.48000E+02, 0.36255E+03, 0.10155E+00, 0.25301E-01
 0.58000E+02, 0.48000E+02, 0.36370E+03, 0.96531E-01, 0.26665E-01
 0.59000E+02, 0.48000E+02, 0.37511E+03, 0.10538E+00, 0.24864E-01
 0.60000E+02, 0.48000E+02, 0.38549E+03, 0.12281E+00, 0.21677E-01
 0.61000E+02, 0.48000E+02, 0.40155E+03, 0.11213E+00, 0.24321E-01
 0.62000E+02, 0.48000E+02, 0.40902E+03, 0.11454E+00, 0.24072E-01
 0.63000E+02, 0.48000E+02, 0.37766E+03, 0.11539E+00, 0.22797E-01
 0.64000E+02, 0.48000E+02, 0.44462E+03, 0.27180E+00, 0.10674E-01
 0.65000E+02, 0.48000E+02, 0.43491E+03, 0.25526E+00, 0.11212E-01
 0.00000E+00, 0.49000E+02, 0.24493E+03, 0.11112E+00, 0.18845E-01
 0.10000E+01, 0.49000E+02, 0.25254E+03, 0.10447E+00, 0.20338E-01
 0.20000E+01, 0.49000E+02, 0.25925E+03, 0.10633E+00, 0.20238E-01
 0.30000E+01, 0.49000E+02, 0.25939E+03, 0.10651E+00, 0.20209E-01
 0.40000E+01, 0.49000E+02, 0.26067E+03, 0.10503E+00, 0.20543E-01
 0.50000E+01, 0.49000E+02, 0.26438E+03, 0.99503E-01, 0.21835E-01
 0.60000E+01, 0.49000E+02, 0.26565E+03, 0.11098E+00, 0.19623E-01
 0.70000E+01, 0.49000E+02, 0.26391E+03, 0.10780E+00, 0.20136E-01
 0.80000E+01, 0.49000E+02, 0.26377E+03, 0.10218E+00, 0.21239E-01
 0.90000E+01, 0.49000E+02, 0.25430E+03, 0.97618E-01, 0.21839E-01
 0.10000E+02, 0.49000E+02, 0.28100E+03, 0.13234E+00, 0.16924E-01
 0.11000E+02, 0.49000E+02, 0.28780E+03, 0.19798E+00, 0.11452E-01
 0.12000E+02, 0.49000E+02, 0.26955E+03, 0.19364E+00, 0.11328E-01
 0.13000E+02, 0.49000E+02, 0.27254E+03, 0.16481E+00, 0.13383E-01
 0.14000E+02, 0.49000E+02, 0.26811E+03, 0.17843E+00, 0.12261E-01
 0.15000E+02, 0.49000E+02, 0.27036E+03, 0.15997E+00, 0.13733E-01
 0.16000E+02, 0.49000E+02, 0.27195E+03, 0.14222E+00, 0.15491E-01
 0.17000E+02, 0.49000E+02, 0.26055E+03, 0.18827E+00, 0.11458E-01
 0.18000E+02, 0.49000E+02, 0.26830E+03, 0.12743E+00, 0.17174E-01
 0.19000E+02, 0.49000E+02, 0.27861E+03, 0.13551E+00, 0.16457E-01
 0.20000E+02, 0.49000E+02, 0.27505E+03, 0.14083E+00, 0.15733E-01
 0.21000E+02, 0.49000E+02, 0.27161E+03, 0.14421E+00, 0.15268E-01
 0.22000E+02, 0.49000E+02, 0.54829E+03, 0.84964E+00, 0.39077E-02
 0.23000E+02, 0.49000E+02, 0.64949E+03, 0.15170E+01, 0.24582E-02
 0.24000E+02, 0.49000E+02, 0.70638E+03, 0.36603E+01, 0.10816E-02
 0.25000E+02, 0.49000E+02, 0.69491E+03, 0.21056E+01, 0.18582E-02
 0.26000E+02, 0.49000E+02, 0.63753E+03, 0.10734E+01, 0.34290E-02
 0.27000E+02, 0.49000E+02, 0.56967E+03, 0.82897E+00, 0.41094E-02
 0.28000E+02, 0.49000E+02, 0.22407E+03, 0.11337E+00, 0.17726E-01
 0.29000E+02, 0.49000E+02, 0.24313E+03, 0.11954E+00, 0.17456E-01
 0.30000E+02, 0.49000E+02, 0.25322E+03, 0.12504E+00, 0.17014E-01
 0.31000E+02, 0.49000E+02, 0.15630E+03, 0.91833E-01, 0.18902E-01
 0.32000E+02, 0.49000E+02, 0.15513E+03, 0.91807E-01, 0.18855E-01
 0.33000E+02, 0.49000E+02, 0.14871E+03, 0.90977E-01, 0.18742E-01
 0.34000E+02, 0.49000E+02, 0.22000E+02, 0.30000E+02, 0.00000E+00
 0.35000E+02, 0.49000E+02, 0.33295E+03, 0.18727E+00, 0.13082E-01
 0.36000E+02, 0.49000E+02, 0.32248E+03, 0.17922E+00, 0.13433E-01
 0.37000E+02, 0.49000E+02, 0.32567E+03, 0.14003E+00, 0.17284E-01
 0.38000E+02, 0.49000E+02, 0.34962E+03, 0.10661E+00, 0.23611E-01
 0.39000E+02, 0.49000E+02, 0.35027E+03, 0.87865E-01, 0.28678E-01
 0.40000E+02, 0.49000E+02, 0.33304E+03, 0.86601E-01, 0.28292E-01
 0.41000E+02, 0.49000E+02, 0.32464E+03, 0.80774E-01, 0.29913E-01
 0.42000E+02, 0.49000E+02, 0.32871E+03, 0.82845E-01, 0.29363E-01
 0.43000E+02, 0.49000E+02, 0.34088E+03, 0.85228E-01, 0.29119E-01
 0.44000E+02, 0.49000E+02, 0.45503E+03, 0.14241E+00, 0.20667E-01
 0.45000E+02, 0.49000E+02, 0.33508E+03, 0.23613E+00, 0.10411E-01
 0.46000E+02, 0.49000E+02, 0.33898E+03, 0.23595E+00, 0.10486E-01
 0.47000E+02, 0.49000E+02, 0.33146E+03, 0.23023E+00, 0.10614E-01
 0.48000E+02, 0.49000E+02, 0.34312E+03, 0.20165E+00, 0.12353E-01
 0.49000E+02, 0.49000E+02, 0.31263E+03, 0.17563E+00, 0.13481E-01
 0.50000E+02, 0.49000E+02, 0.29868E+03, 0.16434E+00, 0.14063E-01
 0.51000E+02, 0.49000E+02, 0.29197E+03, 0.15394E+00, 0.14837E-01
 0.52000E+02, 0.49000E+02, 0.29824E+03, 0.14957E+00, 0.15441E-01
 0.53000E+02, 0.49000E+02, 0.30096E+03, 0.14378E+00, 0.16139E-01
 0.54000E+02, 0.49000E+02, 0.31297E+03, 0.13944E+00, 0.16989E-01
 0.55000E+02, 0.49000E+02, 0.35414E+03, 0.96041E-01, 0.26399E-01
 0.56000E+02, 0.49000E+02, 0.33757E+03, 0.91132E-01, 0.27086E-01
 0.57000E+02, 0.49000E+02, 0.36073E+03, 0.88549E-01, 0.28934E-01
 0.58000E+02, 0.49000E+02, 0.38091E+03, 0.99475E-01, 0.26576E-01
 0.59000E+02, 0.49000E+02, 0.37933E+03, 0.97355E-01, 0.27088E-01
 0.60000E+02, 0.49000E+02, 0.38167E+03, 0.96626E-01, 0.27391E-01
 0.61000E+02, 0.49000E+02, 0.38525E+03, 0.97447E-01, 0.27309E-01
 0.62000E+02, 0.49000E+02, 0.40664E+03, 0.10607E+00, 0.25903E-01
 0.63000E+02, 0.49000E+02, 0.37215E+03, 0.10984E+00, 0.23745E-01
 0.64000E+02, 0.49000E+02, 0.42532E+03, 0.24288E+00, 0.11623E-01
 0.65000E+02, 0.49000E+02, 0.41516E+03, 0.23431E+00, 0.11873E-01
 0.00000E+00, 0.50000E+02, 0.24919E+03, 0.11309E+00, 0.18668E-01
 0.10000E+01, 0.50000E+02, 0.26184E+03, 0.10968E+00, 0.19715E-01
 0.20000E+01, 0.50000E+02, 0.26266E+03, 0.10903E+00, 0.19863E-01
 0.30000E+01, 0.50000E+02, 0.26595E+03, 0.10693E+00, 0.20377E-01
 0.40000E+01, 0.50000E+02, 0.27036E+03, 0.10053E+00, 0.21852E-01
 0.50000E+01, 0.50000E+02, 0.27227E+03, 0.11761E+00, 0.18744E-01
 0.60000E+01, 0.50000E+02, 0.27356E+03, 0.12120E+00, 0.18232E-01
 0.70000E+01, 0.50000E+02, 0.27417E+03, 0.10576E+00, 0.20916E-01
 0.80000E+01, 0.50000E+02, 0.26027E+03, 0.98906E-01, 0.21798E-01
 0.90000E+01, 0.50000E+02, 0.26029E+03, 0.10266E+00, 0.21002E-01
 0.10000E+02, 0.50000E+02, 0.28446E+03, 0.15755E+00, 0.14305E-01
 0.11000E+02, 0.50000E+02, 0.28088E+03, 0.19740E+00, 0.11344E-01
 0.12000E+02, 0.50000E+02, 0.27419E+03, 0.19369E+00, 0.11422E-01
 0.13000E+02, 0.50000E+02, 0.27799E+03, 0.17362E+00, 0.12830E-01
 0.14000E+02, 0.50000E+02, 0.27743E+03, 0.15967E+00, 0.13937E-01
 0.15000E+02, 0.50000E+02, 0.27896E+03, 0.12758E+00, 0.17492E-01
 0.16000E+02, 0.50000E+02, 0.27041E+03, 0.14134E+00, 0.15544E-01
 0.17000E+02, 0.50000E+02, 0.26500E+03, 0.17032E+00, 0.12770E-01
 0.18000E+02, 0.50000E+02, 0.27089E+03, 0.12794E+00, 0.17187E-01
 0.19000E+02, 0.50000E+02, 0.28000E+03, 0.13263E+00, 0.16857E-01
 0.20000E+02, 0.50000E+02, 0.27115E+03, 0.14265E+00, 0.15423E-01
 0.21000E+02, 0.50000E+02, 0.26312E+03, 0.15267E+00, 0.14197E-01
 0.22000E+02, 0.50000E+02, 0.54706E+03, 0.98980E+00, 0.33493E-02
 0.23000E+02, 0.50000E+02, 0.65305E+03, 0.18723E+01, 0.19994E-02
 0.24000E+02, 0.50000E+02, 0.71020E+03, 0.50863E+01, 0.78142E-03
 0.25000E+02, 0.50000E+02, 0.69772E+03, 0.37631E+01, 0.10428E-02
 0.26000E+02, 0.50000E+02, 0.65245E+03, 0.14542E+01, 0.25726E-02
 0.27000E+02, 0.50000E+02, 0.53971E+03, 0.62145E+00, 0.52867E-02
 0.28000E+02, 0.50000E+02, 0.20739E+03, 0.10773E+00, 0.18029E-01
 0.29000E+02, 0.50000E+02, 0.22954E+03, 0.11492E+00, 0.17679E-01
 0.30000E+02, 0.50000E+02, 0.23464E+03, 0.11695E+00, 0.17549E-01
 0.31000E+02, 0.50000E+02, 0.14447E+03, 0.88991E-01, 0.18967E-01
 0.32000E+02, 0.50000E+02, 0.15334E+03, 0.91298E-01, 0.18881E-01
 0.33000E+02, 0.50000E+02, 0.15515E+03, 0.91937E-01, 0.18830E-01
 0.34000E+02, 0.50000E+02, 0.22000E+02, 0.30000E+02, 0.00000E+00
 0.35000E+02, 0.50000E+02, 0.30025E+03, 0.17846E+00, 0.12987E-01
 0.36000E+02, 0.50000E+02, 0.30123E+03, 0.17182E+00, 0.13511E-01
 0.37000E+02, 0.50000E+02, 0.32633E+03, 0.15340E+00, 0.15796E-01
 0.38000E+02, 0.50000E+02, 0.35329E+03, 0.10413E+00, 0.24315E-01
 0.39000E+02, 0.50000E+02, 0.35316E+03, 0.86549E-01, 0.29249E-01
 0.40000E+02, 0.50000E+02, 0.33948E+03, 0.83696E-01, 0.29585E-01
 0.41000E+02, 0.50000E+02, 0.32773E+03, 0.81415E-01, 0.29831E-01
 0.42000E+02, 0.50000E+02, 0.32543E+03, 0.81990E-01, 0.29508E-01
 0.43000E+02, 0.50000E+02, 0.33704E+03, 0.83988E-01, 0.29365E-01
 0.44000E+02, 0.50000E+02, 0.41393E+03, 0.15925E+00, 0.17438E-01
 0.45000E+02, 0.50000E+02, 0.33161E+03, 0.23355E+00, 0.10466E-01
 0.46000E+02, 0.50000E+02, 0.32813E+03, 0.23569E+00, 0.10311E-01
 0.47000E+02, 0.50000E+02, 0.32985E+03, 0.19980E+00, 0.12198E-01
 0.48000E+02, 0.50000E+02, 0.34293E+03, 0.17433E+00, 0.14284E-01
 0.49000E+02, 0.50000E+02, 0.32658E+03, 0.16822E+00, 0.14409E-01
 0.50000E+02, 0.50000E+02, 0.30393E+03, 0.16260E+00, 0.14345E-01
 0.51000E+02, 0.50000E+02, 0.29600E+03, 0.15242E+00, 0.15092E-01
 0.52000E+02, 0.50000E+02, 0.30545E+03, 0.14484E+00, 0.16146E-01
 0.53000E+02, 0.50000E+02, 0.30556E+03, 0.14114E+00, 0.16573E-01
 0.54000E+02, 0.50000E+02, 0.30604E+03, 0.13931E+00, 0.16804E-01
 0.55000E+02, 0.50000E+02, 0.34845E+03, 0.89968E-01, 0.27925E-01
 0.56000E+02, 0.50000E+02, 0.34395E+03, 0.88622E-01, 0.28144E-01
 0.57000E+02, 0.50000E+02, 0.36247E+03, 0.86450E-01, 0.29717E-01
 0.58000E+02, 0.50000E+02, 0.37639E+03, 0.88101E-01, 0.29799E-01
 0.59000E+02, 0.50000E+02, 0.37822E+03, 0.94602E-01, 0.27830E-01
 0.60000E+02, 0.50000E+02, 0.38064E+03, 0.97614E-01, 0.27071E-01
 0.61000E+02, 0.50000E+02, 0.38422E+03, 0.95642E-01, 0.27780E-01
 0.62000E+02, 0.50000E+02, 0.40366E+03, 0.10550E+00, 0.25929E-01
 0.63000E+02, 0.50000E+02, 0.38785E+03, 0.11265E+00, 0.23717E-01
 0.64000E+02, 0.50000E+02, 0.39801E+03, 0.22154E+00, 0.12245E-01
 0.65000E+02, 0.50000E+02, 0.38945E+03, 0.20932E+00, 0.12794E-01
 0.00000E+00, 0.51000E+02, 0.24856E+03, 0.11734E+00, 0.17971E-01
 0.10000E+01, 0.51000E+02, 0.26145E+03, 0.11442E+00, 0.18884E-01
 0.20000E+01, 0.51000E+02, 0.27045E+03, 0.11026E+00, 0.19926E-01
 0.30000E+01, 0.51000E+02, 0.27135E+03, 0.10427E+00, 0.21106E-01
 0.40000E+01, 0.51000E+02, 0.27338E+03, 0.10231E+00, 0.21591E-01
 0.50000E+01, 0.51000E+02, 0.27676E+03, 0.11799E+00, 0.18837E-01
 0.60000E+01, 0.51000E+02, 0.27581E+03, 0.10915E+00, 0.20328E-01
 0.70000E+01, 0.51000E+02, 0.27218E+03, 0.10280E+00, 0.21440E-01
 0.80000E+01, 0.51000E+02, 0.26684E+03, 0.10872E+00, 0.20074E-01
 0.90000E+01, 0.51000E+02, 0.26187E+03, 0.10613E+00, 0.20375E-01
 0.10000E+02, 0.51000E+02, 0.27127E+03, 0.11708E+00, 0.18795E-01
 0.11000E+02, 0.51000E+02, 0.26886E+03, 0.11114E+00, 0.19711E-01
 0.12000E+02, 0.51000E+02, 0.27025E+03, 0.15360E+00, 0.14300E-01
 0.13000E+02, 0.51000E+02, 0.27378E+03, 0.17841E+00, 0.12391E-01
 0.14000E+02, 0.51000E+02, 0.27594E+03, 0.15193E+00, 0.14607E-01
 0.15000E+02, 0.51000E+02, 0.28035E+03, 0.13284E+00, 0.16841E-01
 0.16000E+02, 0.51000E+02, 0.26557E+03, 0.14884E+00, 0.14629E-01
 0.17000E+02, 0.51000E+02, 0.26343E+03, 0.16849E+00, 0.12872E-01
 0.18000E+02, 0.51000E+02, 0.26962E+03, 0.12692E+00, 0.17285E-01
 0.19000E+02, 0.51000E+02, 0.26972E+03, 0.13648E+00, 0.16077E-01
 0.20000E+02, 0.51000E+02, 0.27712E+03, 0.13476E+00, 0.16504E-01
 0.21000E+02, 0.51000E+02, 0.25680E+03, 0.15903E+00, 0.13469E-01
 0.22000E+02, 0.51000E+02, 0.54713E+03, 0.10605E+01, 0.31263E-02
 0.23000E+02, 0.51000E+02, 0.62455E+03, 0.15455E+01, 0.23477E-02
 0.24000E+02, 0.51000E+02, 0.67544E+03, 0.31115E+01, 0.12322E-02
 0.25000E+02, 0.51000E+02, 0.68760E+03, 0.40023E+01, 0.97024E-03
 0.26000E+02, 0.51000E+02, 0.64489E+03, 0.13629E+01, 0.27225E-02
 0.27000E+02, 0.51000E+02, 0.52928E+03, 0.60187E+00, 0.53886E-02
 0.28000E+02, 0.51000E+02, 0.14564E+03, 0.86237E-01, 0.19628E-01
 0.29000E+02, 0.51000E+02, 0.17225E+03, 0.94453E-01, 0.19060E-01
 0.30000E+02, 0.51000E+02, 0.20460E+03, 0.10598E+00, 0.18221E-01
 0.31000E+02, 0.51000E+02, 0.16933E+03, 0.93757E-01, 0.19075E-01
 0.32000E+02, 0.51000E+02, 0.14300E+03, 0.85562E-01, 0.19658E-01
 0.33000E+02, 0.51000E+02, 0.13169E+03, 0.82893E-01, 0.19740E-01
 0.34000E+02, 0.51000E+02, 0.22000E+02, 0.30000E+02, 0.00000E+00
 0.35000E+02, 0.51000E+02, 0.28010E+03, 0.16357E+00, 0.13671E-01
 0.36000E+02, 0.51000E+02, 0.25733E+03, 0.14507E+00, 0.14780E-01
 0.37000E+02, 0.51000E+02, 0.32419E+03, 0.13765E+00, 0.17539E-01
 0.38000E+02, 0.51000E+02, 0.36127E+03, 0.10192E+00, 0.25159E-01
 0.39000E+02, 0.51000E+02, 0.35253E+03, 0.85645E-01, 0.29528E-01
 0.40000E+02, 0.51000E+02, 0.34601E+03, 0.84694E-01, 0.29548E-01
 0.41000E+02, 0.51000E+02, 0.34050E+03, 0.84486E-01, 0.29357E-01
 0.42000E+02, 0.51000E+02, 0.33564E+03, 0.84589E-01, 0.29089E-01
 0.43000E+02, 0.51000E+02, 0.33910E+03, 0.85105E-01, 0.29077E-01
 0.44000E+02, 0.51000E+02, 0.42434E+03, 0.15441E+00, 0.18258E-01
 0.45000E+02, 0.51000E+02, 0.34523E+03, 0.20285E+00, 0.12321E-01
 0.46000E+02, 0.51000E+02, 0.33132E+03, 0.19450E+00, 0.12561E-01
 0.47000E+02, 0.51000E+02, 0.33071E+03, 0.17958E+00, 0.13591E-01
 0.48000E+02, 0.51000E+02, 0.34423E+03, 0.15569E+00, 0.16028E-01
 0.49000E+02, 0.51000E+02, 0.34576E+03, 0.15698E+00, 0.15935E-01
 0.50000E+02, 0.51000E+02, 0.33828E+03, 0.15908E+00, 0.15535E-01
 0.51000E+02, 0.51000E+02, 0.29509E+03, 0.15295E+00, 0.15016E-01
 0.52000E+02, 0.51000E+02, 0.30431E+03, 0.14409E+00, 0.16198E-01
 0.53000E+02, 0.51000E+02, 0.30299E+03, 0.13748E+00, 0.16938E-01
 0.54000E+02, 0.51000E+02, 0.29910E+03, 0.13454E+00, 0.17191E-01
 0.55000E+02, 0.51000E+02, 0.33917E+03, 0.87917E-01, 0.28150E-01
 0.56000E+02, 0.51000E+02, 0.35496E+03, 0.86944E-01, 0.29199E-01
 0.57000E+02, 0.51000E+02, 0.37201E+03, 0.87038E-01, 0.29960E-01
 0.58000E+02, 0.51000E+02, 0.37728E+03, 0.87594E-01, 0.30013E-01
 0.59000E+02, 0.51000E+02, 0.38045E+03, 0.92679E-01, 0.28504E-01
 0.60000E+02, 0.51000E+02, 0.38899E+03, 0.97197E-01, 0.27534E-01
 0.61000E+02, 0.51000E+02, 0.39482E+03, 0.99449E-01, 0.27148E-01
 0.62000E+02, 0.51000E+02, 0.39613E+03, 0.98531E-01, 0.27454E-01
 0.63000E+02, 0.51000E+02, 0.39356E+03, 0.10612E+00, 0.25394E-01
 0.64000E+02, 0.51000E+02, 0.32046E+03, 0.14677E+00, 0.16347E-01
 0.65000E+02, 0.51000E+02, 0.29048E+03, 0.12998E+00, 0.17526E-01
 0.00000E+00, 0.52000E+02, 0.24827E+03, 0.12651E+00, 0.16658E-01
 0.10000E+01, 0.52000E+02, 0.26409E+03, 0.12109E+00, 0.17932E-01
 0.20000E+01, 0.52000E+02, 0.26491E+03, 0.11578E+00, 0.18784E-01
 0.30000E+01, 0.52000E+02, 0.26971E+03, 0.10776E+00, 0.20361E-01
 0.40000E+01, 0.52000E+02, 0.27343E+03, 0.10599E+00, 0.20843E-01
 0.50000E+01, 0.52000E+02, 0.27432E+03, 0.11194E+00, 0.19767E-01
 0.60000E+01, 0.52000E+02, 0.27247E+03, 0.10267E+00, 0.21480E-01
 0.70000E+01, 0.52000E+02, 0.26975E+03, 0.11393E+00, 0.19259E-01
 0.80000E+01, 0.52000E+02, 0.27347E+03, 0.12599E+00, 0.17536E-01
 0.90000E+01, 0.52000E+02, 0.26666E+03, 0.11405E+00, 0.19131E-01
 0.10000E+02, 0.52000E+02, 0.27052E+03, 0.10789E+00, 0.20367E-01
 0.11000E+02, 0.52000E+02, 0.26838E+03, 0.10790E+00, 0.20286E-01
 0.12000E+02, 0.52000E+02, 0.26958E+03, 0.11658E+00, 0.18817E-01
 0.13000E+02, 0.52000E+02, 0.27594E+03, 0.12934E+00, 0.17158E-01
 0.14000E+02, 0.52000E+02, 0.28062E+03, 0.13648E+00, 0.16400E-01
 0.15000E+02, 0.52000E+02, 0.27849E+03, 0.14824E+00, 0.15041E-01
 0.16000E+02, 0.52000E+02, 0.26359E+03, 0.15715E+00, 0.13804E-01
 0.17000E+02, 0.52000E+02, 0.25944E+03, 0.15438E+00, 0.13944E-01
 0.18000E+02, 0.52000E+02, 0.26299E+03, 0.12750E+00, 0.16997E-01
 0.19000E+02, 0.52000E+02, 0.26825E+03, 0.13377E+00, 0.16358E-01
 0.20000E+02, 0.52000E+02, 0.25949E+03, 0.14780E+00, 0.14565E-01
 0.21000E+02, 0.52000E+02, 0.24680E+03, 0.16571E+00, 0.12682E-01
 0.22000E+02, 0.52000E+02, 0.54133E+03, 0.11146E+01, 0.29536E-02
 0.23000E+02, 0.52000E+02, 0.60127E+03, 0.14517E+01, 0.24345E-02
 0.24000E+02, 0.52000E+02, 0.64886E+03, 0.22217E+01, 0.16774E-02
 0.25000E+02, 0.52000E+02, 0.66655E+03, 0.29757E+01, 0.12763E-02
 0.26000E+02, 0.52000E+02, 0.61560E+03, 0.12406E+01, 0.28955E-02
 0.27000E+02, 0.52000E+02, 0.50221E+03, 0.55768E+00, 0.56195E-02
 0.28000E+02, 0.52000E+02, 0.14602E+03, 0.86135E-01, 0.19669E-01
 0.29000E+02, 0.52000E+02, 0.16668E+03, 0.92186E-01, 0.19284E-01
 0.30000E+02, 0.52000E+02, 0.18686E+03, 0.98982E-01, 0.18784E-01
 0.31000E+02, 0.52000E+02, 0.17105E+03, 0.93534E-01, 0.19195E-01
 0.32000E+02, 0.52000E+02, 0.16045E+03, 0.90330E-01, 0.19402E-01
 0.33000E+02, 0.52000E+02, 0.14849E+03, 0.87046E-01, 0.19578E-01
 0.34000E+02, 0.52000E+02, 0.22000E+02, 0.30000E+02, 0.00000E+00
 0.35000E+02, 0.52000E+02, 0.20466E+03, 0.12223E+00, 0.15800E-01
 0.36000E+02, 0.52000E+02, 0.22105E+03, 0.12968E+00, 0.15403E-01
 0.37000E+02, 0.52000E+02, 0.32354E+03, 0.15062E+00, 0.16012E-01
 0.38000E+02, 0.52000E+02, 0.36177E+03, 0.10755E+00, 0.23861E-01
 0.39000E+02, 0.52000E+02, 0.36316E+03, 0.87522E-01, 0.29386E-01
 0.40000E+02, 0.52000E+02, 0.35458E+03, 0.86944E-01, 0.29182E-01
 0.41000E+02, 0.52000E+02, 0.35049E+03, 0.85711E-01, 0.29409E-01
 0.42000E+02, 0.52000E+02, 0.34409E+03, 0.86333E-01, 0.28897E-01
 0.43000E+02, 0.52000E+02, 0.33209E+03, 0.84199E-01, 0.29054E-01
 0.44000E+02, 0.52000E+02, 0.44083E+03, 0.14633E+00, 0.19721E-01
 0.45000E+02, 0.52000E+02, 0.39116E+03, 0.16826E+00, 0.15957E-01
 0.46000E+02, 0.52000E+02, 0.39865E+03, 0.14539E+00, 0.18676E-01
 0.47000E+02, 0.52000E+02, 0.36092E+03, 0.15232E+00, 0.16825E-01
 0.48000E+02, 0.52000E+02, 0.37435E+03, 0.15056E+00, 0.17383E-01
 0.49000E+02, 0.52000E+02, 0.37565E+03, 0.15061E+00, 0.17411E-01
 0.50000E+02, 0.52000E+02, 0.37643E+03, 0.15637E+00, 0.16790E-01
 0.51000E+02, 0.52000E+02, 0.32621E+03, 0.15287E+00, 0.15847E-01
 0.52000E+02, 0.52000E+02, 0.29465E+03, 0.14763E+00, 0.15545E-01
 0.53000E+02, 0.52000E+02, 0.30398E+03, 0.14280E+00, 0.16335E-01
 0.54000E+02, 0.52000E+02, 0.29601E+03, 0.13507E+00, 0.17031E-01
 0.55000E+02, 0.52000E+02, 0.34240E+03, 0.84818E-01, 0.29333E-01
 0.56000E+02, 0.52000E+02, 0.37188E+03, 0.83985E-01, 0.31043E-01
 0.57000E+02, 0.52000E+02, 0.37016E+03, 0.84908E-01, 0.30623E-01
 0.58000E+02, 0.52000E+02, 0.37929E+03, 0.88713E-01, 0.29726E-01
 0.59000E+02, 0.52000E+02, 0.39477E+03, 0.97689E-01, 0.27635E-01
 0.60000E+02, 0.52000E+02, 0.40014E+03, 0.10459E+00, 0.26019E-01
 0.61000E+02, 0.52000E+02, 0.39741E+03, 0.10900E+00, 0.24865E-01
 0.62000E+02, 0.52000E+02, 0.38531E+03, 0.11487E+00, 0.23168E-01
 0.63000E+02, 0.52000E+02, 0.39237E+03, 0.10652E+00, 0.25253E-01
 0.64000E+02, 0.52000E+02, 0.22696E+03, 0.10205E+00, 0.19807E-01
 0.65000E+02, 0.52000E+02, 0.25531E+03, 0.11642E+00, 0.18347E-01
