 X,Y, TEMPERATURE, SOOT VISIBILITY, CARBON MONOXIDE VOLUME FRACTION
 m,m, C, m, mol/mol
 0.00000E+00, 0.00000E+00, 0.80519E+02, 0.19485E+00, 0.73364E-02
 0.10000E+01, 0.00000E+00, 0.86203E+02, 0.19397E+00, 0.74880E-02
 0.20000E+01, 0.00000E+00, 0.87949E+02, 0.19474E+00, 0.74946E-02
 0.30000E+01, 0.00000E+00, 0.85992E+02, 0.19762E+00, 0.73452E-02
 0.40000E+01, 0.00000E+00, 0.83820E+02, 0.20283E+00, 0.71134E-02
 0.50000E+01, 0.00000E+00, 0.78872E+02, 0.20894E+00, 0.68097E-02
 0.60000E+01, 0.00000E+00, 0.73155E+02, 0.21870E+00, 0.64001E-02
 0.70000E+01, 0.00000E+00, 0.70776E+02, 0.22253E+00, 0.62467E-02
 0.80000E+01, 0.00000E+00, 0.22000E+02, 0.30000E+02, 0.00000E+00
 0.90000E+01, 0.00000E+00, 0.17394E+03, 0.63294E-01, 0.28550E-01
 0.10000E+02, 0.00000E+00, 0.18405E+03, 0.64338E-01, 0.28722E-01
 0.11000E+02, 0.00000E+00, 0.17508E+03, 0.12067E+00, 0.15013E-01
 0.12000E+02, 0.00000E+00, 0.16444E+03, 0.11903E+00, 0.14858E-01
 0.13000E+02, 0.00000E+00, 0.15739E+03, 0.11992E+00, 0.14511E-01
 0.14000E+02, 0.00000E+00, 0.15005E+03, 0.11847E+00, 0.14438E-01
 0.15000E+02, 0.00000E+00, 0.13537E+03, 0.11897E+00, 0.13879E-01
 0.16000E+02, 0.00000E+00, 0.11738E+03, 0.11758E+00, 0.13425E-01
 0.17000E+02, 0.00000E+00, 0.15217E+03, 0.76511E-01, 0.22468E-01
 0.18000E+02, 0.00000E+00, 0.16973E+03, 0.78675E-01, 0.22752E-01
 0.19000E+02, 0.00000E+00, 0.15918E+03, 0.74945E-01, 0.23316E-01
 0.20000E+02, 0.00000E+00, 0.13148E+03, 0.89561E-01, 0.18261E-01
 0.21000E+02, 0.00000E+00, 0.16169E+03, 0.92737E-01, 0.18952E-01
 0.22000E+02, 0.00000E+00, 0.16796E+03, 0.93580E-01, 0.19052E-01
 0.23000E+02, 0.00000E+00, 0.21428E+03, 0.19579E+00, 0.10063E-01
 0.24000E+02, 0.00000E+00, 0.19364E+03, 0.21269E+00, 0.88707E-02
 0.25000E+02, 0.00000E+00, 0.20137E+03, 0.22174E+00, 0.86496E-02
 0.26000E+02, 0.00000E+00, 0.20224E+03, 0.21888E+00, 0.87786E-02
 0.27000E+02, 0.00000E+00, 0.17418E+03, 0.23645E+00, 0.76465E-02
 0.28000E+02, 0.00000E+00, 0.15795E+03, 0.23813E+00, 0.73170E-02
 0.29000E+02, 0.00000E+00, 0.15507E+03, 0.23257E+00, 0.74421E-02
 0.30000E+02, 0.00000E+00, 0.15580E+03, 0.22862E+00, 0.75835E-02
 0.31000E+02, 0.00000E+00, 0.14876E+03, 0.22923E+00, 0.74393E-02
 0.32000E+02, 0.00000E+00, 0.14965E+03, 0.22673E+00, 0.75373E-02
 0.33000E+02, 0.00000E+00, 0.13792E+03, 0.22448E+00, 0.74013E-02
 0.34000E+02, 0.00000E+00, 0.28645E+03, 0.13150E+00, 0.17200E-01
 0.35000E+02, 0.00000E+00, 0.28057E+03, 0.13132E+00, 0.17043E-01
 0.36000E+02, 0.00000E+00, 0.28961E+03, 0.13208E+00, 0.17222E-01
 0.37000E+02, 0.00000E+00, 0.27811E+03, 0.13304E+00, 0.16747E-01
 0.38000E+02, 0.00000E+00, 0.27250E+03, 0.13066E+00, 0.16879E-01
 0.39000E+02, 0.00000E+00, 0.26828E+03, 0.12820E+00, 0.17069E-01
 0.40000E+02, 0.00000E+00, 0.26278E+03, 0.21102E+00, 0.10265E-01
 0.41000E+02, 0.00000E+00, 0.27824E+03, 0.21344E+00, 0.10441E-01
 0.42000E+02, 0.00000E+00, 0.26485E+03, 0.20395E+00, 0.10662E-01
 0.43000E+02, 0.00000E+00, 0.25867E+03, 0.21882E+00, 0.98232E-02
 0.44000E+02, 0.00000E+00, 0.27002E+03, 0.21988E+00, 0.99845E-02
 0.45000E+02, 0.00000E+00, 0.26727E+03, 0.21565E+00, 0.10129E-01
 0.46000E+02, 0.00000E+00, 0.26668E+03, 0.19697E+00, 0.11077E-01
 0.47000E+02, 0.00000E+00, 0.26081E+03, 0.19237E+00, 0.11219E-01
 0.48000E+02, 0.00000E+00, 0.24220E+03, 0.20640E+00, 0.10092E-01
 0.49000E+02, 0.00000E+00, 0.24090E+03, 0.20325E+00, 0.10223E-01
 0.50000E+02, 0.00000E+00, 0.23010E+03, 0.18824E+00, 0.10806E-01
 0.51000E+02, 0.00000E+00, 0.20893E+03, 0.18669E+00, 0.10437E-01
 0.52000E+02, 0.00000E+00, 0.30895E+03, 0.94169E-01, 0.24985E-01
 0.53000E+02, 0.00000E+00, 0.30963E+03, 0.92289E-01, 0.25523E-01
 0.54000E+02, 0.00000E+00, 0.30021E+03, 0.96794E-01, 0.23942E-01
 0.55000E+02, 0.00000E+00, 0.30143E+03, 0.98763E-01, 0.23514E-01
 0.56000E+02, 0.00000E+00, 0.31355E+03, 0.10042E+00, 0.23615E-01
 0.57000E+02, 0.00000E+00, 0.30034E+03, 0.97729E-01, 0.23718E-01
 0.58000E+02, 0.00000E+00, 0.19720E+03, 0.13684E+00, 0.13893E-01
 0.59000E+02, 0.00000E+00, 0.19992E+03, 0.12985E+00, 0.14725E-01
 0.60000E+02, 0.00000E+00, 0.19248E+03, 0.11939E+00, 0.15763E-01
 0.61000E+02, 0.00000E+00, 0.19712E+03, 0.11693E+00, 0.16256E-01
 0.62000E+02, 0.00000E+00, 0.19233E+03, 0.11512E+00, 0.16342E-01
 0.63000E+02, 0.00000E+00, 0.22000E+02, 0.30000E+02, 0.00000E+00
 0.64000E+02, 0.00000E+00, 0.17354E+03, 0.27303E+00, 0.66127E-02
 0.65000E+02, 0.00000E+00, 0.16173E+03, 0.26124E+00, 0.67283E-02
 0.00000E+00, 0.10000E+01, 0.10216E+03, 0.17641E+00, 0.85990E-02
 0.10000E+01, 0.10000E+01, 0.10939E+03, 0.17506E+00, 0.88321E-02
 0.20000E+01, 0.10000E+01, 0.94741E+02, 0.19216E+00, 0.77382E-02
 0.30000E+01, 0.10000E+01, 0.85556E+02, 0.20123E+00, 0.72047E-02
 0.40000E+01, 0.10000E+01, 0.85229E+02, 0.20034E+00, 0.72304E-02
 0.50000E+01, 0.10000E+01, 0.87807E+02, 0.19680E+00, 0.74134E-02
 0.60000E+01, 0.10000E+01, 0.73613E+02, 0.21746E+00, 0.64451E-02
 0.70000E+01, 0.10000E+01, 0.72582E+02, 0.21394E+00, 0.65317E-02
 0.80000E+01, 0.10000E+01, 0.22000E+02, 0.30000E+02, 0.00000E+00
 0.90000E+01, 0.10000E+01, 0.17907E+03, 0.63843E-01, 0.28630E-01
 0.10000E+02, 0.10000E+01, 0.18628E+03, 0.64668E-01, 0.28715E-01
 0.11000E+02, 0.10000E+01, 0.18388E+03, 0.12221E+00, 0.15115E-01
 0.12000E+02, 0.10000E+01, 0.17255E+03, 0.12588E+00, 0.14311E-01
 0.13000E+02, 0.10000E+01, 0.15443E+03, 0.12344E+00, 0.14000E-01
 0.14000E+02, 0.10000E+01, 0.14514E+03, 0.12392E+00, 0.13643E-01
 0.15000E+02, 0.10000E+01, 0.13433E+03, 0.12227E+00, 0.13470E-01
 0.16000E+02, 0.10000E+01, 0.11968E+03, 0.12110E+00, 0.13111E-01
 0.17000E+02, 0.10000E+01, 0.18221E+03, 0.80772E-01, 0.22786E-01
 0.18000E+02, 0.10000E+01, 0.20264E+03, 0.83737E-01, 0.22966E-01
 0.19000E+02, 0.10000E+01, 0.19425E+03, 0.82396E-01, 0.22928E-01
 0.20000E+02, 0.10000E+01, 0.16999E+03, 0.93704E-01, 0.19114E-01
 0.21000E+02, 0.10000E+01, 0.17252E+03, 0.95908E-01, 0.18782E-01
 0.22000E+02, 0.10000E+01, 0.17667E+03, 0.96618E-01, 0.18817E-01
 0.23000E+02, 0.10000E+01, 0.17511E+03, 0.22920E+00, 0.79048E-02
 0.24000E+02, 0.10000E+01, 0.16983E+03, 0.22927E+00, 0.78094E-02
 0.25000E+02, 0.10000E+01, 0.16876E+03, 0.23518E+00, 0.75948E-02
 0.26000E+02, 0.10000E+01, 0.18590E+03, 0.22341E+00, 0.83050E-02
 0.27000E+02, 0.10000E+01, 0.16718E+03, 0.23723E+00, 0.75022E-02
 0.28000E+02, 0.10000E+01, 0.14461E+03, 0.25305E+00, 0.66726E-02
 0.29000E+02, 0.10000E+01, 0.13895E+03, 0.25331E+00, 0.65756E-02
 0.30000E+02, 0.10000E+01, 0.14490E+03, 0.24034E+00, 0.70305E-02
 0.31000E+02, 0.10000E+01, 0.14609E+03, 0.23404E+00, 0.72401E-02
 0.32000E+02, 0.10000E+01, 0.14098E+03, 0.23322E+00, 0.71772E-02
 0.33000E+02, 0.10000E+01, 0.13561E+03, 0.22832E+00, 0.72360E-02
 0.34000E+02, 0.10000E+01, 0.26152E+03, 0.14127E+00, 0.15297E-01
 0.35000E+02, 0.10000E+01, 0.26740E+03, 0.14481E+00, 0.15087E-01
 0.36000E+02, 0.10000E+01, 0.27130E+03, 0.13940E+00, 0.15786E-01
 0.37000E+02, 0.10000E+01, 0.28457E+03, 0.13426E+00, 0.16790E-01
 0.38000E+02, 0.10000E+01, 0.28474E+03, 0.13251E+00, 0.17016E-01
 0.39000E+02, 0.10000E+01, 0.30099E+03, 0.13026E+00, 0.17815E-01
 0.40000E+02, 0.10000E+01, 0.19098E+03, 0.24643E+00, 0.76124E-02
 0.41000E+02, 0.10000E+01, 0.18657E+03, 0.25862E+00, 0.71848E-02
 0.42000E+02, 0.10000E+01, 0.19795E+03, 0.25146E+00, 0.75721E-02
 0.43000E+02, 0.10000E+01, 0.24305E+03, 0.23564E+00, 0.88542E-02
 0.44000E+02, 0.10000E+01, 0.25629E+03, 0.23159E+00, 0.92402E-02
 0.45000E+02, 0.10000E+01, 0.24510E+03, 0.22664E+00, 0.92425E-02
 0.46000E+02, 0.10000E+01, 0.21632E+03, 0.23559E+00, 0.83973E-02
 0.47000E+02, 0.10000E+01, 0.22184E+03, 0.22752E+00, 0.87933E-02
 0.48000E+02, 0.10000E+01, 0.21460E+03, 0.23202E+00, 0.84966E-02
 0.49000E+02, 0.10000E+01, 0.22074E+03, 0.22062E+00, 0.90481E-02
 0.50000E+02, 0.10000E+01, 0.22511E+03, 0.19485E+00, 0.10336E-01
 0.51000E+02, 0.10000E+01, 0.21051E+03, 0.18902E+00, 0.10342E-01
 0.52000E+02, 0.10000E+01, 0.31787E+03, 0.93607E-01, 0.25520E-01
 0.53000E+02, 0.10000E+01, 0.31824E+03, 0.94129E-01, 0.25394E-01
 0.54000E+02, 0.10000E+01, 0.32018E+03, 0.97303E-01, 0.24646E-01
 0.55000E+02, 0.10000E+01, 0.32984E+03, 0.10677E+00, 0.22828E-01
 0.56000E+02, 0.10000E+01, 0.32909E+03, 0.11548E+00, 0.21078E-01
 0.57000E+02, 0.10000E+01, 0.33272E+03, 0.10452E+00, 0.23429E-01
 0.58000E+02, 0.10000E+01, 0.20544E+03, 0.11873E+00, 0.16293E-01
 0.59000E+02, 0.10000E+01, 0.20561E+03, 0.11828E+00, 0.16360E-01
 0.60000E+02, 0.10000E+01, 0.20330E+03, 0.12036E+00, 0.16000E-01
 0.61000E+02, 0.10000E+01, 0.20159E+03, 0.12238E+00, 0.15678E-01
 0.62000E+02, 0.10000E+01, 0.20057E+03, 0.12314E+00, 0.15549E-01
 0.63000E+02, 0.10000E+01, 0.22000E+02, 0.30000E+02, 0.00000E+00
 0.64000E+02, 0.10000E+01, 0.18904E+03, 0.29120E+00, 0.64152E-02
 0.65000E+02, 0.10000E+01, 0.16596E+03, 0.26951E+00, 0.65853E-02
 0.00000E+00, 0.20000E+01, 0.11239E+03, 0.16601E+00, 0.93868E-02
 0.10000E+01, 0.20000E+01, 0.11242E+03, 0.17420E+00, 0.89461E-02
 0.20000E+01, 0.20000E+01, 0.10440E+03, 0.18395E+00, 0.82955E-02
 0.30000E+01, 0.20000E+01, 0.10483E+03, 0.18518E+00, 0.82501E-02
 0.40000E+01, 0.20000E+01, 0.10179E+03, 0.18713E+00, 0.80983E-02
 0.50000E+01, 0.20000E+01, 0.10102E+03, 0.18844E+00, 0.80255E-02
 0.60000E+01, 0.20000E+01, 0.93368E+02, 0.19502E+00, 0.75960E-02
 0.70000E+01, 0.20000E+01, 0.79020E+02, 0.20177E+00, 0.70545E-02
 0.80000E+01, 0.20000E+01, 0.22000E+02, 0.30000E+02, 0.00000E+00
 0.90000E+01, 0.20000E+01, 0.20836E+03, 0.67978E-01, 0.28630E-01
 0.10000E+02, 0.20000E+01, 0.25917E+03, 0.73376E-01, 0.29322E-01
 0.11000E+02, 0.20000E+01, 0.17701E+03, 0.12430E+00, 0.14638E-01
 0.12000E+02, 0.20000E+01, 0.16657E+03, 0.12915E+00, 0.13762E-01
 0.13000E+02, 0.20000E+01, 0.15627E+03, 0.12647E+00, 0.13724E-01
 0.14000E+02, 0.20000E+01, 0.14035E+03, 0.12641E+00, 0.13221E-01
 0.15000E+02, 0.20000E+01, 0.12439E+03, 0.12448E+00, 0.12908E-01
 0.16000E+02, 0.20000E+01, 0.11817E+03, 0.12343E+00, 0.12814E-01
 0.17000E+02, 0.20000E+01, 0.19374E+03, 0.83071E-01, 0.22717E-01
 0.18000E+02, 0.20000E+01, 0.22476E+03, 0.87155E-01, 0.23091E-01
 0.19000E+02, 0.20000E+01, 0.22408E+03, 0.85682E-01, 0.23456E-01
 0.20000E+02, 0.20000E+01, 0.17661E+03, 0.96565E-01, 0.18825E-01
 0.21000E+02, 0.20000E+01, 0.17871E+03, 0.98920E-01, 0.18463E-01
 0.22000E+02, 0.20000E+01, 0.19354E+03, 0.10052E+00, 0.18766E-01
 0.23000E+02, 0.20000E+01, 0.12656E+03, 0.27888E+00, 0.57931E-02
 0.24000E+02, 0.20000E+01, 0.11814E+03, 0.28002E+00, 0.56479E-02
 0.25000E+02, 0.20000E+01, 0.14313E+03, 0.25040E+00, 0.67193E-02
 0.26000E+02, 0.20000E+01, 0.14741E+03, 0.24781E+00, 0.68596E-02
 0.27000E+02, 0.20000E+01, 0.14046E+03, 0.26075E+00, 0.64113E-02
 0.28000E+02, 0.20000E+01, 0.13680E+03, 0.26480E+00, 0.62573E-02
 0.29000E+02, 0.20000E+01, 0.13125E+03, 0.26036E+00, 0.62780E-02
 0.30000E+02, 0.20000E+01, 0.12804E+03, 0.24971E+00, 0.64937E-02
 0.31000E+02, 0.20000E+01, 0.12915E+03, 0.24208E+00, 0.67170E-02
 0.32000E+02, 0.20000E+01, 0.12980E+03, 0.23825E+00, 0.68361E-02
 0.33000E+02, 0.20000E+01, 0.12947E+03, 0.22987E+00, 0.70794E-02
 0.34000E+02, 0.20000E+01, 0.25222E+03, 0.14581E+00, 0.14563E-01
 0.35000E+02, 0.20000E+01, 0.25668E+03, 0.15269E+00, 0.14025E-01
 0.36000E+02, 0.20000E+01, 0.25907E+03, 0.15175E+00, 0.14175E-01
 0.37000E+02, 0.20000E+01, 0.27587E+03, 0.13537E+00, 0.16393E-01
 0.38000E+02, 0.20000E+01, 0.28421E+03, 0.13639E+00, 0.16517E-01
 0.39000E+02, 0.20000E+01, 0.31467E+03, 0.13263E+00, 0.17914E-01
 0.40000E+02, 0.20000E+01, 0.15783E+03, 0.36055E+00, 0.48314E-02
 0.41000E+02, 0.20000E+01, 0.15757E+03, 0.35052E+00, 0.49667E-02
 0.42000E+02, 0.20000E+01, 0.15819E+03, 0.33400E+00, 0.52198E-02
 0.43000E+02, 0.20000E+01, 0.18000E+03, 0.27873E+00, 0.65711E-02
 0.44000E+02, 0.20000E+01, 0.18549E+03, 0.27575E+00, 0.67227E-02
 0.45000E+02, 0.20000E+01, 0.17949E+03, 0.28070E+00, 0.65176E-02
 0.46000E+02, 0.20000E+01, 0.17368E+03, 0.28373E+00, 0.63652E-02
 0.47000E+02, 0.20000E+01, 0.18750E+03, 0.27192E+00, 0.68471E-02
 0.48000E+02, 0.20000E+01, 0.19411E+03, 0.26178E+00, 0.72145E-02
 0.49000E+02, 0.20000E+01, 0.21093E+03, 0.23144E+00, 0.84540E-02
 0.50000E+02, 0.20000E+01, 0.21149E+03, 0.20727E+00, 0.94506E-02
 0.51000E+02, 0.20000E+01, 0.21128E+03, 0.19056E+00, 0.10275E-01
 0.52000E+02, 0.20000E+01, 0.31012E+03, 0.92552E-01, 0.25472E-01
 0.53000E+02, 0.20000E+01, 0.30328E+03, 0.89990E-01, 0.25890E-01
 0.54000E+02, 0.20000E+01, 0.31157E+03, 0.94440E-01, 0.25025E-01
 0.55000E+02, 0.20000E+01, 0.32969E+03, 0.10617E+00, 0.22951E-01
 0.56000E+02, 0.20000E+01, 0.33074E+03, 0.12260E+00, 0.19909E-01
 0.57000E+02, 0.20000E+01, 0.33546E+03, 0.10642E+00, 0.23115E-01
 0.58000E+02, 0.20000E+01, 0.20478E+03, 0.11701E+00, 0.16508E-01
 0.59000E+02, 0.20000E+01, 0.20572E+03, 0.11928E+00, 0.16226E-01
 0.60000E+02, 0.20000E+01, 0.20174E+03, 0.12075E+00, 0.15896E-01
 0.61000E+02, 0.20000E+01, 0.20618E+03, 0.12230E+00, 0.15841E-01
 0.62000E+02, 0.20000E+01, 0.20779E+03, 0.12396E+00, 0.15682E-01
 0.63000E+02, 0.20000E+01, 0.22000E+02, 0.30000E+02, 0.00000E+00
 0.64000E+02, 0.20000E+01, 0.24776E+03, 0.36633E+00, 0.57474E-02
 0.65000E+02, 0.20000E+01, 0.25335E+03, 0.40250E+00, 0.52870E-02
 0.00000E+00, 0.30000E+01, 0.11577E+03, 0.16458E+00, 0.95512E-02
 0.10000E+01, 0.30000E+01, 0.11533E+03, 0.17475E+00, 0.89855E-02
 0.20000E+01, 0.30000E+01, 0.11025E+03, 0.18238E+00, 0.84969E-02
 0.30000E+01, 0.30000E+01, 0.10818E+03, 0.18568E+00, 0.83005E-02
 0.40000E+01, 0.30000E+01, 0.10314E+03, 0.19020E+00, 0.79963E-02
 0.50000E+01, 0.30000E+01, 0.10275E+03, 0.19156E+00, 0.79314E-02
 0.60000E+01, 0.30000E+01, 0.96482E+02, 0.19451E+00, 0.76806E-02
 0.70000E+01, 0.30000E+01, 0.91641E+02, 0.19419E+00, 0.75927E-02
 0.80000E+01, 0.30000E+01, 0.22000E+02, 0.30000E+02, 0.00000E+00
 0.90000E+01, 0.30000E+01, 0.25667E+03, 0.74835E-01, 0.28615E-01
 0.10000E+02, 0.30000E+01, 0.30542E+03, 0.80530E-01, 0.29038E-01
 0.11000E+02, 0.30000E+01, 0.19619E+03, 0.12454E+00, 0.15232E-01
 0.12000E+02, 0.30000E+01, 0.17966E+03, 0.12974E+00, 0.14106E-01
 0.13000E+02, 0.30000E+01, 0.15367E+03, 0.12631E+00, 0.13658E-01
 0.14000E+02, 0.30000E+01, 0.13702E+03, 0.12650E+00, 0.13105E-01
 0.15000E+02, 0.30000E+01, 0.12608E+03, 0.12742E+00, 0.12664E-01
 0.16000E+02, 0.30000E+01, 0.10553E+03, 0.12672E+00, 0.12079E-01
 0.17000E+02, 0.30000E+01, 0.18932E+03, 0.82872E-01, 0.22556E-01
 0.18000E+02, 0.30000E+01, 0.23782E+03, 0.89167E-01, 0.23162E-01
 0.19000E+02, 0.30000E+01, 0.23708E+03, 0.87369E-01, 0.23604E-01
 0.20000E+02, 0.30000E+01, 0.18295E+03, 0.10011E+00, 0.18415E-01
 0.21000E+02, 0.30000E+01, 0.18636E+03, 0.10273E+00, 0.18079E-01
 0.22000E+02, 0.30000E+01, 0.21503E+03, 0.10629E+00, 0.18563E-01
 0.23000E+02, 0.30000E+01, 0.11295E+03, 0.29388E+00, 0.53101E-02
 0.24000E+02, 0.30000E+01, 0.11654E+03, 0.28421E+00, 0.55419E-02
 0.25000E+02, 0.30000E+01, 0.13024E+03, 0.26573E+00, 0.61355E-02
 0.26000E+02, 0.30000E+01, 0.13125E+03, 0.26594E+00, 0.61462E-02
 0.27000E+02, 0.30000E+01, 0.13327E+03, 0.26777E+00, 0.61347E-02
 0.28000E+02, 0.30000E+01, 0.13240E+03, 0.26969E+00, 0.60780E-02
 0.29000E+02, 0.30000E+01, 0.12387E+03, 0.27072E+00, 0.59275E-02
 0.30000E+02, 0.30000E+01, 0.12058E+03, 0.24899E+00, 0.63914E-02
 0.31000E+02, 0.30000E+01, 0.12093E+03, 0.23905E+00, 0.66629E-02
 0.32000E+02, 0.30000E+01, 0.12583E+03, 0.23706E+00, 0.68026E-02
 0.33000E+02, 0.30000E+01, 0.13650E+03, 0.22317E+00, 0.74192E-02
 0.34000E+02, 0.30000E+01, 0.26854E+03, 0.15956E+00, 0.13722E-01
 0.35000E+02, 0.30000E+01, 0.24471E+03, 0.15841E+00, 0.13214E-01
 0.36000E+02, 0.30000E+01, 0.26625E+03, 0.14411E+00, 0.15129E-01
 0.37000E+02, 0.30000E+01, 0.26988E+03, 0.14185E+00, 0.15473E-01
 0.38000E+02, 0.30000E+01, 0.28464E+03, 0.14223E+00, 0.15851E-01
 0.39000E+02, 0.30000E+01, 0.31895E+03, 0.13753E+00, 0.17401E-01
 0.40000E+02, 0.30000E+01, 0.15217E+03, 0.37271E+00, 0.46124E-02
 0.41000E+02, 0.30000E+01, 0.15904E+03, 0.34655E+00, 0.50406E-02
 0.42000E+02, 0.30000E+01, 0.14466E+03, 0.36152E+00, 0.46711E-02
 0.43000E+02, 0.30000E+01, 0.15822E+03, 0.32003E+00, 0.54479E-02
 0.44000E+02, 0.30000E+01, 0.16026E+03, 0.31725E+00, 0.55216E-02
 0.45000E+02, 0.30000E+01, 0.16420E+03, 0.30634E+00, 0.57702E-02
 0.46000E+02, 0.30000E+01, 0.17087E+03, 0.28893E+00, 0.62115E-02
 0.47000E+02, 0.30000E+01, 0.18056E+03, 0.27571E+00, 0.66514E-02
 0.48000E+02, 0.30000E+01, 0.18856E+03, 0.25865E+00, 0.72150E-02
 0.49000E+02, 0.30000E+01, 0.20354E+03, 0.23492E+00, 0.82016E-02
 0.50000E+02, 0.30000E+01, 0.19729E+03, 0.21331E+00, 0.89139E-02
 0.51000E+02, 0.30000E+01, 0.19432E+03, 0.20012E+00, 0.94414E-02
 0.52000E+02, 0.30000E+01, 0.31109E+03, 0.96210E-01, 0.24544E-01
 0.53000E+02, 0.30000E+01, 0.30037E+03, 0.91696E-01, 0.25280E-01
 0.54000E+02, 0.30000E+01, 0.31557E+03, 0.96728E-01, 0.24600E-01
 0.55000E+02, 0.30000E+01, 0.32412E+03, 0.11144E+00, 0.21662E-01
 0.56000E+02, 0.30000E+01, 0.32671E+03, 0.13108E+00, 0.18496E-01
 0.57000E+02, 0.30000E+01, 0.33755E+03, 0.10832E+00, 0.22787E-01
 0.58000E+02, 0.30000E+01, 0.20396E+03, 0.11682E+00, 0.16508E-01
 0.59000E+02, 0.30000E+01, 0.20251E+03, 0.12033E+00, 0.15977E-01
 0.60000E+02, 0.30000E+01, 0.20223E+03, 0.12002E+00, 0.16008E-01
 0.61000E+02, 0.30000E+01, 0.21037E+03, 0.12139E+00, 0.16099E-01
 0.62000E+02, 0.30000E+01, 0.21158E+03, 0.12526E+00, 0.15642E-01
 0.63000E+02, 0.30000E+01, 0.22000E+02, 0.30000E+02, 0.00000E+00
 0.64000E+02, 0.30000E+01, 0.28073E+03, 0.40703E+00, 0.55000E-02
 0.65000E+02, 0.30000E+01, 0.28479E+03, 0.41439E+00, 0.54420E-02
 0.00000E+00, 0.40000E+01, 0.11745E+03, 0.16848E+00, 0.93704E-02
 0.10000E+01, 0.40000E+01, 0.11808E+03, 0.17390E+00, 0.90930E-02
 0.20000E+01, 0.40000E+01, 0.11469E+03, 0.18769E+00, 0.83521E-02
 0.30000E+01, 0.40000E+01, 0.11084E+03, 0.18948E+00, 0.81909E-02
 0.40000E+01, 0.40000E+01, 0.10229E+03, 0.19697E+00, 0.77040E-02
 0.50000E+01, 0.40000E+01, 0.10133E+03, 0.19883E+00, 0.76126E-02
 0.60000E+01, 0.40000E+01, 0.98319E+02, 0.19861E+00, 0.75595E-02
 0.70000E+01, 0.40000E+01, 0.99194E+02, 0.19130E+00, 0.78668E-02
 0.80000E+01, 0.40000E+01, 0.22000E+02, 0.30000E+02, 0.00000E+00
 0.90000E+01, 0.40000E+01, 0.33577E+03, 0.86220E-01, 0.28545E-01
 0.10000E+02, 0.40000E+01, 0.30530E+03, 0.81071E-01, 0.28839E-01
 0.11000E+02, 0.40000E+01, 0.20835E+03, 0.12590E+00, 0.15458E-01
 0.12000E+02, 0.40000E+01, 0.20787E+03, 0.12894E+00, 0.15078E-01
 0.13000E+02, 0.40000E+01, 0.15259E+03, 0.12551E+00, 0.13710E-01
 0.14000E+02, 0.40000E+01, 0.13263E+03, 0.12916E+00, 0.12698E-01
 0.15000E+02, 0.40000E+01, 0.11635E+03, 0.12981E+00, 0.12127E-01
 0.16000E+02, 0.40000E+01, 0.11347E+03, 0.12863E+00, 0.12148E-01
 0.17000E+02, 0.40000E+01, 0.23604E+03, 0.89486E-01, 0.22999E-01
 0.18000E+02, 0.40000E+01, 0.27168E+03, 0.93733E-01, 0.23493E-01
 0.19000E+02, 0.40000E+01, 0.24256E+03, 0.88161E-01, 0.23643E-01
 0.20000E+02, 0.40000E+01, 0.19074E+03, 0.10438E+00, 0.17963E-01
 0.21000E+02, 0.40000E+01, 0.20743E+03, 0.10840E+00, 0.17919E-01
 0.22000E+02, 0.40000E+01, 0.23228E+03, 0.11299E+00, 0.18080E-01
 0.23000E+02, 0.40000E+01, 0.10284E+03, 0.30135E+00, 0.50429E-02
 0.24000E+02, 0.40000E+01, 0.10910E+03, 0.28865E+00, 0.53524E-02
 0.25000E+02, 0.40000E+01, 0.11481E+03, 0.28665E+00, 0.54703E-02
 0.26000E+02, 0.40000E+01, 0.12401E+03, 0.27426E+00, 0.58529E-02
 0.27000E+02, 0.40000E+01, 0.12744E+03, 0.27100E+00, 0.59746E-02
 0.28000E+02, 0.40000E+01, 0.12736E+03, 0.27708E+00, 0.58424E-02
 0.29000E+02, 0.40000E+01, 0.11609E+03, 0.25235E+00, 0.62345E-02
 0.30000E+02, 0.40000E+01, 0.11771E+03, 0.24082E+00, 0.65601E-02
 0.31000E+02, 0.40000E+01, 0.11508E+03, 0.23149E+00, 0.67787E-02
 0.32000E+02, 0.40000E+01, 0.12288E+03, 0.23009E+00, 0.69567E-02
 0.33000E+02, 0.40000E+01, 0.14324E+03, 0.21643E+00, 0.77759E-02
 0.34000E+02, 0.40000E+01, 0.27842E+03, 0.17162E+00, 0.12990E-01
 0.35000E+02, 0.40000E+01, 0.26112E+03, 0.15239E+00, 0.14170E-01
 0.36000E+02, 0.40000E+01, 0.26526E+03, 0.14809E+00, 0.14695E-01
 0.37000E+02, 0.40000E+01, 0.26099E+03, 0.15854E+00, 0.13618E-01
 0.38000E+02, 0.40000E+01, 0.26820E+03, 0.14998E+00, 0.14589E-01
 0.39000E+02, 0.40000E+01, 0.32073E+03, 0.14540E+00, 0.16508E-01
 0.40000E+02, 0.40000E+01, 0.15900E+03, 0.36040E+00, 0.48464E-02
 0.41000E+02, 0.40000E+01, 0.16623E+03, 0.32340E+00, 0.54914E-02
 0.42000E+02, 0.40000E+01, 0.15468E+03, 0.33708E+00, 0.51300E-02
 0.43000E+02, 0.40000E+01, 0.15703E+03, 0.32817E+00, 0.52982E-02
 0.44000E+02, 0.40000E+01, 0.16526E+03, 0.31774E+00, 0.55768E-02
 0.45000E+02, 0.40000E+01, 0.16525E+03, 0.31067E+00, 0.57035E-02
 0.46000E+02, 0.40000E+01, 0.17438E+03, 0.28757E+00, 0.62900E-02
 0.47000E+02, 0.40000E+01, 0.18381E+03, 0.27123E+00, 0.68097E-02
 0.48000E+02, 0.40000E+01, 0.19057E+03, 0.25688E+00, 0.72964E-02
 0.49000E+02, 0.40000E+01, 0.19017E+03, 0.23692E+00, 0.79041E-02
 0.50000E+02, 0.40000E+01, 0.19022E+03, 0.21069E+00, 0.88893E-02
 0.51000E+02, 0.40000E+01, 0.19391E+03, 0.20606E+00, 0.91613E-02
 0.52000E+02, 0.40000E+01, 0.32235E+03, 0.10490E+00, 0.22945E-01
 0.53000E+02, 0.40000E+01, 0.32607E+03, 0.10686E+00, 0.22664E-01
 0.54000E+02, 0.40000E+01, 0.32164E+03, 0.10743E+00, 0.22377E-01
 0.55000E+02, 0.40000E+01, 0.33346E+03, 0.12583E+00, 0.19485E-01
 0.56000E+02, 0.40000E+01, 0.33140E+03, 0.12689E+00, 0.19257E-01
 0.57000E+02, 0.40000E+01, 0.33786E+03, 0.10954E+00, 0.22545E-01
 0.58000E+02, 0.40000E+01, 0.20841E+03, 0.11462E+00, 0.16981E-01
 0.59000E+02, 0.40000E+01, 0.20191E+03, 0.12005E+00, 0.15994E-01
 0.60000E+02, 0.40000E+01, 0.20785E+03, 0.11791E+00, 0.16488E-01
 0.61000E+02, 0.40000E+01, 0.21564E+03, 0.12064E+00, 0.16376E-01
 0.62000E+02, 0.40000E+01, 0.20965E+03, 0.12487E+00, 0.15628E-01
 0.63000E+02, 0.40000E+01, 0.22000E+02, 0.30000E+02, 0.00000E+00
 0.64000E+02, 0.40000E+01, 0.27596E+03, 0.39425E+00, 0.56294E-02
 0.65000E+02, 0.40000E+01, 0.28691E+03, 0.40788E+00, 0.55498E-02
 0.00000E+00, 0.50000E+01, 0.12112E+03, 0.16616E+00, 0.95906E-02
 0.10000E+01, 0.50000E+01, 0.11798E+03, 0.18251E+00, 0.86622E-02
 0.20000E+01, 0.50000E+01, 0.11948E+03, 0.18865E+00, 0.84119E-02
 0.30000E+01, 0.50000E+01, 0.11482E+03, 0.19148E+00, 0.81891E-02
 0.40000E+01, 0.50000E+01, 0.10431E+03, 0.19882E+00, 0.76734E-02
 0.50000E+01, 0.50000E+01, 0.99269E+02, 0.20369E+00, 0.73898E-02
 0.60000E+01, 0.50000E+01, 0.97127E+02, 0.20295E+00, 0.73744E-02
 0.70000E+01, 0.50000E+01, 0.99155E+02, 0.19128E+00, 0.78671E-02
 0.80000E+01, 0.50000E+01, 0.22000E+02, 0.30000E+02, 0.00000E+00
 0.90000E+01, 0.50000E+01, 0.34667E+03, 0.88008E-01, 0.28466E-01
 0.10000E+02, 0.50000E+01, 0.29697E+03, 0.80834E-01, 0.28507E-01
 0.11000E+02, 0.50000E+01, 0.23347E+03, 0.13084E+00, 0.15650E-01
 0.12000E+02, 0.50000E+01, 0.21136E+03, 0.13267E+00, 0.14760E-01
 0.13000E+02, 0.50000E+01, 0.16606E+03, 0.13085E+00, 0.13567E-01
 0.14000E+02, 0.50000E+01, 0.11924E+03, 0.13150E+00, 0.12061E-01
 0.15000E+02, 0.50000E+01, 0.10597E+03, 0.13015E+00, 0.11773E-01
 0.16000E+02, 0.50000E+01, 0.10043E+03, 0.12915E+00, 0.11691E-01
 0.17000E+02, 0.50000E+01, 0.39567E+03, 0.10995E+00, 0.24586E-01
 0.18000E+02, 0.50000E+01, 0.29714E+03, 0.97447E-01, 0.23654E-01
 0.19000E+02, 0.50000E+01, 0.21623E+03, 0.85250E-01, 0.23202E-01
 0.20000E+02, 0.50000E+01, 0.19174E+03, 0.10622E+00, 0.17689E-01
 0.21000E+02, 0.50000E+01, 0.26309E+03, 0.12252E+00, 0.17690E-01
 0.22000E+02, 0.50000E+01, 0.24097E+03, 0.11764E+00, 0.17664E-01
 0.23000E+02, 0.50000E+01, 0.10359E+03, 0.29509E+00, 0.51601E-02
 0.24000E+02, 0.50000E+01, 0.12735E+03, 0.27051E+00, 0.59841E-02
 0.25000E+02, 0.50000E+01, 0.10481E+03, 0.28419E+00, 0.53754E-02
 0.26000E+02, 0.50000E+01, 0.11489E+03, 0.28164E+00, 0.55688E-02
 0.27000E+02, 0.50000E+01, 0.11815E+03, 0.28077E+00, 0.56329E-02
 0.28000E+02, 0.50000E+01, 0.11968E+03, 0.27056E+00, 0.58683E-02
 0.29000E+02, 0.50000E+01, 0.11455E+03, 0.24021E+00, 0.65235E-02
 0.30000E+02, 0.50000E+01, 0.11454E+03, 0.23545E+00, 0.66552E-02
 0.31000E+02, 0.50000E+01, 0.11785E+03, 0.22798E+00, 0.69320E-02
 0.32000E+02, 0.50000E+01, 0.12621E+03, 0.22587E+00, 0.71463E-02
 0.33000E+02, 0.50000E+01, 0.15352E+03, 0.21023E+00, 0.82032E-02
 0.34000E+02, 0.50000E+01, 0.31025E+03, 0.18966E+00, 0.12433E-01
 0.35000E+02, 0.50000E+01, 0.29430E+03, 0.17860E+00, 0.12842E-01
 0.36000E+02, 0.50000E+01, 0.25045E+03, 0.16013E+00, 0.13216E-01
 0.37000E+02, 0.50000E+01, 0.25009E+03, 0.17675E+00, 0.11965E-01
 0.38000E+02, 0.50000E+01, 0.25567E+03, 0.16399E+00, 0.13034E-01
 0.39000E+02, 0.50000E+01, 0.30459E+03, 0.14985E+00, 0.15583E-01
 0.40000E+02, 0.50000E+01, 0.20065E+03, 0.35752E+00, 0.53564E-02
 0.41000E+02, 0.50000E+01, 0.21456E+03, 0.30052E+00, 0.65594E-02
 0.42000E+02, 0.50000E+01, 0.17031E+03, 0.31252E+00, 0.57353E-02
 0.43000E+02, 0.50000E+01, 0.16962E+03, 0.31095E+00, 0.57553E-02
 0.44000E+02, 0.50000E+01, 0.16777E+03, 0.29087E+00, 0.61270E-02
 0.45000E+02, 0.50000E+01, 0.17120E+03, 0.29257E+00, 0.61385E-02
 0.46000E+02, 0.50000E+01, 0.17978E+03, 0.28016E+00, 0.65343E-02
 0.47000E+02, 0.50000E+01, 0.19287E+03, 0.25976E+00, 0.72511E-02
 0.48000E+02, 0.50000E+01, 0.18203E+03, 0.23591E+00, 0.77987E-02
 0.49000E+02, 0.50000E+01, 0.17908E+03, 0.21875E+00, 0.83560E-02
 0.50000E+02, 0.50000E+01, 0.18115E+03, 0.21299E+00, 0.86211E-02
 0.51000E+02, 0.50000E+01, 0.18546E+03, 0.20828E+00, 0.88996E-02
 0.52000E+02, 0.50000E+01, 0.31380E+03, 0.11247E+00, 0.21093E-01
 0.53000E+02, 0.50000E+01, 0.32767E+03, 0.10867E+00, 0.22348E-01
 0.54000E+02, 0.50000E+01, 0.33615E+03, 0.11513E+00, 0.21391E-01
 0.55000E+02, 0.50000E+01, 0.33258E+03, 0.12633E+00, 0.19379E-01
 0.56000E+02, 0.50000E+01, 0.32901E+03, 0.12391E+00, 0.19642E-01
 0.57000E+02, 0.50000E+01, 0.33854E+03, 0.11126E+00, 0.22221E-01
 0.58000E+02, 0.50000E+01, 0.21384E+03, 0.11786E+00, 0.16700E-01
 0.59000E+02, 0.50000E+01, 0.20492E+03, 0.11612E+00, 0.16640E-01
 0.60000E+02, 0.50000E+01, 0.20545E+03, 0.11687E+00, 0.16552E-01
 0.61000E+02, 0.50000E+01, 0.21542E+03, 0.11817E+00, 0.16711E-01
 0.62000E+02, 0.50000E+01, 0.20795E+03, 0.12024E+00, 0.16171E-01
 0.63000E+02, 0.50000E+01, 0.22000E+02, 0.30000E+02, 0.00000E+00
 0.64000E+02, 0.50000E+01, 0.27330E+03, 0.38483E+00, 0.57393E-02
 0.65000E+02, 0.50000E+01, 0.28594E+03, 0.40170E+00, 0.56255E-02
 0.00000E+00, 0.60000E+01, 0.12059E+03, 0.16708E+00, 0.95247E-02
 0.10000E+01, 0.60000E+01, 0.12015E+03, 0.18602E+00, 0.85454E-02
 0.20000E+01, 0.60000E+01, 0.12432E+03, 0.18860E+00, 0.85181E-02
 0.30000E+01, 0.60000E+01, 0.11868E+03, 0.19391E+00, 0.81673E-02
 0.40000E+01, 0.60000E+01, 0.10543E+03, 0.19957E+00, 0.76672E-02
 0.50000E+01, 0.60000E+01, 0.99160E+02, 0.20397E+00, 0.73778E-02
 0.60000E+01, 0.60000E+01, 0.97083E+02, 0.20275E+00, 0.73808E-02
 0.70000E+01, 0.60000E+01, 0.97570E+02, 0.19489E+00, 0.76883E-02
 0.80000E+01, 0.60000E+01, 0.22000E+02, 0.30000E+02, 0.00000E+00
 0.90000E+01, 0.60000E+01, 0.33029E+03, 0.85776E-01, 0.28435E-01
 0.10000E+02, 0.60000E+01, 0.29384E+03, 0.80349E-01, 0.28522E-01
 0.11000E+02, 0.60000E+01, 0.26014E+03, 0.14136E+00, 0.15248E-01
 0.12000E+02, 0.60000E+01, 0.19036E+03, 0.13996E+00, 0.13385E-01
 0.13000E+02, 0.60000E+01, 0.18597E+03, 0.13908E+00, 0.13342E-01
 0.14000E+02, 0.60000E+01, 0.23685E+03, 0.88063E-01, 0.23407E-01
 0.15000E+02, 0.60000E+01, 0.23418E+03, 0.87242E-01, 0.23504E-01
 0.16000E+02, 0.60000E+01, 0.21107E+03, 0.82064E-01, 0.23849E-01
 0.17000E+02, 0.60000E+01, 0.51748E+03, 0.12491E+00, 0.25582E-01
 0.18000E+02, 0.60000E+01, 0.47383E+03, 0.11662E+00, 0.25889E-01
 0.19000E+02, 0.60000E+01, 0.25563E+02, 0.30000E+02, 0.00000E+00
 0.20000E+02, 0.60000E+01, 0.25294E+02, 0.30000E+02, 0.00000E+00
 0.21000E+02, 0.60000E+01, 0.55931E+03, 0.17149E+00, 0.19620E-01
 0.22000E+02, 0.60000E+01, 0.50654E+03, 0.16313E+00, 0.19318E-01
 0.23000E+02, 0.60000E+01, 0.14677E+03, 0.29414E+00, 0.57701E-02
 0.24000E+02, 0.60000E+01, 0.18565E+03, 0.25218E+00, 0.73534E-02
 0.25000E+02, 0.60000E+01, 0.11249E+03, 0.27492E+00, 0.56695E-02
 0.26000E+02, 0.60000E+01, 0.11237E+03, 0.27865E+00, 0.55921E-02
 0.27000E+02, 0.60000E+01, 0.11814E+03, 0.27993E+00, 0.56497E-02
 0.28000E+02, 0.60000E+01, 0.12444E+03, 0.26439E+00, 0.60781E-02
 0.29000E+02, 0.60000E+01, 0.11376E+03, 0.24530E+00, 0.63752E-02
 0.30000E+02, 0.60000E+01, 0.11379E+03, 0.23234E+00, 0.67314E-02
 0.31000E+02, 0.60000E+01, 0.11356E+03, 0.22298E+00, 0.70096E-02
 0.32000E+02, 0.60000E+01, 0.11943E+03, 0.21967E+00, 0.72234E-02
 0.33000E+02, 0.60000E+01, 0.15258E+03, 0.20864E+00, 0.82472E-02
 0.34000E+02, 0.60000E+01, 0.35244E+03, 0.19758E+00, 0.12797E-01
 0.35000E+02, 0.60000E+01, 0.34248E+03, 0.19125E+00, 0.13011E-01
 0.36000E+02, 0.60000E+01, 0.26666E+03, 0.18103E+00, 0.12053E-01
 0.37000E+02, 0.60000E+01, 0.24076E+03, 0.18222E+00, 0.11399E-01
 0.38000E+02, 0.60000E+01, 0.26151E+03, 0.15568E+00, 0.13881E-01
 0.39000E+02, 0.60000E+01, 0.29370E+03, 0.14823E+00, 0.15456E-01
 0.40000E+02, 0.60000E+01, 0.29479E+03, 0.31012E+00, 0.74020E-02
 0.41000E+02, 0.60000E+01, 0.27943E+03, 0.27861E+00, 0.80165E-02
 0.42000E+02, 0.60000E+01, 0.19147E+03, 0.29299E+00, 0.64095E-02
 0.43000E+02, 0.60000E+01, 0.18691E+03, 0.28906E+00, 0.64330E-02
 0.44000E+02, 0.60000E+01, 0.18065E+03, 0.27717E+00, 0.66175E-02
 0.45000E+02, 0.60000E+01, 0.18641E+03, 0.27310E+00, 0.68014E-02
 0.46000E+02, 0.60000E+01, 0.18969E+03, 0.26810E+00, 0.69776E-02
 0.47000E+02, 0.60000E+01, 0.18790E+03, 0.25541E+00, 0.72960E-02
 0.48000E+02, 0.60000E+01, 0.17051E+03, 0.23456E+00, 0.76450E-02
 0.49000E+02, 0.60000E+01, 0.16442E+03, 0.23000E+00, 0.76895E-02
 0.50000E+02, 0.60000E+01, 0.16499E+03, 0.22218E+00, 0.79705E-02
 0.51000E+02, 0.60000E+01, 0.16856E+03, 0.21322E+00, 0.83733E-02
 0.52000E+02, 0.60000E+01, 0.32651E+03, 0.13185E+00, 0.18382E-01
 0.53000E+02, 0.60000E+01, 0.31968E+03, 0.11201E+00, 0.21392E-01
 0.54000E+02, 0.60000E+01, 0.32466E+03, 0.11727E+00, 0.20604E-01
 0.55000E+02, 0.60000E+01, 0.33209E+03, 0.12275E+00, 0.19928E-01
 0.56000E+02, 0.60000E+01, 0.33595E+03, 0.10864E+00, 0.22660E-01
 0.57000E+02, 0.60000E+01, 0.33873E+03, 0.11971E+00, 0.20660E-01
 0.58000E+02, 0.60000E+01, 0.24101E+03, 0.13900E+00, 0.14950E-01
 0.59000E+02, 0.60000E+01, 0.21010E+03, 0.11217E+00, 0.17413E-01
 0.60000E+02, 0.60000E+01, 0.20505E+03, 0.11535E+00, 0.16756E-01
 0.61000E+02, 0.60000E+01, 0.21400E+03, 0.11720E+00, 0.16801E-01
 0.62000E+02, 0.60000E+01, 0.20257E+03, 0.11946E+00, 0.16095E-01
 0.63000E+02, 0.60000E+01, 0.22000E+02, 0.30000E+02, 0.00000E+00
 0.64000E+02, 0.60000E+01, 0.27830E+03, 0.38798E+00, 0.57448E-02
 0.65000E+02, 0.60000E+01, 0.30827E+03, 0.42916E+00, 0.54758E-02
 0.00000E+00, 0.70000E+01, 0.12076E+03, 0.17212E+00, 0.92497E-02
 0.10000E+01, 0.70000E+01, 0.12387E+03, 0.18950E+00, 0.84678E-02
 0.20000E+01, 0.70000E+01, 0.12519E+03, 0.19195E+00, 0.83876E-02
 0.30000E+01, 0.70000E+01, 0.12772E+03, 0.19423E+00, 0.83419E-02
 0.40000E+01, 0.70000E+01, 0.11604E+03, 0.19656E+00, 0.80026E-02
 0.50000E+01, 0.70000E+01, 0.10680E+03, 0.19927E+00, 0.77065E-02
 0.60000E+01, 0.70000E+01, 0.10551E+03, 0.19985E+00, 0.76581E-02
 0.70000E+01, 0.70000E+01, 0.96867E+02, 0.19799E+00, 0.75537E-02
 0.80000E+01, 0.70000E+01, 0.22000E+02, 0.30000E+02, 0.00000E+00
 0.90000E+01, 0.70000E+01, 0.38612E+03, 0.96766E-01, 0.27537E-01
 0.10000E+02, 0.70000E+01, 0.29570E+03, 0.81908E-01, 0.28070E-01
 0.11000E+02, 0.70000E+01, 0.19521E+03, 0.15006E+00, 0.12615E-01
 0.12000E+02, 0.70000E+01, 0.31985E+03, 0.15083E+00, 0.15891E-01
 0.13000E+02, 0.70000E+01, 0.24848E+03, 0.13021E+00, 0.16192E-01
 0.14000E+02, 0.70000E+01, 0.34298E+03, 0.10730E+00, 0.23208E-01
 0.15000E+02, 0.70000E+01, 0.26032E+03, 0.91724E-01, 0.23507E-01
 0.16000E+02, 0.70000E+01, 0.20926E+03, 0.81618E-01, 0.23889E-01
 0.17000E+02, 0.70000E+01, 0.60250E+03, 0.14380E+00, 0.24612E-01
 0.18000E+02, 0.70000E+01, 0.47692E+03, 0.11629E+00, 0.26070E-01
 0.19000E+02, 0.70000E+01, 0.25030E+02, 0.30000E+02, 0.00000E+00
 0.20000E+02, 0.70000E+01, 0.24677E+02, 0.30000E+02, 0.00000E+00
 0.21000E+02, 0.70000E+01, 0.61802E+03, 0.19899E+00, 0.18101E-01
 0.22000E+02, 0.70000E+01, 0.59289E+03, 0.17560E+00, 0.19934E-01
 0.23000E+02, 0.70000E+01, 0.37294E+03, 0.25314E+00, 0.10316E-01
 0.24000E+02, 0.70000E+01, 0.41626E+03, 0.21713E+00, 0.12833E-01
 0.25000E+02, 0.70000E+01, 0.13503E+03, 0.25401E+00, 0.64950E-02
 0.26000E+02, 0.70000E+01, 0.12200E+03, 0.25702E+00, 0.62141E-02
 0.27000E+02, 0.70000E+01, 0.12381E+03, 0.25958E+00, 0.61811E-02
 0.28000E+02, 0.70000E+01, 0.14772E+03, 0.22220E+00, 0.76556E-02
 0.29000E+02, 0.70000E+01, 0.12071E+03, 0.23690E+00, 0.67197E-02
 0.30000E+02, 0.70000E+01, 0.10807E+03, 0.23168E+00, 0.66507E-02
 0.31000E+02, 0.70000E+01, 0.10652E+03, 0.22523E+00, 0.68132E-02
 0.32000E+02, 0.70000E+01, 0.11974E+03, 0.21859E+00, 0.72645E-02
 0.33000E+02, 0.70000E+01, 0.14092E+03, 0.21083E+00, 0.79379E-02
 0.34000E+02, 0.70000E+01, 0.56905E+03, 0.18325E+00, 0.18576E-01
 0.35000E+02, 0.70000E+01, 0.45897E+03, 0.19569E+00, 0.15122E-01
 0.36000E+02, 0.70000E+01, 0.24394E+03, 0.17902E+00, 0.11674E-01
 0.37000E+02, 0.70000E+01, 0.22670E+03, 0.16318E+00, 0.12381E-01
 0.38000E+02, 0.70000E+01, 0.25465E+03, 0.14604E+00, 0.14608E-01
 0.39000E+02, 0.70000E+01, 0.28625E+03, 0.14107E+00, 0.16027E-01
 0.40000E+02, 0.70000E+01, 0.81130E+03, 0.21420E+00, 0.20463E-01
 0.41000E+02, 0.70000E+01, 0.41508E+03, 0.25754E+00, 0.10801E-01
 0.42000E+02, 0.70000E+01, 0.19380E+03, 0.26740E+00, 0.70581E-02
 0.43000E+02, 0.70000E+01, 0.17955E+03, 0.25830E+00, 0.70836E-02
 0.44000E+02, 0.70000E+01, 0.18175E+03, 0.25556E+00, 0.71945E-02
 0.45000E+02, 0.70000E+01, 0.18264E+03, 0.25993E+00, 0.70875E-02
 0.46000E+02, 0.70000E+01, 0.18590E+03, 0.25792E+00, 0.71938E-02
 0.47000E+02, 0.70000E+01, 0.18241E+03, 0.24189E+00, 0.76122E-02
 0.48000E+02, 0.70000E+01, 0.18032E+03, 0.21900E+00, 0.83691E-02
 0.49000E+02, 0.70000E+01, 0.16058E+03, 0.23417E+00, 0.74862E-02
 0.50000E+02, 0.70000E+01, 0.15757E+03, 0.23009E+00, 0.75662E-02
 0.51000E+02, 0.70000E+01, 0.15915E+03, 0.22779E+00, 0.76705E-02
 0.52000E+02, 0.70000E+01, 0.35378E+03, 0.18240E+00, 0.13892E-01
 0.53000E+02, 0.70000E+01, 0.35934E+03, 0.19398E+00, 0.13179E-01
 0.54000E+02, 0.70000E+01, 0.31949E+03, 0.12819E+00, 0.18686E-01
 0.55000E+02, 0.70000E+01, 0.30967E+03, 0.12025E+00, 0.19590E-01
 0.56000E+02, 0.70000E+01, 0.31459E+03, 0.10527E+00, 0.22566E-01
 0.57000E+02, 0.70000E+01, 0.32995E+03, 0.12827E+00, 0.19004E-01
 0.58000E+02, 0.70000E+01, 0.28594E+03, 0.20907E+00, 0.10808E-01
 0.59000E+02, 0.70000E+01, 0.27600E+03, 0.18405E+00, 0.12060E-01
 0.60000E+02, 0.70000E+01, 0.23315E+03, 0.13688E+00, 0.14950E-01
 0.61000E+02, 0.70000E+01, 0.20596E+03, 0.11668E+00, 0.16596E-01
 0.62000E+02, 0.70000E+01, 0.19874E+03, 0.11912E+00, 0.16012E-01
 0.63000E+02, 0.70000E+01, 0.22000E+02, 0.30000E+02, 0.00000E+00
 0.64000E+02, 0.70000E+01, 0.28178E+03, 0.39037E+00, 0.57456E-02
 0.65000E+02, 0.70000E+01, 0.32986E+03, 0.44745E+00, 0.54471E-02
 0.00000E+00, 0.80000E+01, 0.12112E+03, 0.18193E+00, 0.87594E-02
 0.10000E+01, 0.80000E+01, 0.12864E+03, 0.19525E+00, 0.83174E-02
 0.20000E+01, 0.80000E+01, 0.12524E+03, 0.19767E+00, 0.81462E-02
 0.30000E+01, 0.80000E+01, 0.13553E+03, 0.19628E+00, 0.84154E-02
 0.40000E+01, 0.80000E+01, 0.13407E+03, 0.19402E+00, 0.84830E-02
 0.50000E+01, 0.80000E+01, 0.12275E+03, 0.19513E+00, 0.82006E-02
 0.60000E+01, 0.80000E+01, 0.12040E+03, 0.19571E+00, 0.81276E-02
 0.70000E+01, 0.80000E+01, 0.10160E+03, 0.19956E+00, 0.75902E-02
 0.80000E+01, 0.80000E+01, 0.22000E+02, 0.30000E+02, 0.00000E+00
 0.90000E+01, 0.80000E+01, 0.45583E+03, 0.10792E+00, 0.27302E-01
 0.10000E+02, 0.80000E+01, 0.47741E+03, 0.11988E+00, 0.25305E-01
 0.11000E+02, 0.80000E+01, 0.50139E+03, 0.13107E+00, 0.23885E-01
 0.12000E+02, 0.80000E+01, 0.52473E+03, 0.13612E+00, 0.23692E-01
 0.13000E+02, 0.80000E+01, 0.55300E+03, 0.13852E+00, 0.24107E-01
 0.14000E+02, 0.80000E+01, 0.58030E+03, 0.13605E+00, 0.25355E-01
 0.15000E+02, 0.80000E+01, 0.61351E+03, 0.13877E+00, 0.25825E-01
 0.16000E+02, 0.80000E+01, 0.64943E+03, 0.15636E+00, 0.23848E-01
 0.17000E+02, 0.80000E+01, 0.68069E+03, 0.17641E+00, 0.21854E-01
 0.18000E+02, 0.80000E+01, 0.65626E+03, 0.15675E+00, 0.23964E-01
 0.19000E+02, 0.80000E+01, 0.66377E+03, 0.15833E+00, 0.23917E-01
 0.20000E+02, 0.80000E+01, 0.68735E+03, 0.22157E+00, 0.17521E-01
 0.21000E+02, 0.80000E+01, 0.67107E+03, 0.22462E+00, 0.16990E-01
 0.22000E+02, 0.80000E+01, 0.61918E+03, 0.20221E+00, 0.17836E-01
 0.23000E+02, 0.80000E+01, 0.56737E+03, 0.19803E+00, 0.17155E-01
 0.24000E+02, 0.80000E+01, 0.48870E+03, 0.17842E+00, 0.17258E-01
 0.25000E+02, 0.80000E+01, 0.49981E+03, 0.16728E+00, 0.18677E-01
 0.26000E+02, 0.80000E+01, 0.50111E+03, 0.16100E+00, 0.19437E-01
 0.27000E+02, 0.80000E+01, 0.49629E+03, 0.15062E+00, 0.20648E-01
 0.28000E+02, 0.80000E+01, 0.51757E+03, 0.15433E+00, 0.20709E-01
 0.29000E+02, 0.80000E+01, 0.54814E+03, 0.16038E+00, 0.20697E-01
 0.30000E+02, 0.80000E+01, 0.58082E+03, 0.16575E+00, 0.20825E-01
 0.31000E+02, 0.80000E+01, 0.59458E+03, 0.17552E+00, 0.19982E-01
 0.32000E+02, 0.80000E+01, 0.61705E+03, 0.19981E+00, 0.18007E-01
 0.33000E+02, 0.80000E+01, 0.62527E+03, 0.21510E+00, 0.16881E-01
 0.34000E+02, 0.80000E+01, 0.63213E+03, 0.21680E+00, 0.16878E-01
 0.35000E+02, 0.80000E+01, 0.61296E+03, 0.20787E+00, 0.17229E-01
 0.36000E+02, 0.80000E+01, 0.61920E+03, 0.20727E+00, 0.17401E-01
 0.37000E+02, 0.80000E+01, 0.65753E+03, 0.20410E+00, 0.18431E-01
 0.38000E+02, 0.80000E+01, 0.66487E+03, 0.18547E+00, 0.20442E-01
 0.39000E+02, 0.80000E+01, 0.67092E+03, 0.19617E+00, 0.19451E-01
 0.40000E+02, 0.80000E+01, 0.67989E+03, 0.23868E+00, 0.16139E-01
 0.41000E+02, 0.80000E+01, 0.62822E+03, 0.22804E+00, 0.15976E-01
 0.42000E+02, 0.80000E+01, 0.57507E+03, 0.22678E+00, 0.15118E-01
 0.43000E+02, 0.80000E+01, 0.53973E+03, 0.22345E+00, 0.14704E-01
 0.44000E+02, 0.80000E+01, 0.51057E+03, 0.20849E+00, 0.15193E-01
 0.45000E+02, 0.80000E+01, 0.49567E+03, 0.20242E+00, 0.15351E-01
 0.46000E+02, 0.80000E+01, 0.50637E+03, 0.21644E+00, 0.14557E-01
 0.47000E+02, 0.80000E+01, 0.48317E+03, 0.20329E+00, 0.15037E-01
 0.48000E+02, 0.80000E+01, 0.48365E+03, 0.21866E+00, 0.13989E-01
 0.49000E+02, 0.80000E+01, 0.48524E+03, 0.22610E+00, 0.13557E-01
 0.50000E+02, 0.80000E+01, 0.45701E+03, 0.23274E+00, 0.12680E-01
 0.51000E+02, 0.80000E+01, 0.46098E+03, 0.24756E+00, 0.11986E-01
 0.52000E+02, 0.80000E+01, 0.43627E+03, 0.24804E+00, 0.11560E-01
 0.53000E+02, 0.80000E+01, 0.42072E+03, 0.26851E+00, 0.10445E-01
 0.54000E+02, 0.80000E+01, 0.40008E+03, 0.27010E+00, 0.10074E-01
 0.55000E+02, 0.80000E+01, 0.37771E+03, 0.28204E+00, 0.93272E-02
 0.56000E+02, 0.80000E+01, 0.36320E+03, 0.31442E+00, 0.81802E-02
 0.57000E+02, 0.80000E+01, 0.35564E+03, 0.36722E+00, 0.69208E-02
 0.58000E+02, 0.80000E+01, 0.37170E+03, 0.45902E+00, 0.56781E-02
 0.59000E+02, 0.80000E+01, 0.36353E+03, 0.41671E+00, 0.61753E-02
 0.60000E+02, 0.80000E+01, 0.35939E+03, 0.42807E+00, 0.59725E-02
 0.61000E+02, 0.80000E+01, 0.34425E+03, 0.37899E+00, 0.65844E-02
 0.62000E+02, 0.80000E+01, 0.34401E+03, 0.42723E+00, 0.58387E-02
 0.63000E+02, 0.80000E+01, 0.34301E+03, 0.47891E+00, 0.52002E-02
 0.64000E+02, 0.80000E+01, 0.33680E+03, 0.47455E+00, 0.51951E-02
 0.65000E+02, 0.80000E+01, 0.34089E+03, 0.44411E+00, 0.55883E-02
 0.00000E+00, 0.90000E+01, 0.12243E+03, 0.18518E+00, 0.86339E-02
 0.10000E+01, 0.90000E+01, 0.12929E+03, 0.20015E+00, 0.81268E-02
 0.20000E+01, 0.90000E+01, 0.12466E+03, 0.20357E+00, 0.78984E-02
 0.30000E+01, 0.90000E+01, 0.13203E+03, 0.20412E+00, 0.80230E-02
 0.40000E+01, 0.90000E+01, 0.14111E+03, 0.19378E+00, 0.86408E-02
 0.50000E+01, 0.90000E+01, 0.13760E+03, 0.19228E+00, 0.86339E-02
 0.60000E+01, 0.90000E+01, 0.13361E+03, 0.19082E+00, 0.86158E-02
 0.70000E+01, 0.90000E+01, 0.12297E+03, 0.19273E+00, 0.83072E-02
 0.80000E+01, 0.90000E+01, 0.22000E+02, 0.30000E+02, 0.00000E+00
 0.90000E+01, 0.90000E+01, 0.45847E+03, 0.99071E-01, 0.29848E-01
 0.10000E+02, 0.90000E+01, 0.45834E+03, 0.10463E+00, 0.28257E-01
 0.11000E+02, 0.90000E+01, 0.48730E+03, 0.11818E+00, 0.26009E-01
 0.12000E+02, 0.90000E+01, 0.47952E+03, 0.12531E+00, 0.24278E-01
 0.13000E+02, 0.90000E+01, 0.51639E+03, 0.12866E+00, 0.24803E-01
 0.14000E+02, 0.90000E+01, 0.55422E+03, 0.12607E+00, 0.26525E-01
 0.15000E+02, 0.90000E+01, 0.57253E+03, 0.12221E+00, 0.27969E-01
 0.16000E+02, 0.90000E+01, 0.60268E+03, 0.11467E+00, 0.30872E-01
 0.17000E+02, 0.90000E+01, 0.69533E+03, 0.15681E+00, 0.24963E-01
 0.18000E+02, 0.90000E+01, 0.72007E+03, 0.20758E+00, 0.19339E-01
 0.19000E+02, 0.90000E+01, 0.72174E+03, 0.21112E+00, 0.19047E-01
 0.20000E+02, 0.90000E+01, 0.73504E+03, 0.21331E+00, 0.19104E-01
 0.21000E+02, 0.90000E+01, 0.74902E+03, 0.24894E+00, 0.16596E-01
 0.22000E+02, 0.90000E+01, 0.69523E+03, 0.24527E+00, 0.15958E-01
 0.23000E+02, 0.90000E+01, 0.62753E+03, 0.23439E+00, 0.15531E-01
 0.24000E+02, 0.90000E+01, 0.58058E+03, 0.21637E+00, 0.15948E-01
 0.25000E+02, 0.90000E+01, 0.55497E+03, 0.21134E+00, 0.15838E-01
 0.26000E+02, 0.90000E+01, 0.56789E+03, 0.21680E+00, 0.15680E-01
 0.27000E+02, 0.90000E+01, 0.57974E+03, 0.21101E+00, 0.16337E-01
 0.28000E+02, 0.90000E+01, 0.55705E+03, 0.18092E+00, 0.18547E-01
 0.29000E+02, 0.90000E+01, 0.58256E+03, 0.19511E+00, 0.17726E-01
 0.30000E+02, 0.90000E+01, 0.62570E+03, 0.17889E+00, 0.20308E-01
 0.31000E+02, 0.90000E+01, 0.68554E+03, 0.17813E+00, 0.21752E-01
 0.32000E+02, 0.90000E+01, 0.76676E+03, 0.19418E+00, 0.21646E-01
 0.33000E+02, 0.90000E+01, 0.76091E+03, 0.23625E+00, 0.17691E-01
 0.34000E+02, 0.90000E+01, 0.73052E+03, 0.24475E+00, 0.16574E-01
 0.35000E+02, 0.90000E+01, 0.71277E+03, 0.23940E+00, 0.16645E-01
 0.36000E+02, 0.90000E+01, 0.70292E+03, 0.22974E+00, 0.17172E-01
 0.37000E+02, 0.90000E+01, 0.73896E+03, 0.22852E+00, 0.17901E-01
 0.38000E+02, 0.90000E+01, 0.78994E+03, 0.18628E+00, 0.23067E-01
 0.39000E+02, 0.90000E+01, 0.82482E+03, 0.18507E+00, 0.23979E-01
 0.40000E+02, 0.90000E+01, 0.76731E+03, 0.29041E+00, 0.14481E-01
 0.41000E+02, 0.90000E+01, 0.70349E+03, 0.29226E+00, 0.13507E-01
 0.42000E+02, 0.90000E+01, 0.62543E+03, 0.27576E+00, 0.13170E-01
 0.43000E+02, 0.90000E+01, 0.60810E+03, 0.32606E+00, 0.10924E-01
 0.44000E+02, 0.90000E+01, 0.57880E+03, 0.31946E+00, 0.10779E-01
 0.45000E+02, 0.90000E+01, 0.56335E+03, 0.28803E+00, 0.11738E-01
 0.46000E+02, 0.90000E+01, 0.55066E+03, 0.25404E+00, 0.13107E-01
 0.47000E+02, 0.90000E+01, 0.52111E+03, 0.22401E+00, 0.14331E-01
 0.48000E+02, 0.90000E+01, 0.53447E+03, 0.23633E+00, 0.13812E-01
 0.49000E+02, 0.90000E+01, 0.53082E+03, 0.22279E+00, 0.14586E-01
 0.50000E+02, 0.90000E+01, 0.52059E+03, 0.24173E+00, 0.13272E-01
 0.51000E+02, 0.90000E+01, 0.47334E+03, 0.28075E+00, 0.10747E-01
 0.52000E+02, 0.90000E+01, 0.46226E+03, 0.26839E+00, 0.11075E-01
 0.53000E+02, 0.90000E+01, 0.42711E+03, 0.26469E+00, 0.10693E-01
 0.54000E+02, 0.90000E+01, 0.41120E+03, 0.26730E+00, 0.10348E-01
 0.55000E+02, 0.90000E+01, 0.39422E+03, 0.28727E+00, 0.93897E-02
 0.56000E+02, 0.90000E+01, 0.38219E+03, 0.31488E+00, 0.84120E-02
 0.57000E+02, 0.90000E+01, 0.38265E+03, 0.36541E+00, 0.72539E-02
 0.58000E+02, 0.90000E+01, 0.37576E+03, 0.55964E+00, 0.46866E-02
 0.59000E+02, 0.90000E+01, 0.36261E+03, 0.53719E+00, 0.47835E-02
 0.60000E+02, 0.90000E+01, 0.35685E+03, 0.51372E+00, 0.49567E-02
 0.61000E+02, 0.90000E+01, 0.35427E+03, 0.45915E+00, 0.55231E-02
 0.62000E+02, 0.90000E+01, 0.34320E+03, 0.48830E+00, 0.51017E-02
 0.63000E+02, 0.90000E+01, 0.33624E+03, 0.50246E+00, 0.49020E-02
 0.64000E+02, 0.90000E+01, 0.33808E+03, 0.43921E+00, 0.56249E-02
 0.65000E+02, 0.90000E+01, 0.34332E+03, 0.43040E+00, 0.57892E-02
 0.00000E+00, 0.10000E+02, 0.12827E+03, 0.18839E+00, 0.86125E-02
 0.10000E+01, 0.10000E+02, 0.12690E+03, 0.20345E+00, 0.79474E-02
 0.20000E+01, 0.10000E+02, 0.12086E+03, 0.20786E+00, 0.76615E-02
 0.30000E+01, 0.10000E+02, 0.12355E+03, 0.21099E+00, 0.75992E-02
 0.40000E+01, 0.10000E+02, 0.15224E+03, 0.18984E+00, 0.90570E-02
 0.50000E+01, 0.10000E+02, 0.15711E+03, 0.18301E+00, 0.95023E-02
 0.60000E+01, 0.10000E+02, 0.14768E+03, 0.18577E+00, 0.91559E-02
 0.70000E+01, 0.10000E+02, 0.14006E+03, 0.18317E+00, 0.91180E-02
 0.80000E+01, 0.10000E+02, 0.22000E+02, 0.30000E+02, 0.00000E+00
 0.90000E+01, 0.10000E+02, 0.47547E+03, 0.10116E+00, 0.29912E-01
 0.10000E+02, 0.10000E+02, 0.45687E+03, 0.10258E+00, 0.28764E-01
 0.11000E+02, 0.10000E+02, 0.49014E+03, 0.10910E+00, 0.28277E-01
 0.12000E+02, 0.10000E+02, 0.49404E+03, 0.11350E+00, 0.27320E-01
 0.13000E+02, 0.10000E+02, 0.50271E+03, 0.11832E+00, 0.26504E-01
 0.14000E+02, 0.10000E+02, 0.54828E+03, 0.11572E+00, 0.28690E-01
 0.15000E+02, 0.10000E+02, 0.58374E+03, 0.11383E+00, 0.30427E-01
 0.16000E+02, 0.10000E+02, 0.61921E+03, 0.11462E+00, 0.31468E-01
 0.17000E+02, 0.10000E+02, 0.71273E+03, 0.13867E+00, 0.28736E-01
 0.18000E+02, 0.10000E+02, 0.73646E+03, 0.18540E+00, 0.22011E-01
 0.19000E+02, 0.10000E+02, 0.70906E+03, 0.18053E+00, 0.21990E-01
 0.20000E+02, 0.10000E+02, 0.79709E+03, 0.23235E+00, 0.18617E-01
 0.21000E+02, 0.10000E+02, 0.79979E+03, 0.26351E+00, 0.16457E-01
 0.22000E+02, 0.10000E+02, 0.73303E+03, 0.25541E+00, 0.15922E-01
 0.23000E+02, 0.10000E+02, 0.65909E+03, 0.25062E+00, 0.15035E-01
 0.24000E+02, 0.10000E+02, 0.61440E+03, 0.23408E+00, 0.15325E-01
 0.25000E+02, 0.10000E+02, 0.58760E+03, 0.22707E+00, 0.15321E-01
 0.26000E+02, 0.10000E+02, 0.57456E+03, 0.22212E+00, 0.15425E-01
 0.27000E+02, 0.10000E+02, 0.59190E+03, 0.22620E+00, 0.15457E-01
 0.28000E+02, 0.10000E+02, 0.59438E+03, 0.23838E+00, 0.14709E-01
 0.29000E+02, 0.10000E+02, 0.58676E+03, 0.21361E+00, 0.16271E-01
 0.30000E+02, 0.10000E+02, 0.62186E+03, 0.18617E+00, 0.19431E-01
 0.31000E+02, 0.10000E+02, 0.71669E+03, 0.18094E+00, 0.22111E-01
 0.32000E+02, 0.10000E+02, 0.76464E+03, 0.18273E+00, 0.22955E-01
 0.33000E+02, 0.10000E+02, 0.77205E+03, 0.22788E+00, 0.18539E-01
 0.34000E+02, 0.10000E+02, 0.72622E+03, 0.25984E+00, 0.15545E-01
 0.35000E+02, 0.10000E+02, 0.71161E+03, 0.28183E+00, 0.14123E-01
 0.36000E+02, 0.10000E+02, 0.72074E+03, 0.27570E+00, 0.14570E-01
 0.37000E+02, 0.10000E+02, 0.77657E+03, 0.21113E+00, 0.20095E-01
 0.38000E+02, 0.10000E+02, 0.85059E+03, 0.19500E+00, 0.23292E-01
 0.39000E+02, 0.10000E+02, 0.88340E+03, 0.17284E+00, 0.27046E-01
 0.40000E+02, 0.10000E+02, 0.85390E+03, 0.22163E+00, 0.20554E-01
 0.41000E+02, 0.10000E+02, 0.77337E+03, 0.33664E+00, 0.12565E-01
 0.42000E+02, 0.10000E+02, 0.68914E+03, 0.34943E+00, 0.11131E-01
 0.43000E+02, 0.10000E+02, 0.62874E+03, 0.37810E+00, 0.96411E-02
 0.44000E+02, 0.10000E+02, 0.59169E+03, 0.34994E+00, 0.99888E-02
 0.45000E+02, 0.10000E+02, 0.57024E+03, 0.27858E+00, 0.12237E-01
 0.46000E+02, 0.10000E+02, 0.58453E+03, 0.28416E+00, 0.12199E-01
 0.47000E+02, 0.10000E+02, 0.60439E+03, 0.27610E+00, 0.12846E-01
 0.48000E+02, 0.10000E+02, 0.57009E+03, 0.25373E+00, 0.13432E-01
 0.49000E+02, 0.10000E+02, 0.55464E+03, 0.24752E+00, 0.13517E-01
 0.50000E+02, 0.10000E+02, 0.53573E+03, 0.26228E+00, 0.12465E-01
 0.51000E+02, 0.10000E+02, 0.46727E+03, 0.26978E+00, 0.11093E-01
 0.52000E+02, 0.10000E+02, 0.44360E+03, 0.27198E+00, 0.10651E-01
 0.53000E+02, 0.10000E+02, 0.43124E+03, 0.29262E+00, 0.97294E-02
 0.54000E+02, 0.10000E+02, 0.42108E+03, 0.29095E+00, 0.96442E-02
 0.55000E+02, 0.10000E+02, 0.40308E+03, 0.30964E+00, 0.88271E-02
 0.56000E+02, 0.10000E+02, 0.39919E+03, 0.36938E+00, 0.73569E-02
 0.57000E+02, 0.10000E+02, 0.38437E+03, 0.48227E+00, 0.55106E-02
 0.58000E+02, 0.10000E+02, 0.36133E+03, 0.59764E+00, 0.42910E-02
 0.59000E+02, 0.10000E+02, 0.36321E+03, 0.59837E+00, 0.42984E-02
 0.60000E+02, 0.10000E+02, 0.37439E+03, 0.51552E+00, 0.50769E-02
 0.61000E+02, 0.10000E+02, 0.36485E+03, 0.53107E+00, 0.48557E-02
 0.62000E+02, 0.10000E+02, 0.35370E+03, 0.52385E+00, 0.48366E-02
 0.63000E+02, 0.10000E+02, 0.34439E+03, 0.46763E+00, 0.53375E-02
 0.64000E+02, 0.10000E+02, 0.34346E+03, 0.43811E+00, 0.56885E-02
 0.65000E+02, 0.10000E+02, 0.35557E+03, 0.42746E+00, 0.59449E-02
 0.00000E+00, 0.11000E+02, 0.13271E+03, 0.17995E+00, 0.91157E-02
 0.10000E+01, 0.11000E+02, 0.12571E+03, 0.20688E+00, 0.77925E-02
 0.20000E+01, 0.11000E+02, 0.11940E+03, 0.21207E+00, 0.74814E-02
 0.30000E+01, 0.11000E+02, 0.12661E+03, 0.21110E+00, 0.76539E-02
 0.40000E+01, 0.11000E+02, 0.16300E+03, 0.18547E+00, 0.95049E-02
 0.50000E+01, 0.11000E+02, 0.17406E+03, 0.17978E+00, 0.10054E-01
 0.60000E+01, 0.11000E+02, 0.17050E+03, 0.18216E+00, 0.98438E-02
 0.70000E+01, 0.11000E+02, 0.17681E+03, 0.17288E+00, 0.10520E-01
 0.80000E+01, 0.11000E+02, 0.22000E+02, 0.30000E+02, 0.00000E+00
 0.90000E+01, 0.11000E+02, 0.49379E+03, 0.10287E+00, 0.30133E-01
 0.10000E+02, 0.11000E+02, 0.48923E+03, 0.10934E+00, 0.28181E-01
 0.11000E+02, 0.11000E+02, 0.47877E+03, 0.11065E+00, 0.27465E-01
 0.12000E+02, 0.11000E+02, 0.47893E+03, 0.11342E+00, 0.26801E-01
 0.13000E+02, 0.11000E+02, 0.47034E+03, 0.11575E+00, 0.25961E-01
 0.14000E+02, 0.11000E+02, 0.53428E+03, 0.11782E+00, 0.27699E-01
 0.15000E+02, 0.11000E+02, 0.59323E+03, 0.11334E+00, 0.30896E-01
 0.16000E+02, 0.11000E+02, 0.62251E+03, 0.11883E+00, 0.30465E-01
 0.17000E+02, 0.11000E+02, 0.68877E+03, 0.12762E+00, 0.30466E-01
 0.18000E+02, 0.11000E+02, 0.69827E+03, 0.15182E+00, 0.25861E-01
 0.19000E+02, 0.11000E+02, 0.75655E+03, 0.17649E+00, 0.23581E-01
 0.20000E+02, 0.11000E+02, 0.84237E+03, 0.22689E+00, 0.19872E-01
 0.21000E+02, 0.11000E+02, 0.86874E+03, 0.25102E+00, 0.18386E-01
 0.22000E+02, 0.11000E+02, 0.78998E+03, 0.24691E+00, 0.17403E-01
 0.23000E+02, 0.11000E+02, 0.69485E+03, 0.24991E+00, 0.15656E-01
 0.24000E+02, 0.11000E+02, 0.61927E+03, 0.24342E+00, 0.14818E-01
 0.25000E+02, 0.11000E+02, 0.59673E+03, 0.23415E+00, 0.15016E-01
 0.26000E+02, 0.11000E+02, 0.59744E+03, 0.23595E+00, 0.14913E-01
 0.27000E+02, 0.11000E+02, 0.59204E+03, 0.21436E+00, 0.16314E-01
 0.28000E+02, 0.11000E+02, 0.58854E+03, 0.22664E+00, 0.15367E-01
 0.29000E+02, 0.11000E+02, 0.57795E+03, 0.21744E+00, 0.15820E-01
 0.30000E+02, 0.11000E+02, 0.62061E+03, 0.20757E+00, 0.17403E-01
 0.31000E+02, 0.11000E+02, 0.68046E+03, 0.18243E+00, 0.21128E-01
 0.32000E+02, 0.11000E+02, 0.71041E+03, 0.19420E+00, 0.20470E-01
 0.33000E+02, 0.11000E+02, 0.74649E+03, 0.21694E+00, 0.18997E-01
 0.34000E+02, 0.11000E+02, 0.71841E+03, 0.25963E+00, 0.15436E-01
 0.35000E+02, 0.11000E+02, 0.70826E+03, 0.25644E+00, 0.15468E-01
 0.36000E+02, 0.11000E+02, 0.70551E+03, 0.33678E+00, 0.11745E-01
 0.37000E+02, 0.11000E+02, 0.73283E+03, 0.34883E+00, 0.11656E-01
 0.38000E+02, 0.11000E+02, 0.83919E+03, 0.24423E+00, 0.18408E-01
 0.39000E+02, 0.11000E+02, 0.89154E+03, 0.22024E+00, 0.21375E-01
 0.40000E+02, 0.11000E+02, 0.88909E+03, 0.19501E+00, 0.24089E-01
 0.41000E+02, 0.11000E+02, 0.79835E+03, 0.28705E+00, 0.15087E-01
 0.42000E+02, 0.11000E+02, 0.69829E+03, 0.38154E+00, 0.10291E-01
 0.43000E+02, 0.11000E+02, 0.61632E+03, 0.38658E+00, 0.92998E-02
 0.44000E+02, 0.11000E+02, 0.59032E+03, 0.36546E+00, 0.95496E-02
 0.45000E+02, 0.11000E+02, 0.60114E+03, 0.30073E+00, 0.11751E-01
 0.46000E+02, 0.11000E+02, 0.64138E+03, 0.29681E+00, 0.12453E-01
 0.47000E+02, 0.11000E+02, 0.64540E+03, 0.32131E+00, 0.11555E-01
 0.48000E+02, 0.11000E+02, 0.58267E+03, 0.30974E+00, 0.11168E-01
 0.49000E+02, 0.11000E+02, 0.55613E+03, 0.27631E+00, 0.12131E-01
 0.50000E+02, 0.11000E+02, 0.53207E+03, 0.27838E+00, 0.11691E-01
 0.51000E+02, 0.11000E+02, 0.46676E+03, 0.27053E+00, 0.11054E-01
 0.52000E+02, 0.11000E+02, 0.45914E+03, 0.27123E+00, 0.10913E-01
 0.53000E+02, 0.11000E+02, 0.43536E+03, 0.30419E+00, 0.94140E-02
 0.54000E+02, 0.11000E+02, 0.43481E+03, 0.29331E+00, 0.97557E-02
 0.55000E+02, 0.11000E+02, 0.42460E+03, 0.29264E+00, 0.96371E-02
 0.56000E+02, 0.11000E+02, 0.38717E+03, 0.42837E+00, 0.62304E-02
 0.57000E+02, 0.11000E+02, 0.37658E+03, 0.51088E+00, 0.51403E-02
 0.58000E+02, 0.11000E+02, 0.36543E+03, 0.60829E+00, 0.42431E-02
 0.59000E+02, 0.11000E+02, 0.36184E+03, 0.55743E+00, 0.46043E-02
 0.60000E+02, 0.11000E+02, 0.36020E+03, 0.49920E+00, 0.51280E-02
 0.61000E+02, 0.11000E+02, 0.35333E+03, 0.51363E+00, 0.49299E-02
 0.62000E+02, 0.11000E+02, 0.34276E+03, 0.48673E+00, 0.51146E-02
 0.63000E+02, 0.11000E+02, 0.34089E+03, 0.44376E+00, 0.55928E-02
 0.64000E+02, 0.11000E+02, 0.35519E+03, 0.43266E+00, 0.58699E-02
 0.65000E+02, 0.11000E+02, 0.36246E+03, 0.41454E+00, 0.61973E-02
 0.00000E+00, 0.12000E+02, 0.13600E+03, 0.17119E+00, 0.96600E-02
 0.10000E+01, 0.12000E+02, 0.12625E+03, 0.20898E+00, 0.77247E-02
 0.20000E+01, 0.12000E+02, 0.12200E+03, 0.21472E+00, 0.74383E-02
 0.30000E+01, 0.12000E+02, 0.13785E+03, 0.20582E+00, 0.80710E-02
 0.40000E+01, 0.12000E+02, 0.16561E+03, 0.18827E+00, 0.94192E-02
 0.50000E+01, 0.12000E+02, 0.19098E+03, 0.17866E+00, 0.10500E-01
 0.60000E+01, 0.12000E+02, 0.20654E+03, 0.17638E+00, 0.10993E-01
 0.70000E+01, 0.12000E+02, 0.18955E+03, 0.18127E+00, 0.10317E-01
 0.80000E+01, 0.12000E+02, 0.22000E+02, 0.30000E+02, 0.00000E+00
 0.90000E+01, 0.12000E+02, 0.49129E+03, 0.10453E+00, 0.29558E-01
 0.10000E+02, 0.12000E+02, 0.48514E+03, 0.10980E+00, 0.27912E-01
 0.11000E+02, 0.12000E+02, 0.45548E+03, 0.10997E+00, 0.26781E-01
 0.12000E+02, 0.12000E+02, 0.43625E+03, 0.10914E+00, 0.26271E-01
 0.13000E+02, 0.12000E+02, 0.45599E+03, 0.11407E+00, 0.25836E-01
 0.14000E+02, 0.12000E+02, 0.51343E+03, 0.12280E+00, 0.25890E-01
 0.15000E+02, 0.12000E+02, 0.53354E+03, 0.12932E+00, 0.25212E-01
 0.16000E+02, 0.12000E+02, 0.57821E+03, 0.13112E+00, 0.26244E-01
 0.17000E+02, 0.12000E+02, 0.67084E+03, 0.12298E+00, 0.31024E-01
 0.18000E+02, 0.12000E+02, 0.70749E+03, 0.14098E+00, 0.28114E-01
 0.19000E+02, 0.12000E+02, 0.79257E+03, 0.17520E+00, 0.24586E-01
 0.20000E+02, 0.12000E+02, 0.81663E+03, 0.19867E+00, 0.22170E-01
 0.21000E+02, 0.12000E+02, 0.87996E+03, 0.20985E+00, 0.22209E-01
 0.22000E+02, 0.12000E+02, 0.80338E+03, 0.21209E+00, 0.20516E-01
 0.23000E+02, 0.12000E+02, 0.72109E+03, 0.24548E+00, 0.16370E-01
 0.24000E+02, 0.12000E+02, 0.64152E+03, 0.25436E+00, 0.14534E-01
 0.25000E+02, 0.12000E+02, 0.60938E+03, 0.26332E+00, 0.13546E-01
 0.26000E+02, 0.12000E+02, 0.60721E+03, 0.26114E+00, 0.13626E-01
 0.27000E+02, 0.12000E+02, 0.59686E+03, 0.23021E+00, 0.15275E-01
 0.28000E+02, 0.12000E+02, 0.57662E+03, 0.23860E+00, 0.14395E-01
 0.29000E+02, 0.12000E+02, 0.59511E+03, 0.26017E+00, 0.13489E-01
 0.30000E+02, 0.12000E+02, 0.59166E+03, 0.26143E+00, 0.13370E-01
 0.31000E+02, 0.12000E+02, 0.60633E+03, 0.27260E+00, 0.13040E-01
 0.32000E+02, 0.12000E+02, 0.64169E+03, 0.28982E+00, 0.12759E-01
 0.33000E+02, 0.12000E+02, 0.71518E+03, 0.26748E+00, 0.14935E-01
 0.34000E+02, 0.12000E+02, 0.67999E+03, 0.23338E+00, 0.16507E-01
 0.35000E+02, 0.12000E+02, 0.68731E+03, 0.24272E+00, 0.15994E-01
 0.36000E+02, 0.12000E+02, 0.71462E+03, 0.31822E+00, 0.12546E-01
 0.37000E+02, 0.12000E+02, 0.74754E+03, 0.35279E+00, 0.11694E-01
 0.38000E+02, 0.12000E+02, 0.79753E+03, 0.36964E+00, 0.11707E-01
 0.39000E+02, 0.12000E+02, 0.86835E+03, 0.23630E+00, 0.19525E-01
 0.40000E+02, 0.12000E+02, 0.86563E+03, 0.21887E+00, 0.21030E-01
 0.41000E+02, 0.12000E+02, 0.75774E+03, 0.29428E+00, 0.14159E-01
 0.42000E+02, 0.12000E+02, 0.67448E+03, 0.35731E+00, 0.10719E-01
 0.43000E+02, 0.12000E+02, 0.60079E+03, 0.36977E+00, 0.95527E-02
 0.44000E+02, 0.12000E+02, 0.58666E+03, 0.35991E+00, 0.96559E-02
 0.45000E+02, 0.12000E+02, 0.62198E+03, 0.29262E+00, 0.12364E-01
 0.46000E+02, 0.12000E+02, 0.65031E+03, 0.32165E+00, 0.11604E-01
 0.47000E+02, 0.12000E+02, 0.62829E+03, 0.32987E+00, 0.11045E-01
 0.48000E+02, 0.12000E+02, 0.58770E+03, 0.29891E+00, 0.11641E-01
 0.49000E+02, 0.12000E+02, 0.55221E+03, 0.30045E+00, 0.11103E-01
 0.50000E+02, 0.12000E+02, 0.52536E+03, 0.30541E+00, 0.10567E-01
 0.51000E+02, 0.12000E+02, 0.46279E+03, 0.28478E+00, 0.10445E-01
 0.52000E+02, 0.12000E+02, 0.44379E+03, 0.30988E+00, 0.93511E-02
 0.53000E+02, 0.12000E+02, 0.43517E+03, 0.32886E+00, 0.87054E-02
 0.54000E+02, 0.12000E+02, 0.43783E+03, 0.29207E+00, 0.98390E-02
 0.55000E+02, 0.12000E+02, 0.42510E+03, 0.30210E+00, 0.93421E-02
 0.56000E+02, 0.12000E+02, 0.36924E+03, 0.53085E+00, 0.48911E-02
 0.57000E+02, 0.12000E+02, 0.35823E+03, 0.60582E+00, 0.42123E-02
 0.58000E+02, 0.12000E+02, 0.35373E+03, 0.60342E+00, 0.41990E-02
 0.59000E+02, 0.12000E+02, 0.35929E+03, 0.49178E+00, 0.51978E-02
 0.60000E+02, 0.12000E+02, 0.36274E+03, 0.46239E+00, 0.55585E-02
 0.61000E+02, 0.12000E+02, 0.37009E+03, 0.44797E+00, 0.58037E-02
 0.62000E+02, 0.12000E+02, 0.36315E+03, 0.44630E+00, 0.57625E-02
 0.63000E+02, 0.12000E+02, 0.36048E+03, 0.44034E+00, 0.58160E-02
 0.64000E+02, 0.12000E+02, 0.34213E+03, 0.43515E+00, 0.57148E-02
 0.65000E+02, 0.12000E+02, 0.34698E+03, 0.42678E+00, 0.58729E-02
 0.00000E+00, 0.13000E+02, 0.13874E+03, 0.17851E+00, 0.93259E-02
 0.10000E+01, 0.13000E+02, 0.13569E+03, 0.20667E+00, 0.79956E-02
 0.20000E+01, 0.13000E+02, 0.13026E+03, 0.21253E+00, 0.76719E-02
 0.30000E+01, 0.13000E+02, 0.14283E+03, 0.20589E+00, 0.81662E-02
 0.40000E+01, 0.13000E+02, 0.17145E+03, 0.19183E+00, 0.93678E-02
 0.50000E+01, 0.13000E+02, 0.20271E+03, 0.17908E+00, 0.10740E-01
 0.60000E+01, 0.13000E+02, 0.24079E+03, 0.17101E+00, 0.12147E-01
 0.70000E+01, 0.13000E+02, 0.23551E+03, 0.17522E+00, 0.11733E-01
 0.80000E+01, 0.13000E+02, 0.22000E+02, 0.30000E+02, 0.00000E+00
 0.90000E+01, 0.13000E+02, 0.48688E+03, 0.10598E+00, 0.28985E-01
 0.10000E+02, 0.13000E+02, 0.47264E+03, 0.10817E+00, 0.27867E-01
 0.11000E+02, 0.13000E+02, 0.44460E+03, 0.10481E+00, 0.27679E-01
 0.12000E+02, 0.13000E+02, 0.43371E+03, 0.10578E+00, 0.27010E-01
 0.13000E+02, 0.13000E+02, 0.42844E+03, 0.10724E+00, 0.26442E-01
 0.14000E+02, 0.13000E+02, 0.44499E+03, 0.11181E+00, 0.25959E-01
 0.15000E+02, 0.13000E+02, 0.48153E+03, 0.12306E+00, 0.24787E-01
 0.16000E+02, 0.13000E+02, 0.57019E+03, 0.13353E+00, 0.25527E-01
 0.17000E+02, 0.13000E+02, 0.60687E+03, 0.13184E+00, 0.26979E-01
 0.18000E+02, 0.13000E+02, 0.66154E+03, 0.13179E+00, 0.28665E-01
 0.19000E+02, 0.13000E+02, 0.71652E+03, 0.14451E+00, 0.27680E-01
 0.20000E+02, 0.13000E+02, 0.77680E+03, 0.18196E+00, 0.23323E-01
 0.21000E+02, 0.13000E+02, 0.72628E+03, 0.13753E+00, 0.29372E-01
 0.22000E+02, 0.13000E+02, 0.77840E+03, 0.17945E+00, 0.23684E-01
 0.23000E+02, 0.13000E+02, 0.73861E+03, 0.24727E+00, 0.16538E-01
 0.24000E+02, 0.13000E+02, 0.64819E+03, 0.25950E+00, 0.14350E-01
 0.25000E+02, 0.13000E+02, 0.61155E+03, 0.27891E+00, 0.12821E-01
 0.26000E+02, 0.13000E+02, 0.61215E+03, 0.27462E+00, 0.13030E-01
 0.27000E+02, 0.13000E+02, 0.60945E+03, 0.26350E+00, 0.13538E-01
 0.28000E+02, 0.13000E+02, 0.58898E+03, 0.20889E+00, 0.16681E-01
 0.29000E+02, 0.13000E+02, 0.59380E+03, 0.24956E+00, 0.14041E-01
 0.30000E+02, 0.13000E+02, 0.59373E+03, 0.26764E+00, 0.13091E-01
 0.31000E+02, 0.13000E+02, 0.61225E+03, 0.29156E+00, 0.12274E-01
 0.32000E+02, 0.13000E+02, 0.66378E+03, 0.25721E+00, 0.14723E-01
 0.33000E+02, 0.13000E+02, 0.68011E+03, 0.23426E+00, 0.16447E-01
 0.34000E+02, 0.13000E+02, 0.66043E+03, 0.22326E+00, 0.16901E-01
 0.35000E+02, 0.13000E+02, 0.68076E+03, 0.26576E+00, 0.14508E-01
 0.36000E+02, 0.13000E+02, 0.71435E+03, 0.29116E+00, 0.13708E-01
 0.37000E+02, 0.13000E+02, 0.78267E+03, 0.28047E+00, 0.15215E-01
 0.38000E+02, 0.13000E+02, 0.81771E+03, 0.31066E+00, 0.14193E-01
 0.39000E+02, 0.13000E+02, 0.83909E+03, 0.20134E+00, 0.22327E-01
 0.40000E+02, 0.13000E+02, 0.81051E+03, 0.24067E+00, 0.18199E-01
 0.41000E+02, 0.13000E+02, 0.79305E+03, 0.26260E+00, 0.16411E-01
 0.42000E+02, 0.13000E+02, 0.71436E+03, 0.28973E+00, 0.13776E-01
 0.43000E+02, 0.13000E+02, 0.61378E+03, 0.38389E+00, 0.93382E-02
 0.44000E+02, 0.13000E+02, 0.59970E+03, 0.32963E+00, 0.10703E-01
 0.45000E+02, 0.13000E+02, 0.61500E+03, 0.28687E+00, 0.12513E-01
 0.46000E+02, 0.13000E+02, 0.65167E+03, 0.31759E+00, 0.11770E-01
 0.47000E+02, 0.13000E+02, 0.61997E+03, 0.33146E+00, 0.10891E-01
 0.48000E+02, 0.13000E+02, 0.57123E+03, 0.34054E+00, 0.10022E-01
 0.49000E+02, 0.13000E+02, 0.56672E+03, 0.29208E+00, 0.11622E-01
 0.50000E+02, 0.13000E+02, 0.52871E+03, 0.33271E+00, 0.97411E-02
 0.51000E+02, 0.13000E+02, 0.46032E+03, 0.31412E+00, 0.94378E-02
 0.52000E+02, 0.13000E+02, 0.44357E+03, 0.30713E+00, 0.94322E-02
 0.53000E+02, 0.13000E+02, 0.43896E+03, 0.31204E+00, 0.92239E-02
 0.54000E+02, 0.13000E+02, 0.43400E+03, 0.32099E+00, 0.89043E-02
 0.55000E+02, 0.13000E+02, 0.38287E+03, 0.52403E+00, 0.50599E-02
 0.56000E+02, 0.13000E+02, 0.35849E+03, 0.55451E+00, 0.46041E-02
 0.57000E+02, 0.13000E+02, 0.36274E+03, 0.46104E+00, 0.55747E-02
 0.58000E+02, 0.13000E+02, 0.36266E+03, 0.44324E+00, 0.57979E-02
 0.59000E+02, 0.13000E+02, 0.36955E+03, 0.47330E+00, 0.54884E-02
 0.60000E+02, 0.13000E+02, 0.36183E+03, 0.46046E+00, 0.55738E-02
 0.61000E+02, 0.13000E+02, 0.34563E+03, 0.44873E+00, 0.55735E-02
 0.62000E+02, 0.13000E+02, 0.32731E+03, 0.42542E+00, 0.57049E-02
 0.63000E+02, 0.13000E+02, 0.32150E+03, 0.40839E+00, 0.58853E-02
 0.64000E+02, 0.13000E+02, 0.32263E+03, 0.40889E+00, 0.58893E-02
 0.65000E+02, 0.13000E+02, 0.34026E+03, 0.40282E+00, 0.61549E-02
 0.00000E+00, 0.14000E+02, 0.14862E+03, 0.17308E+00, 0.98494E-02
 0.10000E+01, 0.14000E+02, 0.15175E+03, 0.18895E+00, 0.90890E-02
 0.20000E+01, 0.14000E+02, 0.14196E+03, 0.20605E+00, 0.81427E-02
 0.30000E+01, 0.14000E+02, 0.16649E+03, 0.19564E+00, 0.90829E-02
 0.40000E+01, 0.14000E+02, 0.18064E+03, 0.18925E+00, 0.96916E-02
 0.50000E+01, 0.14000E+02, 0.21330E+03, 0.18506E+00, 0.10624E-01
 0.60000E+01, 0.14000E+02, 0.27427E+03, 0.16825E+00, 0.13150E-01
 0.70000E+01, 0.14000E+02, 0.33223E+03, 0.15787E+00, 0.15499E-01
 0.80000E+01, 0.14000E+02, 0.22000E+02, 0.30000E+02, 0.00000E+00
 0.90000E+01, 0.14000E+02, 0.48301E+03, 0.10550E+00, 0.28971E-01
 0.10000E+02, 0.14000E+02, 0.47221E+03, 0.10600E+00, 0.28422E-01
 0.11000E+02, 0.14000E+02, 0.44864E+03, 0.10439E+00, 0.27945E-01
 0.12000E+02, 0.14000E+02, 0.40909E+03, 0.99359E-01, 0.27753E-01
 0.13000E+02, 0.14000E+02, 0.42496E+03, 0.10482E+00, 0.26919E-01
 0.14000E+02, 0.14000E+02, 0.50108E+03, 0.12060E+00, 0.25949E-01
 0.15000E+02, 0.14000E+02, 0.47184E+03, 0.11906E+00, 0.25292E-01
 0.16000E+02, 0.14000E+02, 0.54120E+03, 0.13830E+00, 0.23799E-01
 0.17000E+02, 0.14000E+02, 0.58823E+03, 0.14667E+00, 0.23737E-01
 0.18000E+02, 0.14000E+02, 0.60834E+03, 0.14439E+00, 0.24676E-01
 0.19000E+02, 0.14000E+02, 0.62413E+03, 0.14646E+00, 0.24763E-01
 0.20000E+02, 0.14000E+02, 0.65359E+03, 0.13702E+00, 0.27336E-01
 0.21000E+02, 0.14000E+02, 0.67754E+03, 0.14173E+00, 0.27112E-01
 0.22000E+02, 0.14000E+02, 0.75410E+03, 0.17578E+00, 0.23621E-01
 0.23000E+02, 0.14000E+02, 0.73267E+03, 0.23023E+00, 0.17658E-01
 0.24000E+02, 0.14000E+02, 0.65329E+03, 0.31008E+00, 0.12076E-01
 0.25000E+02, 0.14000E+02, 0.61699E+03, 0.29259E+00, 0.12296E-01
 0.26000E+02, 0.14000E+02, 0.62087E+03, 0.26196E+00, 0.13794E-01
 0.27000E+02, 0.14000E+02, 0.62153E+03, 0.30190E+00, 0.11978E-01
 0.28000E+02, 0.14000E+02, 0.61072E+03, 0.26771E+00, 0.13344E-01
 0.29000E+02, 0.14000E+02, 0.60674E+03, 0.23756E+00, 0.14970E-01
 0.30000E+02, 0.14000E+02, 0.60872E+03, 0.24733E+00, 0.14411E-01
 0.31000E+02, 0.14000E+02, 0.61796E+03, 0.26214E+00, 0.13740E-01
 0.32000E+02, 0.14000E+02, 0.66739E+03, 0.23396E+00, 0.16248E-01
 0.33000E+02, 0.14000E+02, 0.66601E+03, 0.22548E+00, 0.16835E-01
 0.34000E+02, 0.14000E+02, 0.62700E+03, 0.20642E+00, 0.17626E-01
 0.35000E+02, 0.14000E+02, 0.65762E+03, 0.26184E+00, 0.14368E-01
 0.36000E+02, 0.14000E+02, 0.71491E+03, 0.27581E+00, 0.14479E-01
 0.37000E+02, 0.14000E+02, 0.80496E+03, 0.23015E+00, 0.18933E-01
 0.38000E+02, 0.14000E+02, 0.80680E+03, 0.20842E+00, 0.20943E-01
 0.39000E+02, 0.14000E+02, 0.82097E+03, 0.20202E+00, 0.21890E-01
 0.40000E+02, 0.14000E+02, 0.79620E+03, 0.22875E+00, 0.18894E-01
 0.41000E+02, 0.14000E+02, 0.75302E+03, 0.25847E+00, 0.16046E-01
 0.42000E+02, 0.14000E+02, 0.71481E+03, 0.26116E+00, 0.15290E-01
 0.43000E+02, 0.14000E+02, 0.63834E+03, 0.29068E+00, 0.12674E-01
 0.44000E+02, 0.14000E+02, 0.60525E+03, 0.32481E+00, 0.10931E-01
 0.45000E+02, 0.14000E+02, 0.61654E+03, 0.29508E+00, 0.12187E-01
 0.46000E+02, 0.14000E+02, 0.67400E+03, 0.30238E+00, 0.12661E-01
 0.47000E+02, 0.14000E+02, 0.63782E+03, 0.33299E+00, 0.11057E-01
 0.48000E+02, 0.14000E+02, 0.58215E+03, 0.32538E+00, 0.10624E-01
 0.49000E+02, 0.14000E+02, 0.54373E+03, 0.37893E+00, 0.87132E-02
 0.50000E+02, 0.14000E+02, 0.50258E+03, 0.39729E+00, 0.78919E-02
 0.51000E+02, 0.14000E+02, 0.46851E+03, 0.35511E+00, 0.84414E-02
 0.52000E+02, 0.14000E+02, 0.45575E+03, 0.30881E+00, 0.95403E-02
 0.53000E+02, 0.14000E+02, 0.45666E+03, 0.28742E+00, 0.10263E-01
 0.54000E+02, 0.14000E+02, 0.43162E+03, 0.34571E+00, 0.82397E-02
 0.55000E+02, 0.14000E+02, 0.39082E+03, 0.49063E+00, 0.54698E-02
 0.56000E+02, 0.14000E+02, 0.37145E+03, 0.47759E+00, 0.54552E-02
 0.57000E+02, 0.14000E+02, 0.37417E+03, 0.39345E+00, 0.66497E-02
 0.58000E+02, 0.14000E+02, 0.37991E+03, 0.37459E+00, 0.70466E-02
 0.59000E+02, 0.14000E+02, 0.36625E+03, 0.49181E+00, 0.52547E-02
 0.60000E+02, 0.14000E+02, 0.34465E+03, 0.48537E+00, 0.51446E-02
 0.61000E+02, 0.14000E+02, 0.32811E+03, 0.48088E+00, 0.50536E-02
 0.62000E+02, 0.14000E+02, 0.32465E+03, 0.42185E+00, 0.57276E-02
 0.63000E+02, 0.14000E+02, 0.31993E+03, 0.39522E+00, 0.60654E-02
 0.64000E+02, 0.14000E+02, 0.32291E+03, 0.38951E+00, 0.61850E-02
 0.65000E+02, 0.14000E+02, 0.33752E+03, 0.39459E+00, 0.62552E-02
 0.00000E+00, 0.15000E+02, 0.16368E+03, 0.16764E+00, 0.10532E-01
 0.10000E+01, 0.15000E+02, 0.17930E+03, 0.17234E+00, 0.10611E-01
 0.20000E+01, 0.15000E+02, 0.20072E+03, 0.16562E+00, 0.11564E-01
 0.30000E+01, 0.15000E+02, 0.23923E+03, 0.15122E+00, 0.13695E-01
 0.40000E+01, 0.15000E+02, 0.27341E+03, 0.14516E+00, 0.15219E-01
 0.50000E+01, 0.15000E+02, 0.30090E+03, 0.14455E+00, 0.16051E-01
 0.60000E+01, 0.15000E+02, 0.31462E+03, 0.14769E+00, 0.16086E-01
 0.70000E+01, 0.15000E+02, 0.28195E+03, 0.13840E+00, 0.16211E-01
 0.80000E+01, 0.15000E+02, 0.22000E+02, 0.30000E+02, 0.00000E+00
 0.90000E+01, 0.15000E+02, 0.46082E+03, 0.10415E+00, 0.28485E-01
 0.10000E+02, 0.15000E+02, 0.44786E+03, 0.10275E+00, 0.28363E-01
 0.11000E+02, 0.15000E+02, 0.42983E+03, 0.10026E+00, 0.28340E-01
 0.12000E+02, 0.15000E+02, 0.39116E+03, 0.96088E-01, 0.27943E-01
 0.13000E+02, 0.15000E+02, 0.44482E+03, 0.10908E+00, 0.26603E-01
 0.14000E+02, 0.15000E+02, 0.49999E+03, 0.12354E+00, 0.25294E-01
 0.15000E+02, 0.15000E+02, 0.47893E+03, 0.12121E+00, 0.25079E-01
 0.16000E+02, 0.15000E+02, 0.49441E+03, 0.12754E+00, 0.24324E-01
 0.17000E+02, 0.15000E+02, 0.57161E+03, 0.14895E+00, 0.22924E-01
 0.18000E+02, 0.15000E+02, 0.58592E+03, 0.15990E+00, 0.21715E-01
 0.19000E+02, 0.15000E+02, 0.59547E+03, 0.17024E+00, 0.20623E-01
 0.20000E+02, 0.15000E+02, 0.60382E+03, 0.16603E+00, 0.21348E-01
 0.21000E+02, 0.15000E+02, 0.61337E+03, 0.17499E+00, 0.20476E-01
 0.22000E+02, 0.15000E+02, 0.68284E+03, 0.20411E+00, 0.18931E-01
 0.23000E+02, 0.15000E+02, 0.70470E+03, 0.25571E+00, 0.15456E-01
 0.24000E+02, 0.15000E+02, 0.63575E+03, 0.31315E+00, 0.11731E-01
 0.25000E+02, 0.15000E+02, 0.61272E+03, 0.29763E+00, 0.12030E-01
 0.26000E+02, 0.15000E+02, 0.62432E+03, 0.25579E+00, 0.14181E-01
 0.27000E+02, 0.15000E+02, 0.64805E+03, 0.21778E+00, 0.17097E-01
 0.28000E+02, 0.15000E+02, 0.61550E+03, 0.26024E+00, 0.13802E-01
 0.29000E+02, 0.15000E+02, 0.61321E+03, 0.23896E+00, 0.14992E-01
 0.30000E+02, 0.15000E+02, 0.61019E+03, 0.25552E+00, 0.13973E-01
 0.31000E+02, 0.15000E+02, 0.61467E+03, 0.23973E+00, 0.14969E-01
 0.32000E+02, 0.15000E+02, 0.64201E+03, 0.21393E+00, 0.17290E-01
 0.33000E+02, 0.15000E+02, 0.62652E+03, 0.21093E+00, 0.17239E-01
 0.34000E+02, 0.15000E+02, 0.64684E+03, 0.23362E+00, 0.15917E-01
 0.35000E+02, 0.15000E+02, 0.67140E+03, 0.24301E+00, 0.15710E-01
 0.36000E+02, 0.15000E+02, 0.74530E+03, 0.24470E+00, 0.16822E-01
 0.37000E+02, 0.15000E+02, 0.81377E+03, 0.23870E+00, 0.18404E-01
 0.38000E+02, 0.15000E+02, 0.80372E+03, 0.20628E+00, 0.21100E-01
 0.39000E+02, 0.15000E+02, 0.82934E+03, 0.19334E+00, 0.23048E-01
 0.40000E+02, 0.15000E+02, 0.80855E+03, 0.20325E+00, 0.21511E-01
 0.41000E+02, 0.15000E+02, 0.72071E+03, 0.23703E+00, 0.16947E-01
 0.42000E+02, 0.15000E+02, 0.68872E+03, 0.23614E+00, 0.16464E-01
 0.43000E+02, 0.15000E+02, 0.62478E+03, 0.28432E+00, 0.12765E-01
 0.44000E+02, 0.15000E+02, 0.60873E+03, 0.29082E+00, 0.12257E-01
 0.45000E+02, 0.15000E+02, 0.62960E+03, 0.27686E+00, 0.13179E-01
 0.46000E+02, 0.15000E+02, 0.68082E+03, 0.25698E+00, 0.15004E-01
 0.47000E+02, 0.15000E+02, 0.69780E+03, 0.27382E+00, 0.14332E-01
 0.48000E+02, 0.15000E+02, 0.60560E+03, 0.35356E+00, 0.10046E-01
 0.49000E+02, 0.15000E+02, 0.56799E+03, 0.41979E+00, 0.80986E-02
 0.50000E+02, 0.15000E+02, 0.51650E+03, 0.43089E+00, 0.74071E-02
 0.51000E+02, 0.15000E+02, 0.48480E+03, 0.41055E+00, 0.74619E-02
 0.52000E+02, 0.15000E+02, 0.45685E+03, 0.35222E+00, 0.83769E-02
 0.53000E+02, 0.15000E+02, 0.45693E+03, 0.33387E+00, 0.88382E-02
 0.54000E+02, 0.15000E+02, 0.42457E+03, 0.39328E+00, 0.71706E-02
 0.55000E+02, 0.15000E+02, 0.39837E+03, 0.44357E+00, 0.61189E-02
 0.56000E+02, 0.15000E+02, 0.39933E+03, 0.46473E+00, 0.58487E-02
 0.57000E+02, 0.15000E+02, 0.39968E+03, 0.42009E+00, 0.64736E-02
 0.58000E+02, 0.15000E+02, 0.40078E+03, 0.37656E+00, 0.72336E-02
 0.59000E+02, 0.15000E+02, 0.39725E+03, 0.41172E+00, 0.65813E-02
 0.60000E+02, 0.15000E+02, 0.39149E+03, 0.47619E+00, 0.56413E-02
 0.61000E+02, 0.15000E+02, 0.36638E+03, 0.46698E+00, 0.55353E-02
 0.62000E+02, 0.15000E+02, 0.31824E+03, 0.43199E+00, 0.55333E-02
 0.63000E+02, 0.15000E+02, 0.31895E+03, 0.39123E+00, 0.61170E-02
 0.64000E+02, 0.15000E+02, 0.31726E+03, 0.37730E+00, 0.63247E-02
 0.65000E+02, 0.15000E+02, 0.33223E+03, 0.37317E+00, 0.65569E-02
 0.00000E+00, 0.16000E+02, 0.13772E+03, 0.98702E-01, 0.16825E-01
 0.10000E+01, 0.16000E+02, 0.14663E+03, 0.10020E+00, 0.16934E-01
 0.20000E+01, 0.16000E+02, 0.14860E+03, 0.10062E+00, 0.16941E-01
 0.30000E+01, 0.16000E+02, 0.15006E+03, 0.10175E+00, 0.16812E-01
 0.40000E+01, 0.16000E+02, 0.16331E+03, 0.10146E+00, 0.17386E-01
 0.50000E+01, 0.16000E+02, 0.18560E+03, 0.99431E-01, 0.18648E-01
 0.60000E+01, 0.16000E+02, 0.20566E+03, 0.99676E-01, 0.19416E-01
 0.70000E+01, 0.16000E+02, 0.25817E+03, 0.99237E-01, 0.21640E-01
 0.80000E+01, 0.16000E+02, 0.22000E+02, 0.30000E+02, 0.00000E+00
 0.90000E+01, 0.16000E+02, 0.43306E+03, 0.10238E+00, 0.27880E-01
 0.10000E+02, 0.16000E+02, 0.42334E+03, 0.10102E+00, 0.27866E-01
 0.11000E+02, 0.16000E+02, 0.41106E+03, 0.97506E-01, 0.28362E-01
 0.12000E+02, 0.16000E+02, 0.39745E+03, 0.97698E-01, 0.27743E-01
 0.13000E+02, 0.16000E+02, 0.40425E+03, 0.10022E+00, 0.27319E-01
 0.14000E+02, 0.16000E+02, 0.40682E+03, 0.10364E+00, 0.26517E-01
 0.15000E+02, 0.16000E+02, 0.39784E+03, 0.10192E+00, 0.26609E-01
 0.16000E+02, 0.16000E+02, 0.38809E+03, 0.10026E+00, 0.26657E-01
 0.17000E+02, 0.16000E+02, 0.43462E+03, 0.11907E+00, 0.24026E-01
 0.18000E+02, 0.16000E+02, 0.43772E+03, 0.12466E+00, 0.23048E-01
 0.19000E+02, 0.16000E+02, 0.50048E+03, 0.15482E+00, 0.20197E-01
 0.20000E+02, 0.16000E+02, 0.55869E+03, 0.19690E+00, 0.17076E-01
 0.21000E+02, 0.16000E+02, 0.57257E+03, 0.22578E+00, 0.15140E-01
 0.22000E+02, 0.16000E+02, 0.61816E+03, 0.20652E+00, 0.17444E-01
 0.23000E+02, 0.16000E+02, 0.64780E+03, 0.25375E+00, 0.14669E-01
 0.24000E+02, 0.16000E+02, 0.63416E+03, 0.27009E+00, 0.13577E-01
 0.25000E+02, 0.16000E+02, 0.63694E+03, 0.21112E+00, 0.17424E-01
 0.26000E+02, 0.16000E+02, 0.64656E+03, 0.20474E+00, 0.18156E-01
 0.27000E+02, 0.16000E+02, 0.64435E+03, 0.19468E+00, 0.19049E-01
 0.28000E+02, 0.16000E+02, 0.63251E+03, 0.19822E+00, 0.18467E-01
 0.29000E+02, 0.16000E+02, 0.62185E+03, 0.20350E+00, 0.17776E-01
 0.30000E+02, 0.16000E+02, 0.60826E+03, 0.23747E+00, 0.15002E-01
 0.31000E+02, 0.16000E+02, 0.60780E+03, 0.23064E+00, 0.15438E-01
 0.32000E+02, 0.16000E+02, 0.61577E+03, 0.22129E+00, 0.16236E-01
 0.33000E+02, 0.16000E+02, 0.61099E+03, 0.20609E+00, 0.17340E-01
 0.34000E+02, 0.16000E+02, 0.64189E+03, 0.22955E+00, 0.16112E-01
 0.35000E+02, 0.16000E+02, 0.66889E+03, 0.22563E+00, 0.16875E-01
 0.36000E+02, 0.16000E+02, 0.74441E+03, 0.23205E+00, 0.17724E-01
 0.37000E+02, 0.16000E+02, 0.78433E+03, 0.24073E+00, 0.17755E-01
 0.38000E+02, 0.16000E+02, 0.83809E+03, 0.20429E+00, 0.21985E-01
 0.39000E+02, 0.16000E+02, 0.84224E+03, 0.19789E+00, 0.22781E-01
 0.40000E+02, 0.16000E+02, 0.75844E+03, 0.21661E+00, 0.19249E-01
 0.41000E+02, 0.16000E+02, 0.70023E+03, 0.21314E+00, 0.18459E-01
 0.42000E+02, 0.16000E+02, 0.65531E+03, 0.24963E+00, 0.15033E-01
 0.43000E+02, 0.16000E+02, 0.60985E+03, 0.29261E+00, 0.12197E-01
 0.44000E+02, 0.16000E+02, 0.60446E+03, 0.27626E+00, 0.12840E-01
 0.45000E+02, 0.16000E+02, 0.62089E+03, 0.26461E+00, 0.13656E-01
 0.46000E+02, 0.16000E+02, 0.65293E+03, 0.25250E+00, 0.14824E-01
 0.47000E+02, 0.16000E+02, 0.65993E+03, 0.25972E+00, 0.14521E-01
 0.48000E+02, 0.16000E+02, 0.68728E+03, 0.27191E+00, 0.14277E-01
 0.49000E+02, 0.16000E+02, 0.62465E+03, 0.33074E+00, 0.10972E-01
 0.50000E+02, 0.16000E+02, 0.49826E+03, 0.40218E+00, 0.77524E-02
 0.51000E+02, 0.16000E+02, 0.46616E+03, 0.40777E+00, 0.73280E-02
 0.52000E+02, 0.16000E+02, 0.44848E+03, 0.39543E+00, 0.73759E-02
 0.53000E+02, 0.16000E+02, 0.43650E+03, 0.36315E+00, 0.78984E-02
 0.54000E+02, 0.16000E+02, 0.41612E+03, 0.48460E+00, 0.57488E-02
 0.55000E+02, 0.16000E+02, 0.40753E+03, 0.40438E+00, 0.68035E-02
 0.56000E+02, 0.16000E+02, 0.40752E+03, 0.39030E+00, 0.70487E-02
 0.57000E+02, 0.16000E+02, 0.41468E+03, 0.36319E+00, 0.76547E-02
 0.58000E+02, 0.16000E+02, 0.41702E+03, 0.37804E+00, 0.73791E-02
 0.59000E+02, 0.16000E+02, 0.41919E+03, 0.42275E+00, 0.66194E-02
 0.60000E+02, 0.16000E+02, 0.41976E+03, 0.47147E+00, 0.59402E-02
 0.61000E+02, 0.16000E+02, 0.39900E+03, 0.44863E+00, 0.60556E-02
 0.62000E+02, 0.16000E+02, 0.30473E+03, 0.46033E+00, 0.50739E-02
 0.63000E+02, 0.16000E+02, 0.31051E+03, 0.39311E+00, 0.60011E-02
 0.64000E+02, 0.16000E+02, 0.31039E+03, 0.37701E+00, 0.62561E-02
 0.65000E+02, 0.16000E+02, 0.33774E+03, 0.35001E+00, 0.70543E-02
 0.00000E+00, 0.17000E+02, 0.13424E+03, 0.98993E-01, 0.16634E-01
 0.10000E+01, 0.17000E+02, 0.14054E+03, 0.10281E+00, 0.16264E-01
 0.20000E+01, 0.17000E+02, 0.14551E+03, 0.10237E+00, 0.16529E-01
 0.30000E+01, 0.17000E+02, 0.15096E+03, 0.10321E+00, 0.16609E-01
 0.40000E+01, 0.17000E+02, 0.15957E+03, 0.10395E+00, 0.16825E-01
 0.50000E+01, 0.17000E+02, 0.17386E+03, 0.10282E+00, 0.17573E-01
 0.60000E+01, 0.17000E+02, 0.18167E+03, 0.10241E+00, 0.17951E-01
 0.70000E+01, 0.17000E+02, 0.17258E+03, 0.10647E+00, 0.16920E-01
 0.80000E+01, 0.17000E+02, 0.22000E+02, 0.30000E+02, 0.00000E+00
 0.90000E+01, 0.17000E+02, 0.42041E+03, 0.10002E+00, 0.28028E-01
 0.10000E+02, 0.17000E+02, 0.41293E+03, 0.98943E-01, 0.28026E-01
 0.11000E+02, 0.17000E+02, 0.40218E+03, 0.97601E-01, 0.27967E-01
 0.12000E+02, 0.17000E+02, 0.38799E+03, 0.96485E-01, 0.27696E-01
 0.13000E+02, 0.17000E+02, 0.36508E+03, 0.93499E-01, 0.27590E-01
 0.14000E+02, 0.17000E+02, 0.36800E+03, 0.93824E-01, 0.27620E-01
 0.15000E+02, 0.17000E+02, 0.36690E+03, 0.93495E-01, 0.27670E-01
 0.16000E+02, 0.17000E+02, 0.37076E+03, 0.95956E-01, 0.27122E-01
 0.17000E+02, 0.17000E+02, 0.36468E+03, 0.99902E-01, 0.25806E-01
 0.18000E+02, 0.17000E+02, 0.41504E+03, 0.12178E+00, 0.22841E-01
 0.19000E+02, 0.17000E+02, 0.48906E+03, 0.16203E+00, 0.19013E-01
 0.20000E+02, 0.17000E+02, 0.51948E+03, 0.20672E+00, 0.15498E-01
 0.21000E+02, 0.17000E+02, 0.58187E+03, 0.22702E+00, 0.15223E-01
 0.22000E+02, 0.17000E+02, 0.61252E+03, 0.22177E+00, 0.16142E-01
 0.23000E+02, 0.17000E+02, 0.63953E+03, 0.25505E+00, 0.14464E-01
 0.24000E+02, 0.17000E+02, 0.62519E+03, 0.23380E+00, 0.15530E-01
 0.25000E+02, 0.17000E+02, 0.62705E+03, 0.22162E+00, 0.16418E-01
 0.26000E+02, 0.17000E+02, 0.62157E+03, 0.20792E+00, 0.17393E-01
 0.27000E+02, 0.17000E+02, 0.58984E+03, 0.20026E+00, 0.17417E-01
 0.28000E+02, 0.17000E+02, 0.58971E+03, 0.20420E+00, 0.17079E-01
 0.29000E+02, 0.17000E+02, 0.58897E+03, 0.21145E+00, 0.16480E-01
 0.30000E+02, 0.17000E+02, 0.59823E+03, 0.22026E+00, 0.15990E-01
 0.31000E+02, 0.17000E+02, 0.59329E+03, 0.22804E+00, 0.15357E-01
 0.32000E+02, 0.17000E+02, 0.59639E+03, 0.21800E+00, 0.16122E-01
 0.33000E+02, 0.17000E+02, 0.60664E+03, 0.20884E+00, 0.17027E-01
 0.34000E+02, 0.17000E+02, 0.62701E+03, 0.22278E+00, 0.16331E-01
 0.35000E+02, 0.17000E+02, 0.63147E+03, 0.21574E+00, 0.16948E-01
 0.36000E+02, 0.17000E+02, 0.66606E+03, 0.20329E+00, 0.18674E-01
 0.37000E+02, 0.17000E+02, 0.74366E+03, 0.21273E+00, 0.19319E-01
 0.38000E+02, 0.17000E+02, 0.80994E+03, 0.18496E+00, 0.23668E-01
 0.39000E+02, 0.17000E+02, 0.77392E+03, 0.20184E+00, 0.20967E-01
 0.40000E+02, 0.17000E+02, 0.70287E+03, 0.19350E+00, 0.20388E-01
 0.41000E+02, 0.17000E+02, 0.69021E+03, 0.18781E+00, 0.20733E-01
 0.42000E+02, 0.17000E+02, 0.63096E+03, 0.26179E+00, 0.13959E-01
 0.43000E+02, 0.17000E+02, 0.59977E+03, 0.29040E+00, 0.12149E-01
 0.44000E+02, 0.17000E+02, 0.57958E+03, 0.26818E+00, 0.12852E-01
 0.45000E+02, 0.17000E+02, 0.57769E+03, 0.26468E+00, 0.12993E-01
 0.46000E+02, 0.17000E+02, 0.61464E+03, 0.26844E+00, 0.13367E-01
 0.47000E+02, 0.17000E+02, 0.61170E+03, 0.27273E+00, 0.13113E-01
 0.48000E+02, 0.17000E+02, 0.66024E+03, 0.26754E+00, 0.14101E-01
 0.49000E+02, 0.17000E+02, 0.60877E+03, 0.26713E+00, 0.13344E-01
 0.50000E+02, 0.17000E+02, 0.49788E+03, 0.37134E+00, 0.83921E-02
 0.51000E+02, 0.17000E+02, 0.45767E+03, 0.44415E+00, 0.66505E-02
 0.52000E+02, 0.17000E+02, 0.44374E+03, 0.39348E+00, 0.73638E-02
 0.53000E+02, 0.17000E+02, 0.43231E+03, 0.40186E+00, 0.70954E-02
 0.54000E+02, 0.17000E+02, 0.41995E+03, 0.45682E+00, 0.61325E-02
 0.55000E+02, 0.17000E+02, 0.41392E+03, 0.40359E+00, 0.68808E-02
 0.56000E+02, 0.17000E+02, 0.41731E+03, 0.36748E+00, 0.75942E-02
 0.57000E+02, 0.17000E+02, 0.42441E+03, 0.37503E+00, 0.75179E-02
 0.58000E+02, 0.17000E+02, 0.42637E+03, 0.39873E+00, 0.70908E-02
 0.59000E+02, 0.17000E+02, 0.43133E+03, 0.49142E+00, 0.57942E-02
 0.60000E+02, 0.17000E+02, 0.43769E+03, 0.46870E+00, 0.61299E-02
 0.61000E+02, 0.17000E+02, 0.38589E+03, 0.37717E+00, 0.70624E-02
 0.62000E+02, 0.17000E+02, 0.29393E+03, 0.41699E+00, 0.54967E-02
 0.63000E+02, 0.17000E+02, 0.30421E+03, 0.41284E+00, 0.56525E-02
 0.64000E+02, 0.17000E+02, 0.30638E+03, 0.38464E+00, 0.60899E-02
 0.65000E+02, 0.17000E+02, 0.32272E+03, 0.35489E+00, 0.67862E-02
 0.00000E+00, 0.18000E+02, 0.12881E+03, 0.10190E+00, 0.15944E-01
 0.10000E+01, 0.18000E+02, 0.14000E+03, 0.10394E+00, 0.16066E-01
 0.20000E+01, 0.18000E+02, 0.14727E+03, 0.10359E+00, 0.16404E-01
 0.30000E+01, 0.18000E+02, 0.15246E+03, 0.10429E+00, 0.16494E-01
 0.40000E+01, 0.18000E+02, 0.15617E+03, 0.10582E+00, 0.16398E-01
 0.50000E+01, 0.18000E+02, 0.15653E+03, 0.10724E+00, 0.16195E-01
 0.60000E+01, 0.18000E+02, 0.15214E+03, 0.10804E+00, 0.15910E-01
 0.70000E+01, 0.18000E+02, 0.14747E+03, 0.10736E+00, 0.15836E-01
 0.80000E+01, 0.18000E+02, 0.22000E+02, 0.30000E+02, 0.00000E+00
 0.90000E+01, 0.18000E+02, 0.40494E+03, 0.97797E-01, 0.28024E-01
 0.10000E+02, 0.18000E+02, 0.41407E+03, 0.97813E-01, 0.28397E-01
 0.11000E+02, 0.18000E+02, 0.38233E+03, 0.93894E-01, 0.28216E-01
 0.12000E+02, 0.18000E+02, 0.35858E+03, 0.91198E-01, 0.27998E-01
 0.13000E+02, 0.18000E+02, 0.36180E+03, 0.92873E-01, 0.27633E-01
 0.14000E+02, 0.18000E+02, 0.36900E+03, 0.95226E-01, 0.27256E-01
 0.15000E+02, 0.18000E+02, 0.37622E+03, 0.96410E-01, 0.27224E-01
 0.16000E+02, 0.18000E+02, 0.37989E+03, 0.10087E+00, 0.26167E-01
 0.17000E+02, 0.18000E+02, 0.44619E+03, 0.13379E+00, 0.21731E-01
 0.18000E+02, 0.18000E+02, 0.51101E+03, 0.15853E+00, 0.19993E-01
 0.19000E+02, 0.18000E+02, 0.54182E+03, 0.19260E+00, 0.17102E-01
 0.20000E+02, 0.18000E+02, 0.55673E+03, 0.20793E+00, 0.16132E-01
 0.21000E+02, 0.18000E+02, 0.59010E+03, 0.21022E+00, 0.16598E-01
 0.22000E+02, 0.18000E+02, 0.61056E+03, 0.23614E+00, 0.15126E-01
 0.23000E+02, 0.18000E+02, 0.61590E+03, 0.25722E+00, 0.13970E-01
 0.24000E+02, 0.18000E+02, 0.61108E+03, 0.24554E+00, 0.14555E-01
 0.25000E+02, 0.18000E+02, 0.60335E+03, 0.22206E+00, 0.15953E-01
 0.26000E+02, 0.18000E+02, 0.57375E+03, 0.20463E+00, 0.16728E-01
 0.27000E+02, 0.18000E+02, 0.51379E+03, 0.19574E+00, 0.16250E-01
 0.28000E+02, 0.18000E+02, 0.54593E+03, 0.20030E+00, 0.16528E-01
 0.29000E+02, 0.18000E+02, 0.55174E+03, 0.21256E+00, 0.15686E-01
 0.30000E+02, 0.18000E+02, 0.55382E+03, 0.22482E+00, 0.14867E-01
 0.31000E+02, 0.18000E+02, 0.56227E+03, 0.21828E+00, 0.15469E-01
 0.32000E+02, 0.18000E+02, 0.57224E+03, 0.20225E+00, 0.16895E-01
 0.33000E+02, 0.18000E+02, 0.57223E+03, 0.19226E+00, 0.17772E-01
 0.34000E+02, 0.18000E+02, 0.57267E+03, 0.18676E+00, 0.18305E-01
 0.35000E+02, 0.18000E+02, 0.59062E+03, 0.18761E+00, 0.18609E-01
 0.36000E+02, 0.18000E+02, 0.63630E+03, 0.18313E+00, 0.20073E-01
 0.37000E+02, 0.18000E+02, 0.67661E+03, 0.17703E+00, 0.21685E-01
 0.38000E+02, 0.18000E+02, 0.70406E+03, 0.17532E+00, 0.22529E-01
 0.39000E+02, 0.18000E+02, 0.66263E+03, 0.17084E+00, 0.22139E-01
 0.40000E+02, 0.18000E+02, 0.66038E+03, 0.17365E+00, 0.21728E-01
 0.41000E+02, 0.18000E+02, 0.61738E+03, 0.16710E+00, 0.21540E-01
 0.42000E+02, 0.18000E+02, 0.61254E+03, 0.17788E+00, 0.20125E-01
 0.43000E+02, 0.18000E+02, 0.56938E+03, 0.20265E+00, 0.16804E-01
 0.44000E+02, 0.18000E+02, 0.53889E+03, 0.21919E+00, 0.14974E-01
 0.45000E+02, 0.18000E+02, 0.52747E+03, 0.22888E+00, 0.14138E-01
 0.46000E+02, 0.18000E+02, 0.57034E+03, 0.25971E+00, 0.13127E-01
 0.47000E+02, 0.18000E+02, 0.56202E+03, 0.27818E+00, 0.12135E-01
 0.48000E+02, 0.18000E+02, 0.55603E+03, 0.26425E+00, 0.12683E-01
 0.49000E+02, 0.18000E+02, 0.52092E+03, 0.29000E+00, 0.11067E-01
 0.50000E+02, 0.18000E+02, 0.47543E+03, 0.39829E+00, 0.75965E-02
 0.51000E+02, 0.18000E+02, 0.45297E+03, 0.42712E+00, 0.68712E-02
 0.52000E+02, 0.18000E+02, 0.44508E+03, 0.42612E+00, 0.68125E-02
 0.53000E+02, 0.18000E+02, 0.43656E+03, 0.42544E+00, 0.67426E-02
 0.54000E+02, 0.18000E+02, 0.42510E+03, 0.42365E+00, 0.66617E-02
 0.55000E+02, 0.18000E+02, 0.42089E+03, 0.39437E+00, 0.71131E-02
 0.56000E+02, 0.18000E+02, 0.42626E+03, 0.43452E+00, 0.65058E-02
 0.57000E+02, 0.18000E+02, 0.42377E+03, 0.41971E+00, 0.67114E-02
 0.58000E+02, 0.18000E+02, 0.42621E+03, 0.43765E+00, 0.64589E-02
 0.59000E+02, 0.18000E+02, 0.43030E+03, 0.49995E+00, 0.56870E-02
 0.60000E+02, 0.18000E+02, 0.43575E+03, 0.48674E+00, 0.58866E-02
 0.61000E+02, 0.18000E+02, 0.43692E+03, 0.38803E+00, 0.73963E-02
 0.62000E+02, 0.18000E+02, 0.35892E+03, 0.37716E+00, 0.67736E-02
 0.63000E+02, 0.18000E+02, 0.31955E+03, 0.38691E+00, 0.61916E-02
 0.64000E+02, 0.18000E+02, 0.32988E+03, 0.37136E+00, 0.65634E-02
 0.65000E+02, 0.18000E+02, 0.32544E+03, 0.35656E+00, 0.67854E-02
 0.00000E+00, 0.19000E+02, 0.12683E+03, 0.99402E-01, 0.16264E-01
 0.10000E+01, 0.19000E+02, 0.13326E+03, 0.10084E+00, 0.16290E-01
 0.20000E+01, 0.19000E+02, 0.13899E+03, 0.10299E+00, 0.16174E-01
 0.30000E+01, 0.19000E+02, 0.14270E+03, 0.10231E+00, 0.16428E-01
 0.40000E+01, 0.19000E+02, 0.14614E+03, 0.10271E+00, 0.16500E-01
 0.50000E+01, 0.19000E+02, 0.14865E+03, 0.10405E+00, 0.16384E-01
 0.60000E+01, 0.19000E+02, 0.14740E+03, 0.10480E+00, 0.16219E-01
 0.70000E+01, 0.19000E+02, 0.14414E+03, 0.10202E+00, 0.16533E-01
 0.80000E+01, 0.19000E+02, 0.22000E+02, 0.30000E+02, 0.00000E+00
 0.90000E+01, 0.19000E+02, 0.40369E+03, 0.97406E-01, 0.28085E-01
 0.10000E+02, 0.19000E+02, 0.37949E+03, 0.93742E-01, 0.28140E-01
 0.11000E+02, 0.19000E+02, 0.35103E+03, 0.91756E-01, 0.27495E-01
 0.12000E+02, 0.19000E+02, 0.35484E+03, 0.92447E-01, 0.27456E-01
 0.13000E+02, 0.19000E+02, 0.39770E+03, 0.10452E+00, 0.25943E-01
 0.14000E+02, 0.19000E+02, 0.37050E+03, 0.97130E-01, 0.26784E-01
 0.15000E+02, 0.19000E+02, 0.37252E+03, 0.96990E-01, 0.26907E-01
 0.16000E+02, 0.19000E+02, 0.37772E+03, 0.10096E+00, 0.26057E-01
 0.17000E+02, 0.19000E+02, 0.44636E+03, 0.13717E+00, 0.21202E-01
 0.18000E+02, 0.19000E+02, 0.35140E+03, 0.11899E+00, 0.21215E-01
 0.19000E+02, 0.19000E+02, 0.19218E+03, 0.11325E+00, 0.16608E-01
 0.20000E+02, 0.19000E+02, 0.18839E+03, 0.11590E+00, 0.16096E-01
 0.21000E+02, 0.19000E+02, 0.18518E+03, 0.12240E+00, 0.15134E-01
 0.22000E+02, 0.19000E+02, 0.19899E+03, 0.12495E+00, 0.15273E-01
 0.23000E+02, 0.19000E+02, 0.21651E+03, 0.12675E+00, 0.15614E-01
 0.24000E+02, 0.19000E+02, 0.21819E+03, 0.12279E+00, 0.16174E-01
 0.25000E+02, 0.19000E+02, 0.21892E+03, 0.12507E+00, 0.15902E-01
 0.26000E+02, 0.19000E+02, 0.27834E+03, 0.13896E+00, 0.16041E-01
 0.27000E+02, 0.19000E+02, 0.36718E+03, 0.14925E+00, 0.17341E-01
 0.28000E+02, 0.19000E+02, 0.63419E+03, 0.17989E+00, 0.20386E-01
 0.29000E+02, 0.19000E+02, 0.33427E+03, 0.16054E+00, 0.15293E-01
 0.30000E+02, 0.19000E+02, 0.23049E+03, 0.18412E+00, 0.11056E-01
 0.31000E+02, 0.19000E+02, 0.22203E+03, 0.19414E+00, 0.10309E-01
 0.32000E+02, 0.19000E+02, 0.22166E+03, 0.20026E+00, 0.99866E-02
 0.33000E+02, 0.19000E+02, 0.22494E+03, 0.20203E+00, 0.99647E-02
 0.34000E+02, 0.19000E+02, 0.23241E+03, 0.21383E+00, 0.95562E-02
 0.35000E+02, 0.19000E+02, 0.25040E+03, 0.22066E+00, 0.95899E-02
 0.36000E+02, 0.19000E+02, 0.29640E+03, 0.23054E+00, 0.99856E-02
 0.37000E+02, 0.19000E+02, 0.57664E+03, 0.20736E+00, 0.16564E-01
 0.38000E+02, 0.19000E+02, 0.36309E+03, 0.25853E+00, 0.99470E-02
 0.39000E+02, 0.19000E+02, 0.21421E+03, 0.27974E+00, 0.70417E-02
 0.40000E+02, 0.19000E+02, 0.20095E+03, 0.28052E+00, 0.68310E-02
 0.41000E+02, 0.19000E+02, 0.24273E+03, 0.24368E+00, 0.85567E-02
 0.42000E+02, 0.19000E+02, 0.32548E+03, 0.18602E+00, 0.13007E-01
 0.43000E+02, 0.19000E+02, 0.29938E+03, 0.19406E+00, 0.11925E-01
 0.44000E+02, 0.19000E+02, 0.35877E+03, 0.23176E+00, 0.11020E-01
 0.45000E+02, 0.19000E+02, 0.62230E+03, 0.22159E+00, 0.16333E-01
 0.46000E+02, 0.19000E+02, 0.70335E+03, 0.23813E+00, 0.16574E-01
 0.47000E+02, 0.19000E+02, 0.41188E+03, 0.32237E+00, 0.85889E-02
 0.48000E+02, 0.19000E+02, 0.18300E+03, 0.24649E+00, 0.74797E-02
 0.49000E+02, 0.19000E+02, 0.18443E+03, 0.24675E+00, 0.74953E-02
 0.50000E+02, 0.19000E+02, 0.18611E+03, 0.27762E+00, 0.66863E-02
 0.51000E+02, 0.19000E+02, 0.18953E+03, 0.33256E+00, 0.56233E-02
 0.52000E+02, 0.19000E+02, 0.19691E+03, 0.42439E+00, 0.44768E-02
 0.53000E+02, 0.19000E+02, 0.20028E+03, 0.47765E+00, 0.40061E-02
 0.54000E+02, 0.19000E+02, 0.19970E+03, 0.40153E+00, 0.47597E-02
 0.55000E+02, 0.19000E+02, 0.20086E+03, 0.41955E+00, 0.45664E-02
 0.56000E+02, 0.19000E+02, 0.20112E+03, 0.37876E+00, 0.50610E-02
 0.57000E+02, 0.19000E+02, 0.20413E+03, 0.34914E+00, 0.55252E-02
 0.58000E+02, 0.19000E+02, 0.25391E+03, 0.37725E+00, 0.56468E-02
 0.59000E+02, 0.19000E+02, 0.22000E+02, 0.30000E+02, 0.00000E+00
 0.60000E+02, 0.19000E+02, 0.39758E+03, 0.50591E+00, 0.53586E-02
 0.61000E+02, 0.19000E+02, 0.40730E+03, 0.47497E+00, 0.57903E-02
 0.62000E+02, 0.19000E+02, 0.37870E+03, 0.40526E+00, 0.65012E-02
 0.63000E+02, 0.19000E+02, 0.34827E+03, 0.38185E+00, 0.65778E-02
 0.64000E+02, 0.19000E+02, 0.34727E+03, 0.35817E+00, 0.70013E-02
 0.65000E+02, 0.19000E+02, 0.28425E+03, 0.38568E+00, 0.58414E-02
 0.00000E+00, 0.20000E+02, 0.17072E+03, 0.12119E+00, 0.14803E-01
 0.10000E+01, 0.20000E+02, 0.18034E+03, 0.12893E+00, 0.14217E-01
 0.20000E+01, 0.20000E+02, 0.19080E+03, 0.13255E+00, 0.14147E-01
 0.30000E+01, 0.20000E+02, 0.19365E+03, 0.13713E+00, 0.13759E-01
 0.40000E+01, 0.20000E+02, 0.18301E+03, 0.14284E+00, 0.12908E-01
 0.50000E+01, 0.20000E+02, 0.20794E+03, 0.14706E+00, 0.13223E-01
 0.60000E+01, 0.20000E+02, 0.26827E+03, 0.15090E+00, 0.14502E-01
 0.70000E+01, 0.20000E+02, 0.29107E+03, 0.14161E+00, 0.16104E-01
 0.80000E+01, 0.20000E+02, 0.22000E+02, 0.30000E+02, 0.00000E+00
 0.90000E+01, 0.20000E+02, 0.39008E+03, 0.95821E-01, 0.27976E-01
 0.10000E+02, 0.20000E+02, 0.37231E+03, 0.93566E-01, 0.27882E-01
 0.11000E+02, 0.20000E+02, 0.35808E+03, 0.94875E-01, 0.26891E-01
 0.12000E+02, 0.20000E+02, 0.34184E+03, 0.93813E-01, 0.26496E-01
 0.13000E+02, 0.20000E+02, 0.36579E+03, 0.99015E-01, 0.26082E-01
 0.14000E+02, 0.20000E+02, 0.36805E+03, 0.99966E-01, 0.25925E-01
 0.15000E+02, 0.20000E+02, 0.35264E+03, 0.10285E+00, 0.24592E-01
 0.16000E+02, 0.20000E+02, 0.38597E+03, 0.11015E+00, 0.24186E-01
 0.17000E+02, 0.20000E+02, 0.40260E+03, 0.11534E+00, 0.23679E-01
 0.18000E+02, 0.20000E+02, 0.28195E+03, 0.10674E+00, 0.21020E-01
 0.19000E+02, 0.20000E+02, 0.20960E+03, 0.11740E+00, 0.16620E-01
 0.20000E+02, 0.20000E+02, 0.20500E+03, 0.12163E+00, 0.15889E-01
 0.21000E+02, 0.20000E+02, 0.20491E+03, 0.12694E+00, 0.15222E-01
 0.22000E+02, 0.20000E+02, 0.20800E+03, 0.12832E+00, 0.15155E-01
 0.23000E+02, 0.20000E+02, 0.21666E+03, 0.12783E+00, 0.15487E-01
 0.24000E+02, 0.20000E+02, 0.22056E+03, 0.13037E+00, 0.15306E-01
 0.25000E+02, 0.20000E+02, 0.25678E+03, 0.13826E+00, 0.15492E-01
 0.26000E+02, 0.20000E+02, 0.26420E+03, 0.13997E+00, 0.15516E-01
 0.27000E+02, 0.20000E+02, 0.26626E+03, 0.13944E+00, 0.15635E-01
 0.28000E+02, 0.20000E+02, 0.34970E+03, 0.14686E+00, 0.17142E-01
 0.29000E+02, 0.20000E+02, 0.34052E+03, 0.15612E+00, 0.15887E-01
 0.30000E+02, 0.20000E+02, 0.23456E+03, 0.19154E+00, 0.10714E-01
 0.31000E+02, 0.20000E+02, 0.22765E+03, 0.19783E+00, 0.10232E-01
 0.32000E+02, 0.20000E+02, 0.21762E+03, 0.20503E+00, 0.96749E-02
 0.33000E+02, 0.20000E+02, 0.21152E+03, 0.21213E+00, 0.92348E-02
 0.34000E+02, 0.20000E+02, 0.21653E+03, 0.21848E+00, 0.90588E-02
 0.35000E+02, 0.20000E+02, 0.22815E+03, 0.22110E+00, 0.91640E-02
 0.36000E+02, 0.20000E+02, 0.23364E+03, 0.22791E+00, 0.89875E-02
 0.37000E+02, 0.20000E+02, 0.27959E+03, 0.24120E+00, 0.92622E-02
 0.38000E+02, 0.20000E+02, 0.33547E+03, 0.24319E+00, 0.10115E-01
 0.39000E+02, 0.20000E+02, 0.25262E+03, 0.25348E+00, 0.83838E-02
 0.40000E+02, 0.20000E+02, 0.20892E+03, 0.26924E+00, 0.72369E-02
 0.41000E+02, 0.20000E+02, 0.32335E+03, 0.20737E+00, 0.11626E-01
 0.42000E+02, 0.20000E+02, 0.32220E+03, 0.19713E+00, 0.12207E-01
 0.43000E+02, 0.20000E+02, 0.27948E+03, 0.22138E+00, 0.10089E-01
 0.44000E+02, 0.20000E+02, 0.29888E+03, 0.23950E+00, 0.96535E-02
 0.45000E+02, 0.20000E+02, 0.45312E+03, 0.25501E+00, 0.11511E-01
 0.46000E+02, 0.20000E+02, 0.56414E+03, 0.23758E+00, 0.14244E-01
 0.47000E+02, 0.20000E+02, 0.42811E+03, 0.29465E+00, 0.96195E-02
 0.48000E+02, 0.20000E+02, 0.19033E+03, 0.21074E+00, 0.88891E-02
 0.49000E+02, 0.20000E+02, 0.19471E+03, 0.18070E+00, 0.10465E-01
 0.50000E+02, 0.20000E+02, 0.19540E+03, 0.18873E+00, 0.10034E-01
 0.51000E+02, 0.20000E+02, 0.19369E+03, 0.17965E+00, 0.10503E-01
 0.52000E+02, 0.20000E+02, 0.19933E+03, 0.34339E+00, 0.55613E-02
 0.53000E+02, 0.20000E+02, 0.20105E+03, 0.37141E+00, 0.51604E-02
 0.54000E+02, 0.20000E+02, 0.20264E+03, 0.47676E+00, 0.40336E-02
 0.55000E+02, 0.20000E+02, 0.20344E+03, 0.35014E+00, 0.55016E-02
 0.56000E+02, 0.20000E+02, 0.20257E+03, 0.34214E+00, 0.56199E-02
 0.57000E+02, 0.20000E+02, 0.20221E+03, 0.32431E+00, 0.59243E-02
 0.58000E+02, 0.20000E+02, 0.20128E+03, 0.34776E+00, 0.55141E-02
 0.59000E+02, 0.20000E+02, 0.22000E+02, 0.30000E+02, 0.00000E+00
 0.60000E+02, 0.20000E+02, 0.26126E+03, 0.38119E+00, 0.56664E-02
 0.61000E+02, 0.20000E+02, 0.27658E+03, 0.40403E+00, 0.54994E-02
 0.62000E+02, 0.20000E+02, 0.29340E+03, 0.37648E+00, 0.60823E-02
 0.63000E+02, 0.20000E+02, 0.33283E+03, 0.37484E+00, 0.65341E-02
 0.64000E+02, 0.20000E+02, 0.30279E+03, 0.37586E+00, 0.61934E-02
 0.65000E+02, 0.20000E+02, 0.29261E+03, 0.38874E+00, 0.58823E-02
 0.00000E+00, 0.21000E+02, 0.16626E+03, 0.12378E+00, 0.14348E-01
 0.10000E+01, 0.21000E+02, 0.16522E+03, 0.13091E+00, 0.13535E-01
 0.20000E+01, 0.21000E+02, 0.17455E+03, 0.13271E+00, 0.13635E-01
 0.30000E+01, 0.21000E+02, 0.19483E+03, 0.13596E+00, 0.13912E-01
 0.40000E+01, 0.21000E+02, 0.19315E+03, 0.14198E+00, 0.13274E-01
 0.50000E+01, 0.21000E+02, 0.19563E+03, 0.14696E+00, 0.12892E-01
 0.60000E+01, 0.21000E+02, 0.23944E+03, 0.14714E+00, 0.14080E-01
 0.70000E+01, 0.21000E+02, 0.24831E+03, 0.14812E+00, 0.14230E-01
 0.80000E+01, 0.21000E+02, 0.22000E+02, 0.30000E+02, 0.00000E+00
 0.90000E+01, 0.21000E+02, 0.37586E+03, 0.96838E-01, 0.27089E-01
 0.10000E+02, 0.21000E+02, 0.35908E+03, 0.93440E-01, 0.27348E-01
 0.11000E+02, 0.21000E+02, 0.34206E+03, 0.93492E-01, 0.26597E-01
 0.12000E+02, 0.21000E+02, 0.32025E+03, 0.93363E-01, 0.25689E-01
 0.13000E+02, 0.21000E+02, 0.35679E+03, 0.99782E-01, 0.25517E-01
 0.14000E+02, 0.21000E+02, 0.35560E+03, 0.98901E-01, 0.25695E-01
 0.15000E+02, 0.21000E+02, 0.32677E+03, 0.10041E+00, 0.24148E-01
 0.16000E+02, 0.21000E+02, 0.30887E+03, 0.10266E+00, 0.22916E-01
 0.17000E+02, 0.21000E+02, 0.34136E+03, 0.10546E+00, 0.23552E-01
 0.18000E+02, 0.21000E+02, 0.28958E+03, 0.11051E+00, 0.20581E-01
 0.19000E+02, 0.21000E+02, 0.20670E+03, 0.11497E+00, 0.16870E-01
 0.20000E+02, 0.21000E+02, 0.20793E+03, 0.12488E+00, 0.15570E-01
 0.21000E+02, 0.21000E+02, 0.21509E+03, 0.13311E+00, 0.14825E-01
 0.22000E+02, 0.21000E+02, 0.21444E+03, 0.13878E+00, 0.14201E-01
 0.23000E+02, 0.21000E+02, 0.21988E+03, 0.13888E+00, 0.14349E-01
 0.24000E+02, 0.21000E+02, 0.21941E+03, 0.14028E+00, 0.14192E-01
 0.25000E+02, 0.21000E+02, 0.23012E+03, 0.13454E+00, 0.15120E-01
 0.26000E+02, 0.21000E+02, 0.23383E+03, 0.13058E+00, 0.15693E-01
 0.27000E+02, 0.21000E+02, 0.24951E+03, 0.13255E+00, 0.15937E-01
 0.28000E+02, 0.21000E+02, 0.25378E+03, 0.13263E+00, 0.16058E-01
 0.29000E+02, 0.21000E+02, 0.26837E+03, 0.13361E+00, 0.16381E-01
 0.30000E+02, 0.21000E+02, 0.23835E+03, 0.18586E+00, 0.11123E-01
 0.31000E+02, 0.21000E+02, 0.22712E+03, 0.18814E+00, 0.10748E-01
 0.32000E+02, 0.21000E+02, 0.21986E+03, 0.19643E+00, 0.10144E-01
 0.33000E+02, 0.21000E+02, 0.21172E+03, 0.20401E+00, 0.96061E-02
 0.34000E+02, 0.21000E+02, 0.21323E+03, 0.21547E+00, 0.91237E-02
 0.35000E+02, 0.21000E+02, 0.22987E+03, 0.20710E+00, 0.98172E-02
 0.36000E+02, 0.21000E+02, 0.22192E+03, 0.21569E+00, 0.92772E-02
 0.37000E+02, 0.21000E+02, 0.22026E+03, 0.22806E+00, 0.87447E-02
 0.38000E+02, 0.21000E+02, 0.22729E+03, 0.24478E+00, 0.82632E-02
 0.39000E+02, 0.21000E+02, 0.23505E+03, 0.25188E+00, 0.81548E-02
 0.40000E+02, 0.21000E+02, 0.21217E+03, 0.25522E+00, 0.76858E-02
 0.41000E+02, 0.21000E+02, 0.31267E+03, 0.21584E+00, 0.10970E-01
 0.42000E+02, 0.21000E+02, 0.30597E+03, 0.20709E+00, 0.11303E-01
 0.43000E+02, 0.21000E+02, 0.30273E+03, 0.19742E+00, 0.11790E-01
 0.44000E+02, 0.21000E+02, 0.31580E+03, 0.24696E+00, 0.96391E-02
 0.45000E+02, 0.21000E+02, 0.35240E+03, 0.29223E+00, 0.86519E-02
 0.46000E+02, 0.21000E+02, 0.32614E+03, 0.33503E+00, 0.72299E-02
 0.47000E+02, 0.21000E+02, 0.31495E+03, 0.34412E+00, 0.69075E-02
 0.48000E+02, 0.21000E+02, 0.18918E+03, 0.19094E+00, 0.97868E-02
 0.49000E+02, 0.21000E+02, 0.19368E+03, 0.18419E+00, 0.10244E-01
 0.50000E+02, 0.21000E+02, 0.19442E+03, 0.18577E+00, 0.10173E-01
 0.51000E+02, 0.21000E+02, 0.19622E+03, 0.17767E+00, 0.10678E-01
 0.52000E+02, 0.21000E+02, 0.19360E+03, 0.19890E+00, 0.94848E-02
 0.53000E+02, 0.21000E+02, 0.19441E+03, 0.21999E+00, 0.85902E-02
 0.54000E+02, 0.21000E+02, 0.19716E+03, 0.23844E+00, 0.79723E-02
 0.55000E+02, 0.21000E+02, 0.20144E+03, 0.31192E+00, 0.61498E-02
 0.56000E+02, 0.21000E+02, 0.19862E+03, 0.32126E+00, 0.59356E-02
 0.57000E+02, 0.21000E+02, 0.20163E+03, 0.32134E+00, 0.59718E-02
 0.58000E+02, 0.21000E+02, 0.19992E+03, 0.31914E+00, 0.59913E-02
 0.59000E+02, 0.21000E+02, 0.22000E+02, 0.30000E+02, 0.00000E+00
 0.60000E+02, 0.21000E+02, 0.26797E+03, 0.34629E+00, 0.63159E-02
 0.61000E+02, 0.21000E+02, 0.24122E+03, 0.34217E+00, 0.60760E-02
 0.62000E+02, 0.21000E+02, 0.25857E+03, 0.35389E+00, 0.60729E-02
 0.63000E+02, 0.21000E+02, 0.29793E+03, 0.40382E+00, 0.57159E-02
 0.64000E+02, 0.21000E+02, 0.29463E+03, 0.40268E+00, 0.56989E-02
 0.65000E+02, 0.21000E+02, 0.29129E+03, 0.40255E+00, 0.56673E-02
 0.00000E+00, 0.22000E+02, 0.17317E+03, 0.12537E+00, 0.14389E-01
 0.10000E+01, 0.22000E+02, 0.16915E+03, 0.13015E+00, 0.13736E-01
 0.20000E+01, 0.22000E+02, 0.16686E+03, 0.13105E+00, 0.13571E-01
 0.30000E+01, 0.22000E+02, 0.18496E+03, 0.13399E+00, 0.13819E-01
 0.40000E+01, 0.22000E+02, 0.19559E+03, 0.13941E+00, 0.13590E-01
 0.50000E+01, 0.22000E+02, 0.18978E+03, 0.14459E+00, 0.12941E-01
 0.60000E+01, 0.22000E+02, 0.19548E+03, 0.14615E+00, 0.12960E-01
 0.70000E+01, 0.22000E+02, 0.18979E+03, 0.14791E+00, 0.12651E-01
 0.80000E+01, 0.22000E+02, 0.22000E+02, 0.30000E+02, 0.00000E+00
 0.90000E+01, 0.22000E+02, 0.36231E+03, 0.97518E-01, 0.26338E-01
 0.10000E+02, 0.22000E+02, 0.34674E+03, 0.96317E-01, 0.26013E-01
 0.11000E+02, 0.22000E+02, 0.32892E+03, 0.92248E-01, 0.26380E-01
 0.12000E+02, 0.22000E+02, 0.29750E+03, 0.90981E-01, 0.25351E-01
 0.13000E+02, 0.22000E+02, 0.35627E+03, 0.10088E+00, 0.25218E-01
 0.14000E+02, 0.22000E+02, 0.33289E+03, 0.98869E-01, 0.24775E-01
 0.15000E+02, 0.22000E+02, 0.31621E+03, 0.10089E+00, 0.23611E-01
 0.16000E+02, 0.22000E+02, 0.33847E+03, 0.10320E+00, 0.23955E-01
 0.17000E+02, 0.22000E+02, 0.31432E+03, 0.10591E+00, 0.22420E-01
 0.18000E+02, 0.22000E+02, 0.31794E+03, 0.11352E+00, 0.21045E-01
 0.19000E+02, 0.22000E+02, 0.20745E+03, 0.11665E+00, 0.16652E-01
 0.20000E+02, 0.22000E+02, 0.21648E+03, 0.11966E+00, 0.16538E-01
 0.21000E+02, 0.22000E+02, 0.21252E+03, 0.12356E+00, 0.15887E-01
 0.22000E+02, 0.22000E+02, 0.21456E+03, 0.12716E+00, 0.15503E-01
 0.23000E+02, 0.22000E+02, 0.21994E+03, 0.12782E+00, 0.15592E-01
 0.24000E+02, 0.22000E+02, 0.21559E+03, 0.12294E+00, 0.16068E-01
 0.25000E+02, 0.22000E+02, 0.21787E+03, 0.12444E+00, 0.15949E-01
 0.26000E+02, 0.22000E+02, 0.22343E+03, 0.12577E+00, 0.15959E-01
 0.27000E+02, 0.22000E+02, 0.23640E+03, 0.12917E+00, 0.15944E-01
 0.28000E+02, 0.22000E+02, 0.25190E+03, 0.13148E+00, 0.16140E-01
 0.29000E+02, 0.22000E+02, 0.26154E+03, 0.13033E+00, 0.16583E-01
 0.30000E+02, 0.22000E+02, 0.24148E+03, 0.18334E+00, 0.11345E-01
 0.31000E+02, 0.22000E+02, 0.23064E+03, 0.18601E+00, 0.10947E-01
 0.32000E+02, 0.22000E+02, 0.22201E+03, 0.19437E+00, 0.10297E-01
 0.33000E+02, 0.22000E+02, 0.21534E+03, 0.20008E+00, 0.98682E-02
 0.34000E+02, 0.22000E+02, 0.21789E+03, 0.20868E+00, 0.95108E-02
 0.35000E+02, 0.22000E+02, 0.23361E+03, 0.19803E+00, 0.10343E-01
 0.36000E+02, 0.22000E+02, 0.22467E+03, 0.21188E+00, 0.94964E-02
 0.37000E+02, 0.22000E+02, 0.22509E+03, 0.22480E+00, 0.89582E-02
 0.38000E+02, 0.22000E+02, 0.23367E+03, 0.24285E+00, 0.84351E-02
 0.39000E+02, 0.22000E+02, 0.22915E+03, 0.24641E+00, 0.82390E-02
 0.40000E+02, 0.22000E+02, 0.25461E+03, 0.23147E+00, 0.92154E-02
 0.41000E+02, 0.22000E+02, 0.30728E+03, 0.20393E+00, 0.11504E-01
 0.42000E+02, 0.22000E+02, 0.30752E+03, 0.19717E+00, 0.11903E-01
 0.43000E+02, 0.22000E+02, 0.30909E+03, 0.18438E+00, 0.12763E-01
 0.44000E+02, 0.22000E+02, 0.29210E+03, 0.20997E+00, 0.10881E-01
 0.45000E+02, 0.22000E+02, 0.29736E+03, 0.26801E+00, 0.86039E-02
 0.46000E+02, 0.22000E+02, 0.31567E+03, 0.33766E+00, 0.70483E-02
 0.47000E+02, 0.22000E+02, 0.36444E+03, 0.29351E+00, 0.87801E-02
 0.48000E+02, 0.22000E+02, 0.18761E+03, 0.19919E+00, 0.93491E-02
 0.49000E+02, 0.22000E+02, 0.19224E+03, 0.19867E+00, 0.94679E-02
 0.50000E+02, 0.22000E+02, 0.19338E+03, 0.19379E+00, 0.97300E-02
 0.51000E+02, 0.22000E+02, 0.19544E+03, 0.18405E+00, 0.10291E-01
 0.52000E+02, 0.22000E+02, 0.19638E+03, 0.19027E+00, 0.99737E-02
 0.53000E+02, 0.22000E+02, 0.19698E+03, 0.20777E+00, 0.91457E-02
 0.54000E+02, 0.22000E+02, 0.20044E+03, 0.24669E+00, 0.77594E-02
 0.55000E+02, 0.22000E+02, 0.19947E+03, 0.26371E+00, 0.72437E-02
 0.56000E+02, 0.22000E+02, 0.19852E+03, 0.28940E+00, 0.65875E-02
 0.57000E+02, 0.22000E+02, 0.19886E+03, 0.30866E+00, 0.61809E-02
 0.58000E+02, 0.22000E+02, 0.19422E+03, 0.30345E+00, 0.62251E-02
 0.59000E+02, 0.22000E+02, 0.22000E+02, 0.30000E+02, 0.00000E+00
 0.60000E+02, 0.22000E+02, 0.25916E+03, 0.34670E+00, 0.62056E-02
 0.61000E+02, 0.22000E+02, 0.24341E+03, 0.39278E+00, 0.53155E-02
 0.62000E+02, 0.22000E+02, 0.29012E+03, 0.36568E+00, 0.62258E-02
 0.63000E+02, 0.22000E+02, 0.23620E+03, 0.54502E+00, 0.37773E-02
 0.64000E+02, 0.22000E+02, 0.27887E+03, 0.40050E+00, 0.55710E-02
 0.65000E+02, 0.22000E+02, 0.30251E+03, 0.36361E+00, 0.63989E-02
 0.00000E+00, 0.23000E+02, 0.17355E+03, 0.12531E+00, 0.14409E-01
 0.10000E+01, 0.23000E+02, 0.19614E+03, 0.12811E+00, 0.14806E-01
 0.20000E+01, 0.23000E+02, 0.18887E+03, 0.13080E+00, 0.14277E-01
 0.30000E+01, 0.23000E+02, 0.18571E+03, 0.13389E+00, 0.13852E-01
 0.40000E+01, 0.23000E+02, 0.19125E+03, 0.13775E+00, 0.13627E-01
 0.50000E+01, 0.23000E+02, 0.18947E+03, 0.14084E+00, 0.13277E-01
 0.60000E+01, 0.23000E+02, 0.18190E+03, 0.14227E+00, 0.12928E-01
 0.70000E+01, 0.23000E+02, 0.16661E+03, 0.14824E+00, 0.11990E-01
 0.80000E+01, 0.23000E+02, 0.22000E+02, 0.30000E+02, 0.00000E+00
 0.90000E+01, 0.23000E+02, 0.34473E+03, 0.94726E-01, 0.26364E-01
 0.10000E+02, 0.23000E+02, 0.33650E+03, 0.94796E-01, 0.25994E-01
 0.11000E+02, 0.23000E+02, 0.32665E+03, 0.92915E-01, 0.26091E-01
 0.12000E+02, 0.23000E+02, 0.32353E+03, 0.95531E-01, 0.25245E-01
 0.13000E+02, 0.23000E+02, 0.35265E+03, 0.10226E+00, 0.24735E-01
 0.14000E+02, 0.23000E+02, 0.31945E+03, 0.99602E-01, 0.24048E-01
 0.15000E+02, 0.23000E+02, 0.31641E+03, 0.10087E+00, 0.23623E-01
 0.16000E+02, 0.23000E+02, 0.31427E+03, 0.10171E+00, 0.23344E-01
 0.17000E+02, 0.23000E+02, 0.33178E+03, 0.10757E+00, 0.22729E-01
 0.18000E+02, 0.23000E+02, 0.32014E+03, 0.11138E+00, 0.21529E-01
 0.19000E+02, 0.23000E+02, 0.22673E+03, 0.11102E+00, 0.18199E-01
 0.20000E+02, 0.23000E+02, 0.22078E+03, 0.11766E+00, 0.16968E-01
 0.21000E+02, 0.23000E+02, 0.21504E+03, 0.11860E+00, 0.16637E-01
 0.22000E+02, 0.23000E+02, 0.21588E+03, 0.12074E+00, 0.16370E-01
 0.23000E+02, 0.23000E+02, 0.21818E+03, 0.12165E+00, 0.16325E-01
 0.24000E+02, 0.23000E+02, 0.22010E+03, 0.12171E+00, 0.16381E-01
 0.25000E+02, 0.23000E+02, 0.21851E+03, 0.12024E+00, 0.16527E-01
 0.26000E+02, 0.23000E+02, 0.21877E+03, 0.12060E+00, 0.16486E-01
 0.27000E+02, 0.23000E+02, 0.22058E+03, 0.12192E+00, 0.16368E-01
 0.28000E+02, 0.23000E+02, 0.24549E+03, 0.12722E+00, 0.16478E-01
 0.29000E+02, 0.23000E+02, 0.27383E+03, 0.12920E+00, 0.17112E-01
 0.30000E+02, 0.23000E+02, 0.23517E+03, 0.18022E+00, 0.11401E-01
 0.31000E+02, 0.23000E+02, 0.23595E+03, 0.18825E+00, 0.10930E-01
 0.32000E+02, 0.23000E+02, 0.21937E+03, 0.20057E+00, 0.99252E-02
 0.33000E+02, 0.23000E+02, 0.21978E+03, 0.20587E+00, 0.96774E-02
 0.34000E+02, 0.23000E+02, 0.22598E+03, 0.19492E+00, 0.10350E-01
 0.35000E+02, 0.23000E+02, 0.25022E+03, 0.19279E+00, 0.10973E-01
 0.36000E+02, 0.23000E+02, 0.24763E+03, 0.19906E+00, 0.10574E-01
 0.37000E+02, 0.23000E+02, 0.23646E+03, 0.21281E+00, 0.96789E-02
 0.38000E+02, 0.23000E+02, 0.23879E+03, 0.22798E+00, 0.90763E-02
 0.39000E+02, 0.23000E+02, 0.25998E+03, 0.21920E+00, 0.98306E-02
 0.40000E+02, 0.23000E+02, 0.29702E+03, 0.19424E+00, 0.11864E-01
 0.41000E+02, 0.23000E+02, 0.31284E+03, 0.18244E+00, 0.12982E-01
 0.42000E+02, 0.23000E+02, 0.33019E+03, 0.18482E+00, 0.13195E-01
 0.43000E+02, 0.23000E+02, 0.29628E+03, 0.18830E+00, 0.12223E-01
 0.44000E+02, 0.23000E+02, 0.27501E+03, 0.22819E+00, 0.97094E-02
 0.45000E+02, 0.23000E+02, 0.27830E+03, 0.27213E+00, 0.81904E-02
 0.46000E+02, 0.23000E+02, 0.29567E+03, 0.29545E+00, 0.77815E-02
 0.47000E+02, 0.23000E+02, 0.30805E+03, 0.30471E+00, 0.77093E-02
 0.48000E+02, 0.23000E+02, 0.18605E+03, 0.20689E+00, 0.89709E-02
 0.49000E+02, 0.23000E+02, 0.18818E+03, 0.20243E+00, 0.92112E-02
 0.50000E+02, 0.23000E+02, 0.19106E+03, 0.20011E+00, 0.93763E-02
 0.51000E+02, 0.23000E+02, 0.18866E+03, 0.20882E+00, 0.89386E-02
 0.52000E+02, 0.23000E+02, 0.18990E+03, 0.20907E+00, 0.89517E-02
 0.53000E+02, 0.23000E+02, 0.19661E+03, 0.22777E+00, 0.83362E-02
 0.54000E+02, 0.23000E+02, 0.19618E+03, 0.24908E+00, 0.76159E-02
 0.55000E+02, 0.23000E+02, 0.19420E+03, 0.31184E+00, 0.60574E-02
 0.56000E+02, 0.23000E+02, 0.19747E+03, 0.27555E+00, 0.69032E-02
 0.57000E+02, 0.23000E+02, 0.19762E+03, 0.31434E+00, 0.60533E-02
 0.58000E+02, 0.23000E+02, 0.19452E+03, 0.31400E+00, 0.60199E-02
 0.59000E+02, 0.23000E+02, 0.22000E+02, 0.30000E+02, 0.00000E+00
 0.60000E+02, 0.23000E+02, 0.24205E+03, 0.35883E+00, 0.58032E-02
 0.61000E+02, 0.23000E+02, 0.23244E+03, 0.47339E+00, 0.43168E-02
 0.62000E+02, 0.23000E+02, 0.22823E+03, 0.48632E+00, 0.41671E-02
 0.63000E+02, 0.23000E+02, 0.22832E+03, 0.51124E+00, 0.39646E-02
 0.64000E+02, 0.23000E+02, 0.25662E+03, 0.41944E+00, 0.51050E-02
 0.65000E+02, 0.23000E+02, 0.29010E+03, 0.36106E+00, 0.63052E-02
 0.00000E+00, 0.24000E+02, 0.13301E+03, 0.12570E+00, 0.13060E-01
 0.10000E+01, 0.24000E+02, 0.18394E+03, 0.12432E+00, 0.14861E-01
 0.20000E+01, 0.24000E+02, 0.20452E+03, 0.12772E+00, 0.15116E-01
 0.30000E+01, 0.24000E+02, 0.20770E+03, 0.13274E+00, 0.14642E-01
 0.40000E+01, 0.24000E+02, 0.19400E+03, 0.13637E+00, 0.13846E-01
 0.50000E+01, 0.24000E+02, 0.18675E+03, 0.13757E+00, 0.13512E-01
 0.60000E+01, 0.24000E+02, 0.17638E+03, 0.14028E+00, 0.12952E-01
 0.70000E+01, 0.24000E+02, 0.16348E+03, 0.14173E+00, 0.12451E-01
 0.80000E+01, 0.24000E+02, 0.22000E+02, 0.30000E+02, 0.00000E+00
 0.90000E+01, 0.24000E+02, 0.34560E+03, 0.92698E-01, 0.26979E-01
 0.10000E+02, 0.24000E+02, 0.33425E+03, 0.92664E-01, 0.26494E-01
 0.11000E+02, 0.24000E+02, 0.32561E+03, 0.93777E-01, 0.25807E-01
 0.12000E+02, 0.24000E+02, 0.34229E+03, 0.99885E-01, 0.24904E-01
 0.13000E+02, 0.24000E+02, 0.34572E+03, 0.10048E+00, 0.24895E-01
 0.14000E+02, 0.24000E+02, 0.31259E+03, 0.10043E+00, 0.23574E-01
 0.15000E+02, 0.24000E+02, 0.30823E+03, 0.10126E+00, 0.23206E-01
 0.16000E+02, 0.24000E+02, 0.29681E+03, 0.10196E+00, 0.22593E-01
 0.17000E+02, 0.24000E+02, 0.31352E+03, 0.10136E+00, 0.23393E-01
 0.18000E+02, 0.24000E+02, 0.31576E+03, 0.10797E+00, 0.22045E-01
 0.19000E+02, 0.24000E+02, 0.25952E+03, 0.10507E+00, 0.20490E-01
 0.20000E+02, 0.24000E+02, 0.23499E+03, 0.10636E+00, 0.19310E-01
 0.21000E+02, 0.24000E+02, 0.21708E+03, 0.11872E+00, 0.16690E-01
 0.22000E+02, 0.24000E+02, 0.21895E+03, 0.11943E+00, 0.16654E-01
 0.23000E+02, 0.24000E+02, 0.22024E+03, 0.11929E+00, 0.16716E-01
 0.24000E+02, 0.24000E+02, 0.21893E+03, 0.11894E+00, 0.16722E-01
 0.25000E+02, 0.24000E+02, 0.21478E+03, 0.11710E+00, 0.16841E-01
 0.26000E+02, 0.24000E+02, 0.21914E+03, 0.11931E+00, 0.16677E-01
 0.27000E+02, 0.24000E+02, 0.22225E+03, 0.12119E+00, 0.16522E-01
 0.28000E+02, 0.24000E+02, 0.23448E+03, 0.12517E+00, 0.16391E-01
 0.29000E+02, 0.24000E+02, 0.25253E+03, 0.12602E+00, 0.16859E-01
 0.30000E+02, 0.24000E+02, 0.22408E+03, 0.17593E+00, 0.11424E-01
 0.31000E+02, 0.24000E+02, 0.23504E+03, 0.19389E+00, 0.10594E-01
 0.32000E+02, 0.24000E+02, 0.21719E+03, 0.20247E+00, 0.97887E-02
 0.33000E+02, 0.24000E+02, 0.22773E+03, 0.18657E+00, 0.10851E-01
 0.34000E+02, 0.24000E+02, 0.25128E+03, 0.18108E+00, 0.11705E-01
 0.35000E+02, 0.24000E+02, 0.26596E+03, 0.18731E+00, 0.11633E-01
 0.36000E+02, 0.24000E+02, 0.27654E+03, 0.18567E+00, 0.11966E-01
 0.37000E+02, 0.24000E+02, 0.25312E+03, 0.20452E+00, 0.10400E-01
 0.38000E+02, 0.24000E+02, 0.25870E+03, 0.21046E+00, 0.10214E-01
 0.39000E+02, 0.24000E+02, 0.28335E+03, 0.19590E+00, 0.11482E-01
 0.40000E+02, 0.24000E+02, 0.30393E+03, 0.18213E+00, 0.12806E-01
 0.41000E+02, 0.24000E+02, 0.28832E+03, 0.18256E+00, 0.12431E-01
 0.42000E+02, 0.24000E+02, 0.29517E+03, 0.18547E+00, 0.12385E-01
 0.43000E+02, 0.24000E+02, 0.28164E+03, 0.21212E+00, 0.10571E-01
 0.44000E+02, 0.24000E+02, 0.26047E+03, 0.22904E+00, 0.94169E-02
 0.45000E+02, 0.24000E+02, 0.25869E+03, 0.24130E+00, 0.89085E-02
 0.46000E+02, 0.24000E+02, 0.27148E+03, 0.29972E+00, 0.73445E-02
 0.47000E+02, 0.24000E+02, 0.31747E+03, 0.26599E+00, 0.89749E-02
 0.48000E+02, 0.24000E+02, 0.17405E+03, 0.21095E+00, 0.85685E-02
 0.49000E+02, 0.24000E+02, 0.18565E+03, 0.20957E+00, 0.88486E-02
 0.50000E+02, 0.24000E+02, 0.18585E+03, 0.21772E+00, 0.85211E-02
 0.51000E+02, 0.24000E+02, 0.18396E+03, 0.24266E+00, 0.76137E-02
 0.52000E+02, 0.24000E+02, 0.18695E+03, 0.22690E+00, 0.81960E-02
 0.53000E+02, 0.24000E+02, 0.18665E+03, 0.28068E+00, 0.66213E-02
 0.54000E+02, 0.24000E+02, 0.19300E+03, 0.27479E+00, 0.68565E-02
 0.55000E+02, 0.24000E+02, 0.19413E+03, 0.30654E+00, 0.61612E-02
 0.56000E+02, 0.24000E+02, 0.19568E+03, 0.29976E+00, 0.63214E-02
 0.57000E+02, 0.24000E+02, 0.19535E+03, 0.27512E+00, 0.68829E-02
 0.58000E+02, 0.24000E+02, 0.19668E+03, 0.28802E+00, 0.65932E-02
 0.59000E+02, 0.24000E+02, 0.22000E+02, 0.30000E+02, 0.00000E+00
 0.60000E+02, 0.24000E+02, 0.25621E+03, 0.34068E+00, 0.62804E-02
 0.61000E+02, 0.24000E+02, 0.24021E+03, 0.33415E+00, 0.62094E-02
 0.62000E+02, 0.24000E+02, 0.23163E+03, 0.35180E+00, 0.57995E-02
 0.63000E+02, 0.24000E+02, 0.23926E+03, 0.41620E+00, 0.49761E-02
 0.64000E+02, 0.24000E+02, 0.23503E+03, 0.47038E+00, 0.43666E-02
 0.65000E+02, 0.24000E+02, 0.28203E+03, 0.35015E+00, 0.64086E-02
 0.00000E+00, 0.25000E+02, 0.13304E+03, 0.12282E+00, 0.13367E-01
 0.10000E+01, 0.25000E+02, 0.15089E+03, 0.12340E+00, 0.13889E-01
 0.20000E+01, 0.25000E+02, 0.16478E+03, 0.12316E+00, 0.14372E-01
 0.30000E+01, 0.25000E+02, 0.21193E+03, 0.12830E+00, 0.15281E-01
 0.40000E+01, 0.25000E+02, 0.21132E+03, 0.13054E+00, 0.15000E-01
 0.50000E+01, 0.25000E+02, 0.19308E+03, 0.13250E+00, 0.14222E-01
 0.60000E+01, 0.25000E+02, 0.17450E+03, 0.13460E+00, 0.13442E-01
 0.70000E+01, 0.25000E+02, 0.16300E+03, 0.13341E+00, 0.13214E-01
 0.80000E+01, 0.25000E+02, 0.22000E+02, 0.30000E+02, 0.00000E+00
 0.90000E+01, 0.25000E+02, 0.33721E+03, 0.92272E-01, 0.26736E-01
 0.10000E+02, 0.25000E+02, 0.33322E+03, 0.93217E-01, 0.26292E-01
 0.11000E+02, 0.25000E+02, 0.33101E+03, 0.96814E-01, 0.25223E-01
 0.12000E+02, 0.25000E+02, 0.33774E+03, 0.99669E-01, 0.24773E-01
 0.13000E+02, 0.25000E+02, 0.32794E+03, 0.98069E-01, 0.24773E-01
 0.14000E+02, 0.25000E+02, 0.31590E+03, 0.99022E-01, 0.24044E-01
 0.15000E+02, 0.25000E+02, 0.31323E+03, 0.99277E-01, 0.23873E-01
 0.16000E+02, 0.25000E+02, 0.30431E+03, 0.97859E-01, 0.23851E-01
 0.17000E+02, 0.25000E+02, 0.28951E+03, 0.99109E-01, 0.22946E-01
 0.18000E+02, 0.25000E+02, 0.29889E+03, 0.10245E+00, 0.22568E-01
 0.19000E+02, 0.25000E+02, 0.21670E+03, 0.10651E+00, 0.18588E-01
 0.20000E+02, 0.25000E+02, 0.21670E+03, 0.11467E+00, 0.17265E-01
 0.21000E+02, 0.25000E+02, 0.21793E+03, 0.11915E+00, 0.16659E-01
 0.22000E+02, 0.25000E+02, 0.21995E+03, 0.11899E+00, 0.16750E-01
 0.23000E+02, 0.25000E+02, 0.22393E+03, 0.11978E+00, 0.16773E-01
 0.24000E+02, 0.25000E+02, 0.22595E+03, 0.12042E+00, 0.16752E-01
 0.25000E+02, 0.25000E+02, 0.23572E+03, 0.12183E+00, 0.16883E-01
 0.26000E+02, 0.25000E+02, 0.23730E+03, 0.12289E+00, 0.16789E-01
 0.27000E+02, 0.25000E+02, 0.23710E+03, 0.12335E+00, 0.16720E-01
 0.28000E+02, 0.25000E+02, 0.23765E+03, 0.12482E+00, 0.16540E-01
 0.29000E+02, 0.25000E+02, 0.24441E+03, 0.12394E+00, 0.16878E-01
 0.30000E+02, 0.25000E+02, 0.22039E+03, 0.17375E+00, 0.11481E-01
 0.31000E+02, 0.25000E+02, 0.23436E+03, 0.18460E+00, 0.11112E-01
 0.32000E+02, 0.25000E+02, 0.23177E+03, 0.18015E+00, 0.11328E-01
 0.33000E+02, 0.25000E+02, 0.24959E+03, 0.17654E+00, 0.11968E-01
 0.34000E+02, 0.25000E+02, 0.26190E+03, 0.18165E+00, 0.11905E-01
 0.35000E+02, 0.25000E+02, 0.28804E+03, 0.18205E+00, 0.12459E-01
 0.36000E+02, 0.25000E+02, 0.29995E+03, 0.17362E+00, 0.13342E-01
 0.37000E+02, 0.25000E+02, 0.28515E+03, 0.17832E+00, 0.12655E-01
 0.38000E+02, 0.25000E+02, 0.28737E+03, 0.18800E+00, 0.12050E-01
 0.39000E+02, 0.25000E+02, 0.31274E+03, 0.18025E+00, 0.13138E-01
 0.40000E+02, 0.25000E+02, 0.31225E+03, 0.17612E+00, 0.13435E-01
 0.41000E+02, 0.25000E+02, 0.29356E+03, 0.17128E+00, 0.13373E-01
 0.42000E+02, 0.25000E+02, 0.30608E+03, 0.18444E+00, 0.12694E-01
 0.43000E+02, 0.25000E+02, 0.30240E+03, 0.20206E+00, 0.11513E-01
 0.44000E+02, 0.25000E+02, 0.28265E+03, 0.21305E+00, 0.10544E-01
 0.45000E+02, 0.25000E+02, 0.26358E+03, 0.22207E+00, 0.97689E-02
 0.46000E+02, 0.25000E+02, 0.25923E+03, 0.22946E+00, 0.93774E-02
 0.47000E+02, 0.25000E+02, 0.25195E+03, 0.21966E+00, 0.96622E-02
 0.48000E+02, 0.25000E+02, 0.17772E+03, 0.23390E+00, 0.77912E-02
 0.49000E+02, 0.25000E+02, 0.18117E+03, 0.23185E+00, 0.79202E-02
 0.50000E+02, 0.25000E+02, 0.18164E+03, 0.25832E+00, 0.71161E-02
 0.51000E+02, 0.25000E+02, 0.18415E+03, 0.24143E+00, 0.76559E-02
 0.52000E+02, 0.25000E+02, 0.18543E+03, 0.23688E+00, 0.78249E-02
 0.53000E+02, 0.25000E+02, 0.18352E+03, 0.23689E+00, 0.77916E-02
 0.54000E+02, 0.25000E+02, 0.19075E+03, 0.26884E+00, 0.69745E-02
 0.55000E+02, 0.25000E+02, 0.19382E+03, 0.32788E+00, 0.57565E-02
 0.56000E+02, 0.25000E+02, 0.19679E+03, 0.31431E+00, 0.60432E-02
 0.57000E+02, 0.25000E+02, 0.19838E+03, 0.28826E+00, 0.66116E-02
 0.58000E+02, 0.25000E+02, 0.19524E+03, 0.28856E+00, 0.65605E-02
 0.59000E+02, 0.25000E+02, 0.22000E+02, 0.30000E+02, 0.00000E+00
 0.60000E+02, 0.25000E+02, 0.25083E+03, 0.33541E+00, 0.63141E-02
 0.61000E+02, 0.25000E+02, 0.24640E+03, 0.33540E+00, 0.62610E-02
 0.62000E+02, 0.25000E+02, 0.24457E+03, 0.38355E+00, 0.54557E-02
 0.63000E+02, 0.25000E+02, 0.22866E+03, 0.44299E+00, 0.45784E-02
 0.64000E+02, 0.25000E+02, 0.22035E+03, 0.47893E+00, 0.41648E-02
 0.65000E+02, 0.25000E+02, 0.25336E+03, 0.35722E+00, 0.59574E-02
 0.00000E+00, 0.26000E+02, 0.26921E+03, 0.10514E+00, 0.20850E-01
 0.10000E+01, 0.26000E+02, 0.27031E+03, 0.10385E+00, 0.21152E-01
 0.20000E+01, 0.26000E+02, 0.26944E+03, 0.10337E+00, 0.21216E-01
 0.30000E+01, 0.26000E+02, 0.27633E+03, 0.10786E+00, 0.20591E-01
 0.40000E+01, 0.26000E+02, 0.27219E+03, 0.10791E+00, 0.20426E-01
 0.50000E+01, 0.26000E+02, 0.26462E+03, 0.11038E+00, 0.19692E-01
 0.60000E+01, 0.26000E+02, 0.25744E+03, 0.10966E+00, 0.19557E-01
 0.70000E+01, 0.26000E+02, 0.22000E+02, 0.30000E+02, 0.00000E+00
 0.80000E+01, 0.26000E+02, 0.31132E+03, 0.94690E-01, 0.24948E-01
 0.90000E+01, 0.26000E+02, 0.31817E+03, 0.96845E-01, 0.24679E-01
 0.10000E+02, 0.26000E+02, 0.30640E+03, 0.10707E+00, 0.21877E-01
 0.11000E+02, 0.26000E+02, 0.31934E+03, 0.10291E+00, 0.23270E-01
 0.12000E+02, 0.26000E+02, 0.29322E+03, 0.11713E+00, 0.19544E-01
 0.13000E+02, 0.26000E+02, 0.30081E+03, 0.11009E+00, 0.21071E-01
 0.14000E+02, 0.26000E+02, 0.30687E+03, 0.10485E+00, 0.22358E-01
 0.15000E+02, 0.26000E+02, 0.29853E+03, 0.10185E+00, 0.22686E-01
 0.16000E+02, 0.26000E+02, 0.29207E+03, 0.98880E-01, 0.23104E-01
 0.17000E+02, 0.26000E+02, 0.28859E+03, 0.10166E+00, 0.22334E-01
 0.18000E+02, 0.26000E+02, 0.28969E+03, 0.10175E+00, 0.22357E-01
 0.19000E+02, 0.26000E+02, 0.20586E+03, 0.11411E+00, 0.16967E-01
 0.20000E+02, 0.26000E+02, 0.21221E+03, 0.11635E+00, 0.16861E-01
 0.21000E+02, 0.26000E+02, 0.22278E+03, 0.11831E+00, 0.16942E-01
 0.22000E+02, 0.26000E+02, 0.22522E+03, 0.11898E+00, 0.16930E-01
 0.23000E+02, 0.26000E+02, 0.23135E+03, 0.11998E+00, 0.16995E-01
 0.24000E+02, 0.26000E+02, 0.24689E+03, 0.12220E+00, 0.17201E-01
 0.25000E+02, 0.26000E+02, 0.24867E+03, 0.12292E+00, 0.17158E-01
 0.26000E+02, 0.26000E+02, 0.25469E+03, 0.12368E+00, 0.17250E-01
 0.27000E+02, 0.26000E+02, 0.25672E+03, 0.12475E+00, 0.17168E-01
 0.28000E+02, 0.26000E+02, 0.24235E+03, 0.12158E+00, 0.17138E-01
 0.29000E+02, 0.26000E+02, 0.26551E+03, 0.12278E+00, 0.17732E-01
 0.30000E+02, 0.26000E+02, 0.22068E+03, 0.16909E+00, 0.11804E-01
 0.31000E+02, 0.26000E+02, 0.22684E+03, 0.17294E+00, 0.11686E-01
 0.32000E+02, 0.26000E+02, 0.23516E+03, 0.17180E+00, 0.11958E-01
 0.33000E+02, 0.26000E+02, 0.24546E+03, 0.17247E+00, 0.12154E-01
 0.34000E+02, 0.26000E+02, 0.25615E+03, 0.17693E+00, 0.12092E-01
 0.35000E+02, 0.26000E+02, 0.28315E+03, 0.17292E+00, 0.13003E-01
 0.36000E+02, 0.26000E+02, 0.30120E+03, 0.16758E+00, 0.13853E-01
 0.37000E+02, 0.26000E+02, 0.30842E+03, 0.16595E+00, 0.14165E-01
 0.38000E+02, 0.26000E+02, 0.31182E+03, 0.17105E+00, 0.13822E-01
 0.39000E+02, 0.26000E+02, 0.31327E+03, 0.17546E+00, 0.13508E-01
 0.40000E+02, 0.26000E+02, 0.29876E+03, 0.16526E+00, 0.13987E-01
 0.41000E+02, 0.26000E+02, 0.29643E+03, 0.16105E+00, 0.14295E-01
 0.42000E+02, 0.26000E+02, 0.30516E+03, 0.16813E+00, 0.13902E-01
 0.43000E+02, 0.26000E+02, 0.31894E+03, 0.17123E+00, 0.13976E-01
 0.44000E+02, 0.26000E+02, 0.34613E+03, 0.17080E+00, 0.14655E-01
 0.45000E+02, 0.26000E+02, 0.35364E+03, 0.19766E+00, 0.12817E-01
 0.46000E+02, 0.26000E+02, 0.33020E+03, 0.21773E+00, 0.11200E-01
 0.47000E+02, 0.26000E+02, 0.30877E+03, 0.21082E+00, 0.11157E-01
 0.48000E+02, 0.26000E+02, 0.17321E+03, 0.24182E+00, 0.74606E-02
 0.49000E+02, 0.26000E+02, 0.17506E+03, 0.24361E+00, 0.74363E-02
 0.50000E+02, 0.26000E+02, 0.18014E+03, 0.24927E+00, 0.73501E-02
 0.51000E+02, 0.26000E+02, 0.18509E+03, 0.25592E+00, 0.72371E-02
 0.52000E+02, 0.26000E+02, 0.17923E+03, 0.22862E+00, 0.79976E-02
 0.53000E+02, 0.26000E+02, 0.18664E+03, 0.24196E+00, 0.76807E-02
 0.54000E+02, 0.26000E+02, 0.18905E+03, 0.26603E+00, 0.70221E-02
 0.55000E+02, 0.26000E+02, 0.19143E+03, 0.30794E+00, 0.60978E-02
 0.56000E+02, 0.26000E+02, 0.19394E+03, 0.33073E+00, 0.57082E-02
 0.57000E+02, 0.26000E+02, 0.19405E+03, 0.30268E+00, 0.62388E-02
 0.58000E+02, 0.26000E+02, 0.19291E+03, 0.29681E+00, 0.63468E-02
 0.59000E+02, 0.26000E+02, 0.22000E+02, 0.30000E+02, 0.00000E+00
 0.60000E+02, 0.26000E+02, 0.25091E+03, 0.31748E+00, 0.66717E-02
 0.61000E+02, 0.26000E+02, 0.24592E+03, 0.31072E+00, 0.67521E-02
 0.62000E+02, 0.26000E+02, 0.24161E+03, 0.34642E+00, 0.60060E-02
 0.63000E+02, 0.26000E+02, 0.23370E+03, 0.40954E+00, 0.50022E-02
 0.64000E+02, 0.26000E+02, 0.22255E+03, 0.42907E+00, 0.46696E-02
 0.65000E+02, 0.26000E+02, 0.22987E+03, 0.39609E+00, 0.51330E-02
 0.00000E+00, 0.27000E+02, 0.26802E+03, 0.10529E+00, 0.20775E-01
 0.10000E+01, 0.27000E+02, 0.25608E+03, 0.10184E+00, 0.21005E-01
 0.20000E+01, 0.27000E+02, 0.25293E+03, 0.10129E+00, 0.20993E-01
 0.30000E+01, 0.27000E+02, 0.28067E+03, 0.10874E+00, 0.20586E-01
 0.40000E+01, 0.27000E+02, 0.27242E+03, 0.10839E+00, 0.20345E-01
 0.50000E+01, 0.27000E+02, 0.27125E+03, 0.10952E+00, 0.20091E-01
 0.60000E+01, 0.27000E+02, 0.26905E+03, 0.10704E+00, 0.20473E-01
 0.70000E+01, 0.27000E+02, 0.22000E+02, 0.30000E+02, 0.00000E+00
 0.80000E+01, 0.27000E+02, 0.29408E+03, 0.10549E+00, 0.21733E-01
 0.90000E+01, 0.27000E+02, 0.27321E+03, 0.11944E+00, 0.18489E-01
 0.10000E+02, 0.27000E+02, 0.27332E+03, 0.12027E+00, 0.18365E-01
 0.11000E+02, 0.27000E+02, 0.27597E+03, 0.12344E+00, 0.17980E-01
 0.12000E+02, 0.27000E+02, 0.27441E+03, 0.12475E+00, 0.17741E-01
 0.13000E+02, 0.27000E+02, 0.29011E+03, 0.10848E+00, 0.20987E-01
 0.14000E+02, 0.27000E+02, 0.29458E+03, 0.10555E+00, 0.21740E-01
 0.15000E+02, 0.27000E+02, 0.29306E+03, 0.97112E-01, 0.23566E-01
 0.16000E+02, 0.27000E+02, 0.28570E+03, 0.10166E+00, 0.22219E-01
 0.17000E+02, 0.27000E+02, 0.30109E+03, 0.10043E+00, 0.23111E-01
 0.18000E+02, 0.27000E+02, 0.29230E+03, 0.10163E+00, 0.22487E-01
 0.19000E+02, 0.27000E+02, 0.16666E+03, 0.21251E+00, 0.83651E-02
 0.20000E+02, 0.27000E+02, 0.16737E+03, 0.22472E+00, 0.79232E-02
 0.21000E+02, 0.27000E+02, 0.16581E+03, 0.21222E+00, 0.83601E-02
 0.22000E+02, 0.27000E+02, 0.16652E+03, 0.23331E+00, 0.76167E-02
 0.23000E+02, 0.27000E+02, 0.16593E+03, 0.26666E+00, 0.66551E-02
 0.24000E+02, 0.27000E+02, 0.16431E+03, 0.29053E+00, 0.60860E-02
 0.25000E+02, 0.27000E+02, 0.16358E+03, 0.28241E+00, 0.62505E-02
 0.26000E+02, 0.27000E+02, 0.16876E+03, 0.22090E+00, 0.80857E-02
 0.27000E+02, 0.27000E+02, 0.16821E+03, 0.20404E+00, 0.87430E-02
 0.28000E+02, 0.27000E+02, 0.16234E+03, 0.20599E+00, 0.85449E-02
 0.29000E+02, 0.27000E+02, 0.15246E+03, 0.18819E+00, 0.91409E-02
 0.30000E+02, 0.27000E+02, 0.20141E+03, 0.19998E+00, 0.95913E-02
 0.31000E+02, 0.27000E+02, 0.20688E+03, 0.21154E+00, 0.91719E-02
 0.32000E+02, 0.27000E+02, 0.21365E+03, 0.22968E+00, 0.85665E-02
 0.33000E+02, 0.27000E+02, 0.21251E+03, 0.23204E+00, 0.84597E-02
 0.34000E+02, 0.27000E+02, 0.21646E+03, 0.23088E+00, 0.85714E-02
 0.35000E+02, 0.27000E+02, 0.21862E+03, 0.22994E+00, 0.86444E-02
 0.36000E+02, 0.27000E+02, 0.21717E+03, 0.22858E+00, 0.86701E-02
 0.37000E+02, 0.27000E+02, 0.22093E+03, 0.24783E+00, 0.80579E-02
 0.38000E+02, 0.27000E+02, 0.23090E+03, 0.26302E+00, 0.77459E-02
 0.39000E+02, 0.27000E+02, 0.22156E+03, 0.26297E+00, 0.76039E-02
 0.40000E+02, 0.27000E+02, 0.21703E+03, 0.23538E+00, 0.84172E-02
 0.41000E+02, 0.27000E+02, 0.21743E+03, 0.21918E+00, 0.90468E-02
 0.42000E+02, 0.27000E+02, 0.21747E+03, 0.21182E+00, 0.93618E-02
 0.43000E+02, 0.27000E+02, 0.21903E+03, 0.21212E+00, 0.93780E-02
 0.44000E+02, 0.27000E+02, 0.21318E+03, 0.21019E+00, 0.93519E-02
 0.45000E+02, 0.27000E+02, 0.20270E+03, 0.20297E+00, 0.94757E-02
 0.46000E+02, 0.27000E+02, 0.19626E+03, 0.19409E+00, 0.97750E-02
 0.47000E+02, 0.27000E+02, 0.19166E+03, 0.18615E+00, 0.10092E-01
 0.48000E+02, 0.27000E+02, 0.13020E+03, 0.41070E+01, 0.39694E-03
 0.49000E+02, 0.27000E+02, 0.13234E+03, 0.41626E+01, 0.39372E-03
 0.50000E+02, 0.27000E+02, 0.13266E+03, 0.24239E+01, 0.67668E-03
 0.51000E+02, 0.27000E+02, 0.13356E+03, 0.21118E+01, 0.77841E-03
 0.52000E+02, 0.27000E+02, 0.13251E+03, 0.22663E+01, 0.72347E-03
 0.53000E+02, 0.27000E+02, 0.13326E+03, 0.27305E+01, 0.60159E-03
 0.54000E+02, 0.27000E+02, 0.12735E+03, 0.24636E+01, 0.65706E-03
 0.55000E+02, 0.27000E+02, 0.13534E+03, 0.16877E+01, 0.97826E-03
 0.56000E+02, 0.27000E+02, 0.13501E+03, 0.19539E+01, 0.84430E-03
 0.57000E+02, 0.27000E+02, 0.13479E+03, 0.16022E+01, 0.10291E-02
 0.58000E+02, 0.27000E+02, 0.12888E+03, 0.18733E+01, 0.86742E-03
 0.59000E+02, 0.27000E+02, 0.22000E+02, 0.30000E+02, 0.00000E+00
 0.60000E+02, 0.27000E+02, 0.25223E+03, 0.31855E+00, 0.66660E-02
 0.61000E+02, 0.27000E+02, 0.24116E+03, 0.30659E+00, 0.67802E-02
 0.62000E+02, 0.27000E+02, 0.22475E+03, 0.36122E+00, 0.55711E-02
 0.63000E+02, 0.27000E+02, 0.22907E+03, 0.39287E+00, 0.51668E-02
 0.64000E+02, 0.27000E+02, 0.22371E+03, 0.40765E+00, 0.49264E-02
 0.65000E+02, 0.27000E+02, 0.20639E+03, 0.46745E+00, 0.41464E-02
 0.00000E+00, 0.28000E+02, 0.26515E+03, 0.10547E+00, 0.20629E-01
 0.10000E+01, 0.28000E+02, 0.25759E+03, 0.10248E+00, 0.20933E-01
 0.20000E+01, 0.28000E+02, 0.25346E+03, 0.10207E+00, 0.20852E-01
 0.30000E+01, 0.28000E+02, 0.28293E+03, 0.11014E+00, 0.20406E-01
 0.40000E+01, 0.28000E+02, 0.27319E+03, 0.11177E+00, 0.19757E-01
 0.50000E+01, 0.28000E+02, 0.26739E+03, 0.11429E+00, 0.19116E-01
 0.60000E+01, 0.28000E+02, 0.26142E+03, 0.11477E+00, 0.18826E-01
 0.70000E+01, 0.28000E+02, 0.27026E+03, 0.11980E+00, 0.18334E-01
 0.80000E+01, 0.28000E+02, 0.22000E+02, 0.30000E+02, 0.00000E+00
 0.90000E+01, 0.28000E+02, 0.28681E+03, 0.10484E+00, 0.21589E-01
 0.10000E+02, 0.28000E+02, 0.27332E+03, 0.11090E+00, 0.19916E-01
 0.11000E+02, 0.28000E+02, 0.28588E+03, 0.10966E+00, 0.20604E-01
 0.12000E+02, 0.28000E+02, 0.29043E+03, 0.10373E+00, 0.21959E-01
 0.13000E+02, 0.28000E+02, 0.27672E+03, 0.11330E+00, 0.19616E-01
 0.14000E+02, 0.28000E+02, 0.28123E+03, 0.10672E+00, 0.20997E-01
 0.15000E+02, 0.28000E+02, 0.26083E+03, 0.12742E+00, 0.16938E-01
 0.16000E+02, 0.28000E+02, 0.25733E+03, 0.13213E+00, 0.16227E-01
 0.17000E+02, 0.28000E+02, 0.28935E+03, 0.10682E+00, 0.21284E-01
 0.18000E+02, 0.28000E+02, 0.29299E+03, 0.10068E+00, 0.22727E-01
 0.19000E+02, 0.28000E+02, 0.17598E+03, 0.31099E+00, 0.58371E-02
 0.20000E+02, 0.28000E+02, 0.17422E+03, 0.23739E+00, 0.76171E-02
 0.21000E+02, 0.28000E+02, 0.17366E+03, 0.27154E+00, 0.66506E-02
 0.22000E+02, 0.28000E+02, 0.17371E+03, 0.23552E+00, 0.76687E-02
 0.23000E+02, 0.28000E+02, 0.17387E+03, 0.17055E+00, 0.10594E-01
 0.24000E+02, 0.28000E+02, 0.17306E+03, 0.21619E+00, 0.83424E-02
 0.25000E+02, 0.28000E+02, 0.17686E+03, 0.15569E+00, 0.11682E-01
 0.26000E+02, 0.28000E+02, 0.17666E+03, 0.15353E+00, 0.11841E-01
 0.27000E+02, 0.28000E+02, 0.17501E+03, 0.15897E+00, 0.11394E-01
 0.28000E+02, 0.28000E+02, 0.16566E+03, 0.18082E+00, 0.98085E-02
 0.29000E+02, 0.28000E+02, 0.15089E+03, 0.17455E+00, 0.98189E-02
 0.30000E+02, 0.28000E+02, 0.20849E+03, 0.21478E+00, 0.90635E-02
 0.31000E+02, 0.28000E+02, 0.21911E+03, 0.20604E+00, 0.96565E-02
 0.32000E+02, 0.28000E+02, 0.22766E+03, 0.22024E+00, 0.91907E-02
 0.33000E+02, 0.28000E+02, 0.23015E+03, 0.22894E+00, 0.88857E-02
 0.34000E+02, 0.28000E+02, 0.23249E+03, 0.23423E+00, 0.87252E-02
 0.35000E+02, 0.28000E+02, 0.23391E+03, 0.27225E+00, 0.75280E-02
 0.36000E+02, 0.28000E+02, 0.23595E+03, 0.26412E+00, 0.77907E-02
 0.37000E+02, 0.28000E+02, 0.23662E+03, 0.25804E+00, 0.79850E-02
 0.38000E+02, 0.28000E+02, 0.23369E+03, 0.25375E+00, 0.80733E-02
 0.39000E+02, 0.28000E+02, 0.22869E+03, 0.24786E+00, 0.81836E-02
 0.40000E+02, 0.28000E+02, 0.22163E+03, 0.24568E+00, 0.81399E-02
 0.41000E+02, 0.28000E+02, 0.21624E+03, 0.20491E+00, 0.96533E-02
 0.42000E+02, 0.28000E+02, 0.21456E+03, 0.19655E+00, 0.10030E-01
 0.43000E+02, 0.28000E+02, 0.21513E+03, 0.19290E+00, 0.10231E-01
 0.44000E+02, 0.28000E+02, 0.21441E+03, 0.19578E+00, 0.10066E-01
 0.45000E+02, 0.28000E+02, 0.21159E+03, 0.19466E+00, 0.10065E-01
 0.46000E+02, 0.28000E+02, 0.20426E+03, 0.19069E+00, 0.10119E-01
 0.47000E+02, 0.28000E+02, 0.19202E+03, 0.19478E+00, 0.96524E-02
 0.48000E+02, 0.28000E+02, 0.13095E+03, 0.39365E+01, 0.41491E-03
 0.49000E+02, 0.28000E+02, 0.13528E+03, 0.35506E+01, 0.46493E-03
 0.50000E+02, 0.28000E+02, 0.13677E+03, 0.23858E+01, 0.69445E-03
 0.51000E+02, 0.28000E+02, 0.13782E+03, 0.22070E+01, 0.75264E-03
 0.52000E+02, 0.28000E+02, 0.13592E+03, 0.26622E+01, 0.62106E-03
 0.53000E+02, 0.28000E+02, 0.13212E+03, 0.27679E+01, 0.59180E-03
 0.54000E+02, 0.28000E+02, 0.13031E+03, 0.24162E+01, 0.67491E-03
 0.55000E+02, 0.28000E+02, 0.13220E+03, 0.23761E+01, 0.68953E-03
 0.56000E+02, 0.28000E+02, 0.13352E+03, 0.23640E+01, 0.69530E-03
 0.57000E+02, 0.28000E+02, 0.13438E+03, 0.23559E+01, 0.69917E-03
 0.58000E+02, 0.28000E+02, 0.13449E+03, 0.20864E+01, 0.78968E-03
 0.59000E+02, 0.28000E+02, 0.22000E+02, 0.30000E+02, 0.00000E+00
 0.60000E+02, 0.28000E+02, 0.24184E+03, 0.31363E+00, 0.66367E-02
 0.61000E+02, 0.28000E+02, 0.22153E+03, 0.37021E+00, 0.54007E-02
 0.62000E+02, 0.28000E+02, 0.22363E+03, 0.41054E+00, 0.48909E-02
 0.63000E+02, 0.28000E+02, 0.22731E+03, 0.38600E+00, 0.52402E-02
 0.64000E+02, 0.28000E+02, 0.21886E+03, 0.42052E+00, 0.47290E-02
 0.65000E+02, 0.28000E+02, 0.21247E+03, 0.44043E+00, 0.44565E-02
 0.00000E+00, 0.29000E+02, 0.22000E+02, 0.30000E+02, 0.00000E+00
 0.10000E+01, 0.29000E+02, 0.22000E+02, 0.30000E+02, 0.00000E+00
 0.20000E+01, 0.29000E+02, 0.22000E+02, 0.30000E+02, 0.00000E+00
 0.30000E+01, 0.29000E+02, 0.22000E+02, 0.30000E+02, 0.00000E+00
 0.40000E+01, 0.29000E+02, 0.22000E+02, 0.30000E+02, 0.00000E+00
 0.50000E+01, 0.29000E+02, 0.22000E+02, 0.30000E+02, 0.00000E+00
 0.60000E+01, 0.29000E+02, 0.22000E+02, 0.30000E+02, 0.00000E+00
 0.70000E+01, 0.29000E+02, 0.22000E+02, 0.30000E+02, 0.00000E+00
 0.80000E+01, 0.29000E+02, 0.22000E+02, 0.30000E+02, 0.00000E+00
 0.90000E+01, 0.29000E+02, 0.28047E+03, 0.10272E+00, 0.21783E-01
 0.10000E+02, 0.29000E+02, 0.27474E+03, 0.10586E+00, 0.20918E-01
 0.11000E+02, 0.29000E+02, 0.28499E+03, 0.10086E+00, 0.22368E-01
 0.12000E+02, 0.29000E+02, 0.27710E+03, 0.98420E-01, 0.22597E-01
 0.13000E+02, 0.29000E+02, 0.26781E+03, 0.11681E+00, 0.18719E-01
 0.14000E+02, 0.29000E+02, 0.27391E+03, 0.10709E+00, 0.20648E-01
 0.15000E+02, 0.29000E+02, 0.26114E+03, 0.12124E+00, 0.17811E-01
 0.16000E+02, 0.29000E+02, 0.27324E+03, 0.10761E+00, 0.20522E-01
 0.17000E+02, 0.29000E+02, 0.27526E+03, 0.10190E+00, 0.21753E-01
 0.18000E+02, 0.29000E+02, 0.28205E+03, 0.97909E-01, 0.22919E-01
 0.19000E+02, 0.29000E+02, 0.17997E+03, 0.18898E+00, 0.96913E-02
 0.20000E+02, 0.29000E+02, 0.17243E+03, 0.14505E+00, 0.12416E-01
 0.21000E+02, 0.29000E+02, 0.17312E+03, 0.15004E+00, 0.12022E-01
 0.22000E+02, 0.29000E+02, 0.17544E+03, 0.13505E+00, 0.13426E-01
 0.23000E+02, 0.29000E+02, 0.17714E+03, 0.14039E+00, 0.12964E-01
 0.24000E+02, 0.29000E+02, 0.17702E+03, 0.14487E+00, 0.12560E-01
 0.25000E+02, 0.29000E+02, 0.17847E+03, 0.14210E+00, 0.12846E-01
 0.26000E+02, 0.29000E+02, 0.17697E+03, 0.14873E+00, 0.12233E-01
 0.27000E+02, 0.29000E+02, 0.17552E+03, 0.15840E+00, 0.11448E-01
 0.28000E+02, 0.29000E+02, 0.17051E+03, 0.17452E+00, 0.10275E-01
 0.29000E+02, 0.29000E+02, 0.15436E+03, 0.16979E+00, 0.10177E-01
 0.30000E+02, 0.29000E+02, 0.21670E+03, 0.21622E+00, 0.91569E-02
 0.31000E+02, 0.29000E+02, 0.22288E+03, 0.19727E+00, 0.10163E-01
 0.32000E+02, 0.29000E+02, 0.22756E+03, 0.19643E+00, 0.10303E-01
 0.33000E+02, 0.29000E+02, 0.23113E+03, 0.22863E+00, 0.89148E-02
 0.34000E+02, 0.29000E+02, 0.23090E+03, 0.23625E+00, 0.86235E-02
 0.35000E+02, 0.29000E+02, 0.22850E+03, 0.25669E+00, 0.78989E-02
 0.36000E+02, 0.29000E+02, 0.22856E+03, 0.28389E+00, 0.71430E-02
 0.37000E+02, 0.29000E+02, 0.23246E+03, 0.27455E+00, 0.74433E-02
 0.38000E+02, 0.29000E+02, 0.23175E+03, 0.26341E+00, 0.77474E-02
 0.39000E+02, 0.29000E+02, 0.23052E+03, 0.25607E+00, 0.79498E-02
 0.40000E+02, 0.29000E+02, 0.22926E+03, 0.25443E+00, 0.79813E-02
 0.41000E+02, 0.29000E+02, 0.21682E+03, 0.21497E+00, 0.92123E-02
 0.42000E+02, 0.29000E+02, 0.21356E+03, 0.19358E+00, 0.10162E-01
 0.43000E+02, 0.29000E+02, 0.21401E+03, 0.18905E+00, 0.10416E-01
 0.44000E+02, 0.29000E+02, 0.21068E+03, 0.18271E+00, 0.10703E-01
 0.45000E+02, 0.29000E+02, 0.21245E+03, 0.18175E+00, 0.10799E-01
 0.46000E+02, 0.29000E+02, 0.20875E+03, 0.19039E+00, 0.10230E-01
 0.47000E+02, 0.29000E+02, 0.19576E+03, 0.20567E+00, 0.92150E-02
 0.48000E+02, 0.29000E+02, 0.13583E+03, 0.34473E+01, 0.47951E-03
 0.49000E+02, 0.29000E+02, 0.13733E+03, 0.32180E+01, 0.51557E-03
 0.50000E+02, 0.29000E+02, 0.13652E+03, 0.27472E+01, 0.60272E-03
 0.51000E+02, 0.29000E+02, 0.13533E+03, 0.26182E+01, 0.63059E-03
 0.52000E+02, 0.29000E+02, 0.13399E+03, 0.28491E+01, 0.57759E-03
 0.53000E+02, 0.29000E+02, 0.13242E+03, 0.28745E+01, 0.57028E-03
 0.54000E+02, 0.29000E+02, 0.13050E+03, 0.27291E+01, 0.59780E-03
 0.55000E+02, 0.29000E+02, 0.13160E+03, 0.28840E+01, 0.56725E-03
 0.56000E+02, 0.29000E+02, 0.13254E+03, 0.26185E+01, 0.62620E-03
 0.57000E+02, 0.29000E+02, 0.13153E+03, 0.28542E+01, 0.57307E-03
 0.58000E+02, 0.29000E+02, 0.13186E+03, 0.24330E+01, 0.67283E-03
 0.59000E+02, 0.29000E+02, 0.22000E+02, 0.30000E+02, 0.00000E+00
 0.60000E+02, 0.29000E+02, 0.21961E+03, 0.34561E+00, 0.57627E-02
 0.61000E+02, 0.29000E+02, 0.22047E+03, 0.44858E+00, 0.44477E-02
 0.62000E+02, 0.29000E+02, 0.22909E+03, 0.39710E+00, 0.51119E-02
 0.63000E+02, 0.29000E+02, 0.22349E+03, 0.40609E+00, 0.49430E-02
 0.64000E+02, 0.29000E+02, 0.19482E+03, 0.51821E+00, 0.36500E-02
 0.65000E+02, 0.29000E+02, 0.21673E+03, 0.41056E+00, 0.48228E-02
 0.00000E+00, 0.30000E+02, 0.89490E+03, 0.17674E+00, 0.26712E-01
 0.10000E+01, 0.30000E+02, 0.54922E+03, 0.13119E+00, 0.25336E-01
 0.20000E+01, 0.30000E+02, 0.48248E+03, 0.11513E+00, 0.26528E-01
 0.30000E+01, 0.30000E+02, 0.47687E+03, 0.10911E+00, 0.27782E-01
 0.40000E+01, 0.30000E+02, 0.51120E+03, 0.10741E+00, 0.29515E-01
 0.50000E+01, 0.30000E+02, 0.51384E+03, 0.10355E+00, 0.30719E-01
 0.60000E+01, 0.30000E+02, 0.17965E+03, 0.45249E+00, 0.40445E-02
 0.70000E+01, 0.30000E+02, 0.17883E+03, 0.46188E+00, 0.39552E-02
 0.80000E+01, 0.30000E+02, 0.24529E+03, 0.97969E-01, 0.21389E-01
 0.90000E+01, 0.30000E+02, 0.26520E+03, 0.10039E+00, 0.21675E-01
 0.10000E+02, 0.30000E+02, 0.27412E+03, 0.97934E-01, 0.22586E-01
 0.11000E+02, 0.30000E+02, 0.24696E+03, 0.10168E+00, 0.20675E-01
 0.12000E+02, 0.30000E+02, 0.25712E+03, 0.10409E+00, 0.20591E-01
 0.13000E+02, 0.30000E+02, 0.26422E+03, 0.11543E+00, 0.18816E-01
 0.14000E+02, 0.30000E+02, 0.25133E+03, 0.13379E+00, 0.15845E-01
 0.15000E+02, 0.30000E+02, 0.25905E+03, 0.11948E+00, 0.18004E-01
 0.16000E+02, 0.30000E+02, 0.27309E+03, 0.10315E+00, 0.21405E-01
 0.17000E+02, 0.30000E+02, 0.26984E+03, 0.10501E+00, 0.20901E-01
 0.18000E+02, 0.30000E+02, 0.26248E+03, 0.92724E-01, 0.23348E-01
 0.19000E+02, 0.30000E+02, 0.19401E+03, 0.15500E+00, 0.12182E-01
 0.20000E+02, 0.30000E+02, 0.17620E+03, 0.13864E+00, 0.13100E-01
 0.21000E+02, 0.30000E+02, 0.17626E+03, 0.14262E+00, 0.12736E-01
 0.22000E+02, 0.30000E+02, 0.17666E+03, 0.13847E+00, 0.13130E-01
 0.23000E+02, 0.30000E+02, 0.17627E+03, 0.13553E+00, 0.13402E-01
 0.24000E+02, 0.30000E+02, 0.17618E+03, 0.13647E+00, 0.13308E-01
 0.25000E+02, 0.30000E+02, 0.17655E+03, 0.13715E+00, 0.13253E-01
 0.26000E+02, 0.30000E+02, 0.17608E+03, 0.14306E+00, 0.12692E-01
 0.27000E+02, 0.30000E+02, 0.17417E+03, 0.15329E+00, 0.11794E-01
 0.28000E+02, 0.30000E+02, 0.17385E+03, 0.15140E+00, 0.11934E-01
 0.29000E+02, 0.30000E+02, 0.15262E+03, 0.16034E+00, 0.10733E-01
 0.30000E+02, 0.30000E+02, 0.22210E+03, 0.21396E+00, 0.93554E-02
 0.31000E+02, 0.30000E+02, 0.22435E+03, 0.20590E+00, 0.97659E-02
 0.32000E+02, 0.30000E+02, 0.22435E+03, 0.19607E+00, 0.10256E-01
 0.33000E+02, 0.30000E+02, 0.22961E+03, 0.21017E+00, 0.96686E-02
 0.34000E+02, 0.30000E+02, 0.22803E+03, 0.23402E+00, 0.86560E-02
 0.35000E+02, 0.30000E+02, 0.22576E+03, 0.24154E+00, 0.83487E-02
 0.36000E+02, 0.30000E+02, 0.22592E+03, 0.26254E+00, 0.76832E-02
 0.37000E+02, 0.30000E+02, 0.22807E+03, 0.28278E+00, 0.71640E-02
 0.38000E+02, 0.30000E+02, 0.22629E+03, 0.29492E+00, 0.68448E-02
 0.39000E+02, 0.30000E+02, 0.22334E+03, 0.24769E+00, 0.81016E-02
 0.40000E+02, 0.30000E+02, 0.22472E+03, 0.23463E+00, 0.85764E-02
 0.41000E+02, 0.30000E+02, 0.22137E+03, 0.24514E+00, 0.81537E-02
 0.42000E+02, 0.30000E+02, 0.21535E+03, 0.18755E+00, 0.10527E-01
 0.43000E+02, 0.30000E+02, 0.21372E+03, 0.18577E+00, 0.10593E-01
 0.44000E+02, 0.30000E+02, 0.20890E+03, 0.18708E+00, 0.10415E-01
 0.45000E+02, 0.30000E+02, 0.20870E+03, 0.18447E+00, 0.10558E-01
 0.46000E+02, 0.30000E+02, 0.20871E+03, 0.18629E+00, 0.10454E-01
 0.47000E+02, 0.30000E+02, 0.19991E+03, 0.20127E+00, 0.94999E-02
 0.48000E+02, 0.30000E+02, 0.13541E+03, 0.42293E+01, 0.39045E-03
 0.49000E+02, 0.30000E+02, 0.13466E+03, 0.35159E+01, 0.46881E-03
 0.50000E+02, 0.30000E+02, 0.13493E+03, 0.29494E+01, 0.55923E-03
 0.51000E+02, 0.30000E+02, 0.13515E+03, 0.28195E+01, 0.58531E-03
 0.52000E+02, 0.30000E+02, 0.13390E+03, 0.27501E+01, 0.59824E-03
 0.53000E+02, 0.30000E+02, 0.13205E+03, 0.29656E+01, 0.55226E-03
 0.54000E+02, 0.30000E+02, 0.12938E+03, 0.34900E+01, 0.46618E-03
 0.55000E+02, 0.30000E+02, 0.12862E+03, 0.34995E+01, 0.46404E-03
 0.56000E+02, 0.30000E+02, 0.13010E+03, 0.31743E+01, 0.51345E-03
 0.57000E+02, 0.30000E+02, 0.13059E+03, 0.29017E+01, 0.56237E-03
 0.58000E+02, 0.30000E+02, 0.12766E+03, 0.27913E+01, 0.58039E-03
 0.59000E+02, 0.30000E+02, 0.22000E+02, 0.30000E+02, 0.00000E+00
 0.60000E+02, 0.30000E+02, 0.19910E+03, 0.42823E+00, 0.44573E-02
 0.61000E+02, 0.30000E+02, 0.22265E+03, 0.44064E+00, 0.45478E-02
 0.62000E+02, 0.30000E+02, 0.22641E+03, 0.41413E+00, 0.48756E-02
 0.63000E+02, 0.30000E+02, 0.21026E+03, 0.45925E+00, 0.42545E-02
 0.64000E+02, 0.30000E+02, 0.18884E+03, 0.54265E+00, 0.34411E-02
 0.65000E+02, 0.30000E+02, 0.18823E+03, 0.49758E+00, 0.37478E-02
 0.00000E+00, 0.31000E+02, 0.79916E+03, 0.18950E+00, 0.22871E-01
 0.10000E+01, 0.31000E+02, 0.49275E+03, 0.14040E+00, 0.22049E-01
 0.20000E+01, 0.31000E+02, 0.49150E+03, 0.12068E+00, 0.25611E-01
 0.30000E+01, 0.31000E+02, 0.49315E+03, 0.11168E+00, 0.27734E-01
 0.40000E+01, 0.31000E+02, 0.54173E+03, 0.11263E+00, 0.29242E-01
 0.50000E+01, 0.31000E+02, 0.55430E+03, 0.11367E+00, 0.29422E-01
 0.60000E+01, 0.31000E+02, 0.18023E+03, 0.43879E+00, 0.41762E-02
 0.70000E+01, 0.31000E+02, 0.18005E+03, 0.45251E+00, 0.40480E-02
 0.80000E+01, 0.31000E+02, 0.24093E+03, 0.96391E-01, 0.21556E-01
 0.90000E+01, 0.31000E+02, 0.25446E+03, 0.10094E+00, 0.21127E-01
 0.10000E+02, 0.31000E+02, 0.24632E+03, 0.10561E+00, 0.19881E-01
 0.11000E+02, 0.31000E+02, 0.21349E+03, 0.11076E+00, 0.17759E-01
 0.12000E+02, 0.31000E+02, 0.20448E+03, 0.10491E+00, 0.18401E-01
 0.13000E+02, 0.31000E+02, 0.25888E+03, 0.11629E+00, 0.18491E-01
 0.14000E+02, 0.31000E+02, 0.25493E+03, 0.12135E+00, 0.17589E-01
 0.15000E+02, 0.31000E+02, 0.27011E+03, 0.10243E+00, 0.21436E-01
 0.16000E+02, 0.31000E+02, 0.26022E+03, 0.11213E+00, 0.19226E-01
 0.17000E+02, 0.31000E+02, 0.26653E+03, 0.10037E+00, 0.21732E-01
 0.18000E+02, 0.31000E+02, 0.25382E+03, 0.91948E-01, 0.23164E-01
 0.19000E+02, 0.31000E+02, 0.18295E+03, 0.14043E+00, 0.13128E-01
 0.20000E+02, 0.31000E+02, 0.18054E+03, 0.13720E+00, 0.13366E-01
 0.21000E+02, 0.31000E+02, 0.17780E+03, 0.14280E+00, 0.12764E-01
 0.22000E+02, 0.31000E+02, 0.17651E+03, 0.14217E+00, 0.12783E-01
 0.23000E+02, 0.31000E+02, 0.17425E+03, 0.14394E+00, 0.12563E-01
 0.24000E+02, 0.31000E+02, 0.17655E+03, 0.13910E+00, 0.13067E-01
 0.25000E+02, 0.31000E+02, 0.17558E+03, 0.13549E+00, 0.13386E-01
 0.26000E+02, 0.31000E+02, 0.17577E+03, 0.13618E+00, 0.13324E-01
 0.27000E+02, 0.31000E+02, 0.17453E+03, 0.14378E+00, 0.12584E-01
 0.28000E+02, 0.31000E+02, 0.17285E+03, 0.14732E+00, 0.12236E-01
 0.29000E+02, 0.31000E+02, 0.15979E+03, 0.15324E+00, 0.11419E-01
 0.30000E+02, 0.31000E+02, 0.22470E+03, 0.21591E+00, 0.93197E-02
 0.31000E+02, 0.31000E+02, 0.22203E+03, 0.21374E+00, 0.93639E-02
 0.32000E+02, 0.31000E+02, 0.22236E+03, 0.20071E+00, 0.99781E-02
 0.33000E+02, 0.31000E+02, 0.22499E+03, 0.19930E+00, 0.10103E-01
 0.34000E+02, 0.31000E+02, 0.22581E+03, 0.23008E+00, 0.87653E-02
 0.35000E+02, 0.31000E+02, 0.22603E+03, 0.23191E+00, 0.87000E-02
 0.36000E+02, 0.31000E+02, 0.22725E+03, 0.24136E+00, 0.83798E-02
 0.37000E+02, 0.31000E+02, 0.22838E+03, 0.26524E+00, 0.76424E-02
 0.38000E+02, 0.31000E+02, 0.22823E+03, 0.30530E+00, 0.66376E-02
 0.39000E+02, 0.31000E+02, 0.22449E+03, 0.28106E+00, 0.71563E-02
 0.40000E+02, 0.31000E+02, 0.21755E+03, 0.21660E+00, 0.91567E-02
 0.41000E+02, 0.31000E+02, 0.21607E+03, 0.20807E+00, 0.95030E-02
 0.42000E+02, 0.31000E+02, 0.21356E+03, 0.19343E+00, 0.10170E-01
 0.43000E+02, 0.31000E+02, 0.21325E+03, 0.19079E+00, 0.10304E-01
 0.44000E+02, 0.31000E+02, 0.20935E+03, 0.19311E+00, 0.10099E-01
 0.45000E+02, 0.31000E+02, 0.21061E+03, 0.18456E+00, 0.10594E-01
 0.46000E+02, 0.31000E+02, 0.21019E+03, 0.18292E+00, 0.10680E-01
 0.47000E+02, 0.31000E+02, 0.20146E+03, 0.21973E+00, 0.87301E-02
 0.48000E+02, 0.31000E+02, 0.13494E+03, 0.43773E+01, 0.37681E-03
 0.49000E+02, 0.31000E+02, 0.13423E+03, 0.35102E+01, 0.46907E-03
 0.50000E+02, 0.31000E+02, 0.13229E+03, 0.35944E+01, 0.45591E-03
 0.51000E+02, 0.31000E+02, 0.13147E+03, 0.32971E+01, 0.49601E-03
 0.52000E+02, 0.31000E+02, 0.13249E+03, 0.29738E+01, 0.55133E-03
 0.53000E+02, 0.31000E+02, 0.12841E+03, 0.34784E+01, 0.46661E-03
 0.54000E+02, 0.31000E+02, 0.12802E+03, 0.32143E+01, 0.50446E-03
 0.55000E+02, 0.31000E+02, 0.12849E+03, 0.30629E+01, 0.53001E-03
 0.56000E+02, 0.31000E+02, 0.12861E+03, 0.30383E+01, 0.53447E-03
 0.57000E+02, 0.31000E+02, 0.12736E+03, 0.30500E+01, 0.53075E-03
 0.58000E+02, 0.31000E+02, 0.12482E+03, 0.28768E+01, 0.55914E-03
 0.59000E+02, 0.31000E+02, 0.22000E+02, 0.30000E+02, 0.00000E+00
 0.60000E+02, 0.31000E+02, 0.23032E+03, 0.38086E+00, 0.53430E-02
 0.61000E+02, 0.31000E+02, 0.22214E+03, 0.42763E+00, 0.46813E-02
 0.62000E+02, 0.31000E+02, 0.21857E+03, 0.43546E+00, 0.45641E-02
 0.63000E+02, 0.31000E+02, 0.20485E+03, 0.48359E+00, 0.39951E-02
 0.64000E+02, 0.31000E+02, 0.19169E+03, 0.56405E+00, 0.33309E-02
 0.65000E+02, 0.31000E+02, 0.16201E+03, 0.77793E+00, 0.22609E-02
 0.00000E+00, 0.32000E+02, 0.80746E+03, 0.19477E+00, 0.22424E-01
 0.10000E+01, 0.32000E+02, 0.57482E+03, 0.14357E+00, 0.23873E-01
 0.20000E+01, 0.32000E+02, 0.45790E+03, 0.12495E+00, 0.23647E-01
 0.30000E+01, 0.32000E+02, 0.47034E+03, 0.12553E+00, 0.23939E-01
 0.40000E+01, 0.32000E+02, 0.49811E+03, 0.11228E+00, 0.27764E-01
 0.50000E+01, 0.32000E+02, 0.55027E+03, 0.11449E+00, 0.29070E-01
 0.60000E+01, 0.32000E+02, 0.17877E+03, 0.43348E+00, 0.42138E-02
 0.70000E+01, 0.32000E+02, 0.18412E+03, 0.46566E+00, 0.39690E-02
 0.80000E+01, 0.32000E+02, 0.22482E+03, 0.12213E+00, 0.16480E-01
 0.90000E+01, 0.32000E+02, 0.24534E+03, 0.97137E-01, 0.21574E-01
 0.10000E+02, 0.32000E+02, 0.24020E+03, 0.10837E+00, 0.19147E-01
 0.11000E+02, 0.32000E+02, 0.22755E+03, 0.11958E+00, 0.16924E-01
 0.12000E+02, 0.32000E+02, 0.21379E+03, 0.10625E+00, 0.18524E-01
 0.13000E+02, 0.32000E+02, 0.24318E+03, 0.13249E+00, 0.15752E-01
 0.14000E+02, 0.32000E+02, 0.24308E+03, 0.13826E+00, 0.15091E-01
 0.15000E+02, 0.32000E+02, 0.24599E+03, 0.12265E+00, 0.17108E-01
 0.16000E+02, 0.32000E+02, 0.25549E+03, 0.11005E+00, 0.19416E-01
 0.17000E+02, 0.32000E+02, 0.26744E+03, 0.95615E-01, 0.22852E-01
 0.18000E+02, 0.32000E+02, 0.25195E+03, 0.94024E-01, 0.22573E-01
 0.19000E+02, 0.32000E+02, 0.18865E+03, 0.13708E+00, 0.13616E-01
 0.20000E+02, 0.32000E+02, 0.18312E+03, 0.13064E+00, 0.14116E-01
 0.21000E+02, 0.32000E+02, 0.18415E+03, 0.13399E+00, 0.13794E-01
 0.22000E+02, 0.32000E+02, 0.17839E+03, 0.14064E+00, 0.12977E-01
 0.23000E+02, 0.32000E+02, 0.17637E+03, 0.14437E+00, 0.12585E-01
 0.24000E+02, 0.32000E+02, 0.17562E+03, 0.14486E+00, 0.12521E-01
 0.25000E+02, 0.32000E+02, 0.17672E+03, 0.14445E+00, 0.12587E-01
 0.26000E+02, 0.32000E+02, 0.17665E+03, 0.14338E+00, 0.12679E-01
 0.27000E+02, 0.32000E+02, 0.17465E+03, 0.13665E+00, 0.13245E-01
 0.28000E+02, 0.32000E+02, 0.17387E+03, 0.14365E+00, 0.12577E-01
 0.29000E+02, 0.32000E+02, 0.16407E+03, 0.15078E+00, 0.11720E-01
 0.30000E+02, 0.32000E+02, 0.22925E+03, 0.22756E+00, 0.89233E-02
 0.31000E+02, 0.32000E+02, 0.22780E+03, 0.20518E+00, 0.98683E-02
 0.32000E+02, 0.32000E+02, 0.22290E+03, 0.19981E+00, 0.10034E-01
 0.33000E+02, 0.32000E+02, 0.22791E+03, 0.19923E+00, 0.10165E-01
 0.34000E+02, 0.32000E+02, 0.22978E+03, 0.21170E+00, 0.96022E-02
 0.35000E+02, 0.32000E+02, 0.22858E+03, 0.22266E+00, 0.91078E-02
 0.36000E+02, 0.32000E+02, 0.22939E+03, 0.26168E+00, 0.77620E-02
 0.37000E+02, 0.32000E+02, 0.23329E+03, 0.31432E+00, 0.65121E-02
 0.38000E+02, 0.32000E+02, 0.23055E+03, 0.31501E+00, 0.64629E-02
 0.39000E+02, 0.32000E+02, 0.22316E+03, 0.28665E+00, 0.69980E-02
 0.40000E+02, 0.32000E+02, 0.21610E+03, 0.23595E+00, 0.83810E-02
 0.41000E+02, 0.32000E+02, 0.21664E+03, 0.22097E+00, 0.89588E-02
 0.42000E+02, 0.32000E+02, 0.21427E+03, 0.19792E+00, 0.99538E-02
 0.43000E+02, 0.32000E+02, 0.21379E+03, 0.18850E+00, 0.10441E-01
 0.44000E+02, 0.32000E+02, 0.21450E+03, 0.18123E+00, 0.10876E-01
 0.45000E+02, 0.32000E+02, 0.21472E+03, 0.18042E+00, 0.10929E-01
 0.46000E+02, 0.32000E+02, 0.21370E+03, 0.19270E+00, 0.10211E-01
 0.47000E+02, 0.32000E+02, 0.19867E+03, 0.22892E+00, 0.83306E-02
 0.48000E+02, 0.32000E+02, 0.13513E+03, 0.49084E+01, 0.33620E-03
 0.49000E+02, 0.32000E+02, 0.13266E+03, 0.48355E+01, 0.33920E-03
 0.50000E+02, 0.32000E+02, 0.13105E+03, 0.39235E+01, 0.41639E-03
 0.51000E+02, 0.32000E+02, 0.13155E+03, 0.32559E+01, 0.50240E-03
 0.52000E+02, 0.32000E+02, 0.13157E+03, 0.33115E+01, 0.49397E-03
 0.53000E+02, 0.32000E+02, 0.13148E+03, 0.30487E+01, 0.53645E-03
 0.54000E+02, 0.32000E+02, 0.12975E+03, 0.29299E+01, 0.55581E-03
 0.55000E+02, 0.32000E+02, 0.12849E+03, 0.29495E+01, 0.55038E-03
 0.56000E+02, 0.32000E+02, 0.12908E+03, 0.30512E+01, 0.53281E-03
 0.57000E+02, 0.32000E+02, 0.12807E+03, 0.26732E+01, 0.60663E-03
 0.58000E+02, 0.32000E+02, 0.12833E+03, 0.27416E+01, 0.59188E-03
 0.59000E+02, 0.32000E+02, 0.22000E+02, 0.30000E+02, 0.00000E+00
 0.60000E+02, 0.32000E+02, 0.22897E+03, 0.32429E+00, 0.62583E-02
 0.61000E+02, 0.32000E+02, 0.23490E+03, 0.38061E+00, 0.53952E-02
 0.62000E+02, 0.32000E+02, 0.22521E+03, 0.39775E+00, 0.50642E-02
 0.63000E+02, 0.32000E+02, 0.20707E+03, 0.46756E+00, 0.41512E-02
 0.64000E+02, 0.32000E+02, 0.20064E+03, 0.49746E+00, 0.38496E-02
 0.65000E+02, 0.32000E+02, 0.17272E+03, 0.59694E+00, 0.30190E-02
 0.00000E+00, 0.33000E+02, 0.80279E+03, 0.19242E+00, 0.22600E-01
 0.10000E+01, 0.33000E+02, 0.58178E+03, 0.14088E+00, 0.24528E-01
 0.20000E+01, 0.33000E+02, 0.49342E+03, 0.13782E+00, 0.22480E-01
 0.30000E+01, 0.33000E+02, 0.48394E+03, 0.13566E+00, 0.22557E-01
 0.40000E+01, 0.33000E+02, 0.51997E+03, 0.13334E+00, 0.24041E-01
 0.50000E+01, 0.33000E+02, 0.58160E+03, 0.11699E+00, 0.29531E-01
 0.60000E+01, 0.33000E+02, 0.17697E+03, 0.42990E+00, 0.42319E-02
 0.70000E+01, 0.33000E+02, 0.18421E+03, 0.46346E+00, 0.39886E-02
 0.80000E+01, 0.33000E+02, 0.22307E+03, 0.19687E+00, 0.10188E-01
 0.90000E+01, 0.33000E+02, 0.22495E+03, 0.12893E+00, 0.15615E-01
 0.10000E+02, 0.33000E+02, 0.23168E+03, 0.12689E+00, 0.16081E-01
 0.11000E+02, 0.33000E+02, 0.22629E+03, 0.12996E+00, 0.15533E-01
 0.12000E+02, 0.33000E+02, 0.21937E+03, 0.11025E+00, 0.18056E-01
 0.13000E+02, 0.33000E+02, 0.24036E+03, 0.11564E+00, 0.17947E-01
 0.14000E+02, 0.33000E+02, 0.24577E+03, 0.13276E+00, 0.15798E-01
 0.15000E+02, 0.33000E+02, 0.24328E+03, 0.12719E+00, 0.16412E-01
 0.16000E+02, 0.33000E+02, 0.24901E+03, 0.11064E+00, 0.19075E-01
 0.17000E+02, 0.33000E+02, 0.25787E+03, 0.99495E-01, 0.21572E-01
 0.18000E+02, 0.33000E+02, 0.24830E+03, 0.96543E-01, 0.21831E-01
 0.19000E+02, 0.33000E+02, 0.19090E+03, 0.13737E+00, 0.13654E-01
 0.20000E+02, 0.33000E+02, 0.18151E+03, 0.13068E+00, 0.14062E-01
 0.21000E+02, 0.33000E+02, 0.18161E+03, 0.13349E+00, 0.13769E-01
 0.22000E+02, 0.33000E+02, 0.17890E+03, 0.13424E+00, 0.13611E-01
 0.23000E+02, 0.33000E+02, 0.17970E+03, 0.13999E+00, 0.13075E-01
 0.24000E+02, 0.33000E+02, 0.17542E+03, 0.14757E+00, 0.12286E-01
 0.25000E+02, 0.33000E+02, 0.17441E+03, 0.14458E+00, 0.12512E-01
 0.26000E+02, 0.33000E+02, 0.17200E+03, 0.14155E+00, 0.12711E-01
 0.27000E+02, 0.33000E+02, 0.17255E+03, 0.14869E+00, 0.12115E-01
 0.28000E+02, 0.33000E+02, 0.17167E+03, 0.14751E+00, 0.12188E-01
 0.29000E+02, 0.33000E+02, 0.15742E+03, 0.15104E+00, 0.11522E-01
 0.30000E+02, 0.33000E+02, 0.22425E+03, 0.26376E+00, 0.76221E-02
 0.31000E+02, 0.33000E+02, 0.22816E+03, 0.26522E+00, 0.76398E-02
 0.32000E+02, 0.33000E+02, 0.23020E+03, 0.26175E+00, 0.77726E-02
 0.33000E+02, 0.33000E+02, 0.23158E+03, 0.26134E+00, 0.78062E-02
 0.34000E+02, 0.33000E+02, 0.22978E+03, 0.21640E+00, 0.93933E-02
 0.35000E+02, 0.33000E+02, 0.22924E+03, 0.23321E+00, 0.87070E-02
 0.36000E+02, 0.33000E+02, 0.23128E+03, 0.28938E+00, 0.70454E-02
 0.37000E+02, 0.33000E+02, 0.23354E+03, 0.36752E+00, 0.55723E-02
 0.38000E+02, 0.33000E+02, 0.23453E+03, 0.34695E+00, 0.59144E-02
 0.39000E+02, 0.33000E+02, 0.22998E+03, 0.37381E+00, 0.54401E-02
 0.40000E+02, 0.33000E+02, 0.22470E+03, 0.36106E+00, 0.55732E-02
 0.41000E+02, 0.33000E+02, 0.21809E+03, 0.25900E+00, 0.76660E-02
 0.42000E+02, 0.33000E+02, 0.21753E+03, 0.21162E+00, 0.93717E-02
 0.43000E+02, 0.33000E+02, 0.21685E+03, 0.19589E+00, 0.10110E-01
 0.44000E+02, 0.33000E+02, 0.21929E+03, 0.19704E+00, 0.10101E-01
 0.45000E+02, 0.33000E+02, 0.21707E+03, 0.18901E+00, 0.10483E-01
 0.46000E+02, 0.33000E+02, 0.21668E+03, 0.18038E+00, 0.10975E-01
 0.47000E+02, 0.33000E+02, 0.19605E+03, 0.21571E+00, 0.87916E-02
 0.48000E+02, 0.33000E+02, 0.13493E+03, 0.59132E+01, 0.27893E-03
 0.49000E+02, 0.33000E+02, 0.13230E+03, 0.50295E+01, 0.32582E-03
 0.50000E+02, 0.33000E+02, 0.13174E+03, 0.38899E+01, 0.42070E-03
 0.51000E+02, 0.33000E+02, 0.13125E+03, 0.34598E+01, 0.47243E-03
 0.52000E+02, 0.33000E+02, 0.13067E+03, 0.34988E+01, 0.46650E-03
 0.53000E+02, 0.33000E+02, 0.13007E+03, 0.32733E+01, 0.49789E-03
 0.54000E+02, 0.33000E+02, 0.13004E+03, 0.30720E+01, 0.53047E-03
 0.55000E+02, 0.33000E+02, 0.12657E+03, 0.27277E+01, 0.59229E-03
 0.56000E+02, 0.33000E+02, 0.12917E+03, 0.26094E+01, 0.62317E-03
 0.57000E+02, 0.33000E+02, 0.13058E+03, 0.25814E+01, 0.63215E-03
 0.58000E+02, 0.33000E+02, 0.13052E+03, 0.24109E+01, 0.67675E-03
 0.59000E+02, 0.33000E+02, 0.22000E+02, 0.30000E+02, 0.00000E+00
 0.60000E+02, 0.33000E+02, 0.22284E+03, 0.32474E+00, 0.61732E-02
 0.61000E+02, 0.33000E+02, 0.23032E+03, 0.37781E+00, 0.53861E-02
 0.62000E+02, 0.33000E+02, 0.21867E+03, 0.40523E+00, 0.49055E-02
 0.63000E+02, 0.33000E+02, 0.21082E+03, 0.44241E+00, 0.44215E-02
 0.64000E+02, 0.33000E+02, 0.20532E+03, 0.47539E+00, 0.40680E-02
 0.65000E+02, 0.33000E+02, 0.17308E+03, 0.61448E+00, 0.29351E-02
 0.00000E+00, 0.34000E+02, 0.79804E+03, 0.18249E+00, 0.23725E-01
 0.10000E+01, 0.34000E+02, 0.57435E+03, 0.14955E+00, 0.22905E-01
 0.20000E+01, 0.34000E+02, 0.51369E+03, 0.14568E+00, 0.21830E-01
 0.30000E+01, 0.34000E+02, 0.53526E+03, 0.14120E+00, 0.23141E-01
 0.40000E+01, 0.34000E+02, 0.43772E+03, 0.14478E+00, 0.19845E-01
 0.50000E+01, 0.34000E+02, 0.57135E+03, 0.13069E+00, 0.26117E-01
 0.60000E+01, 0.34000E+02, 0.18041E+03, 0.44685E+00, 0.41025E-02
 0.70000E+01, 0.34000E+02, 0.18093E+03, 0.44902E+00, 0.40874E-02
 0.80000E+01, 0.34000E+02, 0.22419E+03, 0.57164E+00, 0.35165E-02
 0.90000E+01, 0.34000E+02, 0.22487E+03, 0.21803E+00, 0.92325E-02
 0.10000E+02, 0.34000E+02, 0.22902E+03, 0.19400E+00, 0.10462E-01
 0.11000E+02, 0.34000E+02, 0.23792E+03, 0.16941E+00, 0.12193E-01
 0.12000E+02, 0.34000E+02, 0.23842E+03, 0.14174E+00, 0.14588E-01
 0.13000E+02, 0.34000E+02, 0.24327E+03, 0.16037E+00, 0.13016E-01
 0.14000E+02, 0.34000E+02, 0.23829E+03, 0.22516E+00, 0.91808E-02
 0.15000E+02, 0.34000E+02, 0.23637E+03, 0.16907E+00, 0.12181E-01
 0.16000E+02, 0.34000E+02, 0.23638E+03, 0.14373E+00, 0.14329E-01
 0.17000E+02, 0.34000E+02, 0.22825E+03, 0.17090E+00, 0.11858E-01
 0.18000E+02, 0.34000E+02, 0.24117E+03, 0.10174E+00, 0.20432E-01
 0.19000E+02, 0.34000E+02, 0.20187E+03, 0.19116E+00, 0.10044E-01
 0.20000E+02, 0.34000E+02, 0.18362E+03, 0.13707E+00, 0.13469E-01
 0.21000E+02, 0.34000E+02, 0.18050E+03, 0.13215E+00, 0.13875E-01
 0.22000E+02, 0.34000E+02, 0.17665E+03, 0.13020E+00, 0.13963E-01
 0.23000E+02, 0.34000E+02, 0.17730E+03, 0.13664E+00, 0.13324E-01
 0.24000E+02, 0.34000E+02, 0.17460E+03, 0.14142E+00, 0.12796E-01
 0.25000E+02, 0.34000E+02, 0.17275E+03, 0.14283E+00, 0.12619E-01
 0.26000E+02, 0.34000E+02, 0.16566E+03, 0.13773E+00, 0.12877E-01
 0.27000E+02, 0.34000E+02, 0.16443E+03, 0.14368E+00, 0.12309E-01
 0.28000E+02, 0.34000E+02, 0.16369E+03, 0.14881E+00, 0.11865E-01
 0.29000E+02, 0.34000E+02, 0.15725E+03, 0.14555E+00, 0.11952E-01
 0.30000E+02, 0.34000E+02, 0.22682E+03, 0.29831E+00, 0.67741E-02
 0.31000E+02, 0.34000E+02, 0.22953E+03, 0.33484E+00, 0.60679E-02
 0.32000E+02, 0.34000E+02, 0.23170E+03, 0.29505E+00, 0.69160E-02
 0.33000E+02, 0.34000E+02, 0.23084E+03, 0.26497E+00, 0.76878E-02
 0.34000E+02, 0.34000E+02, 0.22799E+03, 0.24108E+00, 0.84018E-02
 0.35000E+02, 0.34000E+02, 0.22622E+03, 0.22414E+00, 0.90052E-02
 0.36000E+02, 0.34000E+02, 0.23177E+03, 0.35838E+00, 0.56945E-02
 0.37000E+02, 0.34000E+02, 0.23919E+03, 0.50660E+00, 0.40877E-02
 0.38000E+02, 0.34000E+02, 0.23644E+03, 0.38924E+00, 0.52916E-02
 0.39000E+02, 0.34000E+02, 0.23211E+03, 0.42745E+00, 0.47776E-02
 0.40000E+02, 0.34000E+02, 0.22788E+03, 0.36640E+00, 0.55269E-02
 0.41000E+02, 0.34000E+02, 0.22555E+03, 0.31678E+00, 0.63629E-02
 0.42000E+02, 0.34000E+02, 0.21788E+03, 0.25777E+00, 0.76993E-02
 0.43000E+02, 0.34000E+02, 0.21834E+03, 0.20888E+00, 0.95102E-02
 0.44000E+02, 0.34000E+02, 0.21954E+03, 0.22058E+00, 0.90279E-02
 0.45000E+02, 0.34000E+02, 0.21784E+03, 0.20749E+00, 0.95645E-02
 0.46000E+02, 0.34000E+02, 0.21345E+03, 0.17936E+00, 0.10966E-01
 0.47000E+02, 0.34000E+02, 0.19389E+03, 0.21907E+00, 0.86167E-02
 0.48000E+02, 0.34000E+02, 0.13552E+03, 0.73480E+01, 0.22479E-03
 0.49000E+02, 0.34000E+02, 0.13331E+03, 0.48501E+01, 0.33872E-03
 0.50000E+02, 0.34000E+02, 0.13307E+03, 0.42575E+01, 0.38564E-03
 0.51000E+02, 0.34000E+02, 0.13254E+03, 0.37674E+01, 0.43524E-03
 0.52000E+02, 0.34000E+02, 0.13097E+03, 0.32539E+01, 0.50198E-03
 0.53000E+02, 0.34000E+02, 0.12785E+03, 0.31811E+01, 0.50950E-03
 0.54000E+02, 0.34000E+02, 0.13008E+03, 0.30515E+01, 0.53409E-03
 0.55000E+02, 0.34000E+02, 0.12849E+03, 0.28320E+01, 0.57322E-03
 0.56000E+02, 0.34000E+02, 0.12486E+03, 0.26570E+01, 0.60546E-03
 0.57000E+02, 0.34000E+02, 0.12490E+03, 0.26082E+01, 0.61683E-03
 0.58000E+02, 0.34000E+02, 0.12585E+03, 0.20986E+01, 0.76847E-03
 0.59000E+02, 0.34000E+02, 0.22000E+02, 0.30000E+02, 0.00000E+00
 0.60000E+02, 0.34000E+02, 0.21911E+03, 0.34938E+00, 0.56947E-02
 0.61000E+02, 0.34000E+02, 0.21978E+03, 0.38453E+00, 0.51812E-02
 0.62000E+02, 0.34000E+02, 0.21025E+03, 0.41534E+00, 0.47041E-02
 0.63000E+02, 0.34000E+02, 0.20859E+03, 0.42955E+00, 0.45330E-02
 0.64000E+02, 0.34000E+02, 0.20406E+03, 0.45396E+00, 0.42489E-02
 0.65000E+02, 0.34000E+02, 0.19106E+03, 0.47961E+00, 0.39120E-02
 0.00000E+00, 0.35000E+02, 0.77307E+03, 0.20453E+00, 0.20675E-01
 0.10000E+01, 0.35000E+02, 0.61690E+03, 0.15899E+00, 0.22627E-01
 0.20000E+01, 0.35000E+02, 0.59613E+03, 0.15500E+00, 0.22667E-01
 0.30000E+01, 0.35000E+02, 0.56035E+03, 0.14067E+00, 0.23949E-01
 0.40000E+01, 0.35000E+02, 0.36783E+03, 0.14322E+00, 0.18090E-01
 0.50000E+01, 0.35000E+02, 0.53375E+03, 0.13512E+00, 0.24138E-01
 0.60000E+01, 0.35000E+02, 0.20567E+03, 0.46891E+00, 0.41273E-02
 0.70000E+01, 0.35000E+02, 0.18759E+03, 0.45774E+00, 0.40683E-02
 0.80000E+01, 0.35000E+02, 0.22718E+03, 0.71962E+00, 0.28102E-02
 0.90000E+01, 0.35000E+02, 0.22956E+03, 0.25152E+00, 0.80782E-02
 0.10000E+02, 0.35000E+02, 0.23516E+03, 0.23194E+00, 0.88580E-02
 0.11000E+02, 0.35000E+02, 0.24001E+03, 0.23959E+00, 0.86570E-02
 0.12000E+02, 0.35000E+02, 0.24213E+03, 0.33116E+00, 0.62891E-02
 0.13000E+02, 0.35000E+02, 0.24168E+03, 0.32598E+00, 0.63834E-02
 0.14000E+02, 0.35000E+02, 0.24067E+03, 0.27043E+00, 0.76796E-02
 0.15000E+02, 0.35000E+02, 0.23951E+03, 0.30340E+00, 0.68296E-02
 0.16000E+02, 0.35000E+02, 0.23926E+03, 0.34656E+00, 0.59762E-02
 0.17000E+02, 0.35000E+02, 0.23140E+03, 0.15805E+00, 0.12903E-01
 0.18000E+02, 0.35000E+02, 0.23587E+03, 0.23854E+00, 0.86248E-02
 0.19000E+02, 0.35000E+02, 0.24182E+03, 0.13890E+01, 0.14985E-02
 0.20000E+02, 0.35000E+02, 0.24180E+03, 0.14037E+01, 0.14828E-02
 0.21000E+02, 0.35000E+02, 0.25110E+03, 0.12719E+01, 0.16659E-02
 0.22000E+02, 0.35000E+02, 0.25842E+03, 0.14597E+01, 0.14719E-02
 0.23000E+02, 0.35000E+02, 0.25582E+03, 0.17888E+01, 0.11952E-02
 0.24000E+02, 0.35000E+02, 0.25076E+03, 0.19218E+01, 0.11018E-02
 0.25000E+02, 0.35000E+02, 0.25706E+03, 0.18557E+01, 0.11548E-02
 0.26000E+02, 0.35000E+02, 0.26279E+03, 0.19124E+01, 0.11327E-02
 0.27000E+02, 0.35000E+02, 0.26517E+03, 0.11594E+01, 0.18767E-02
 0.28000E+02, 0.35000E+02, 0.26559E+03, 0.11774E+01, 0.18495E-02
 0.29000E+02, 0.35000E+02, 0.26816E+03, 0.16606E+01, 0.13175E-02
 0.30000E+02, 0.35000E+02, 0.27898E+03, 0.39722E+01, 0.56180E-03
 0.31000E+02, 0.35000E+02, 0.28343E+03, 0.53807E+01, 0.41809E-03
 0.32000E+02, 0.35000E+02, 0.30391E+03, 0.65685E+01, 0.35509E-03
 0.33000E+02, 0.35000E+02, 0.31329E+03, 0.69306E+01, 0.34200E-03
 0.34000E+02, 0.35000E+02, 0.30833E+03, 0.64812E+01, 0.36262E-03
 0.35000E+02, 0.35000E+02, 0.30821E+03, 0.62293E+01, 0.37721E-03
 0.36000E+02, 0.35000E+02, 0.31518E+03, 0.68613E+01, 0.34657E-03
 0.37000E+02, 0.35000E+02, 0.31901E+03, 0.62087E+01, 0.38549E-03
 0.38000E+02, 0.35000E+02, 0.32266E+03, 0.49764E+01, 0.48392E-03
 0.39000E+02, 0.35000E+02, 0.32527E+03, 0.70577E+01, 0.34271E-03
 0.40000E+02, 0.35000E+02, 0.32644E+03, 0.63965E+01, 0.37887E-03
 0.41000E+02, 0.35000E+02, 0.34165E+03, 0.63962E+01, 0.38850E-03
 0.42000E+02, 0.35000E+02, 0.35245E+03, 0.72683E+01, 0.34789E-03
 0.43000E+02, 0.35000E+02, 0.34955E+03, 0.70140E+01, 0.35883E-03
 0.44000E+02, 0.35000E+02, 0.33380E+03, 0.60544E+01, 0.40519E-03
 0.45000E+02, 0.35000E+02, 0.32133E+03, 0.53456E+01, 0.44949E-03
 0.46000E+02, 0.35000E+02, 0.31209E+03, 0.45809E+01, 0.51637E-03
 0.47000E+02, 0.35000E+02, 0.29617E+03, 0.39515E+01, 0.58233E-03
 0.48000E+02, 0.35000E+02, 0.28914E+03, 0.30401E+01, 0.74756E-03
 0.49000E+02, 0.35000E+02, 0.27949E+03, 0.28156E+01, 0.79333E-03
 0.50000E+02, 0.35000E+02, 0.27175E+03, 0.25906E+01, 0.85013E-03
 0.51000E+02, 0.35000E+02, 0.27044E+03, 0.24397E+01, 0.90056E-03
 0.52000E+02, 0.35000E+02, 0.27372E+03, 0.23589E+01, 0.93701E-03
 0.53000E+02, 0.35000E+02, 0.27223E+03, 0.23018E+01, 0.95767E-03
 0.54000E+02, 0.35000E+02, 0.24410E+03, 0.18028E+01, 0.11596E-02
 0.55000E+02, 0.35000E+02, 0.22865E+03, 0.15624E+01, 0.12981E-02
 0.56000E+02, 0.35000E+02, 0.23245E+03, 0.16898E+01, 0.12093E-02
 0.57000E+02, 0.35000E+02, 0.22217E+03, 0.15991E+01, 0.12520E-02
 0.58000E+02, 0.35000E+02, 0.21836E+03, 0.15809E+01, 0.12566E-02
 0.59000E+02, 0.35000E+02, 0.21386E+03, 0.14864E+01, 0.13243E-02
 0.60000E+02, 0.35000E+02, 0.22148E+03, 0.35552E+00, 0.56234E-02
 0.61000E+02, 0.35000E+02, 0.21929E+03, 0.38254E+00, 0.52031E-02
 0.62000E+02, 0.35000E+02, 0.20968E+03, 0.41113E+00, 0.47468E-02
 0.63000E+02, 0.35000E+02, 0.21062E+03, 0.40257E+00, 0.48570E-02
 0.64000E+02, 0.35000E+02, 0.20091E+03, 0.44255E+00, 0.43297E-02
 0.65000E+02, 0.35000E+02, 0.18881E+03, 0.47087E+00, 0.39653E-02
 0.00000E+00, 0.36000E+02, 0.77733E+03, 0.21065E+00, 0.20156E-01
 0.10000E+01, 0.36000E+02, 0.67589E+03, 0.16011E+00, 0.23958E-01
 0.20000E+01, 0.36000E+02, 0.65437E+03, 0.14080E+00, 0.26625E-01
 0.30000E+01, 0.36000E+02, 0.51967E+03, 0.13931E+00, 0.23003E-01
 0.40000E+01, 0.36000E+02, 0.34130E+03, 0.16129E+00, 0.15398E-01
 0.50000E+01, 0.36000E+02, 0.51565E+03, 0.13589E+00, 0.23462E-01
 0.60000E+01, 0.36000E+02, 0.20301E+03, 0.46851E+00, 0.41078E-02
 0.70000E+01, 0.36000E+02, 0.20011E+03, 0.47568E+00, 0.40213E-02
 0.80000E+01, 0.36000E+02, 0.23055E+03, 0.89161E+00, 0.22834E-02
 0.90000E+01, 0.36000E+02, 0.23517E+03, 0.32056E+00, 0.64092E-02
 0.10000E+02, 0.36000E+02, 0.23153E+03, 0.17736E+00, 0.11501E-01
 0.11000E+02, 0.36000E+02, 0.23471E+03, 0.17180E+00, 0.11948E-01
 0.12000E+02, 0.36000E+02, 0.24035E+03, 0.23720E+00, 0.87499E-02
 0.13000E+02, 0.36000E+02, 0.24104E+03, 0.22794E+00, 0.91175E-02
 0.14000E+02, 0.36000E+02, 0.23899E+03, 0.22215E+00, 0.93179E-02
 0.15000E+02, 0.36000E+02, 0.23995E+03, 0.31183E+00, 0.66506E-02
 0.16000E+02, 0.36000E+02, 0.24858E+03, 0.93501E+00, 0.22553E-02
 0.17000E+02, 0.36000E+02, 0.24615E+03, 0.82492E+00, 0.25444E-02
 0.18000E+02, 0.36000E+02, 0.24803E+03, 0.94155E+00, 0.22373E-02
 0.19000E+02, 0.36000E+02, 0.24800E+03, 0.93534E+00, 0.22520E-02
 0.20000E+02, 0.36000E+02, 0.24628E+03, 0.11052E+01, 0.18995E-02
 0.21000E+02, 0.36000E+02, 0.24983E+03, 0.11333E+01, 0.18653E-02
 0.22000E+02, 0.36000E+02, 0.25766E+03, 0.99533E+00, 0.21555E-02
 0.23000E+02, 0.36000E+02, 0.25814E+03, 0.11448E+01, 0.18758E-02
 0.24000E+02, 0.36000E+02, 0.25871E+03, 0.12160E+01, 0.17679E-02
 0.25000E+02, 0.36000E+02, 0.25892E+03, 0.12416E+01, 0.17320E-02
 0.26000E+02, 0.36000E+02, 0.26477E+03, 0.13932E+01, 0.15605E-02
 0.27000E+02, 0.36000E+02, 0.26744E+03, 0.16093E+01, 0.13577E-02
 0.28000E+02, 0.36000E+02, 0.27432E+03, 0.15765E+01, 0.14036E-02
 0.29000E+02, 0.36000E+02, 0.27886E+03, 0.20406E+01, 0.10934E-02
 0.30000E+02, 0.36000E+02, 0.27522E+03, 0.25601E+01, 0.86577E-03
 0.31000E+02, 0.36000E+02, 0.27660E+03, 0.24624E+01, 0.90236E-03
 0.32000E+02, 0.36000E+02, 0.27971E+03, 0.30459E+01, 0.73362E-03
 0.33000E+02, 0.36000E+02, 0.28519E+03, 0.42286E+01, 0.53367E-03
 0.34000E+02, 0.36000E+02, 0.29070E+03, 0.38196E+01, 0.59664E-03
 0.35000E+02, 0.36000E+02, 0.29808E+03, 0.41305E+01, 0.55896E-03
 0.36000E+02, 0.36000E+02, 0.31011E+03, 0.54001E+01, 0.43655E-03
 0.37000E+02, 0.36000E+02, 0.31302E+03, 0.57396E+01, 0.41278E-03
 0.38000E+02, 0.36000E+02, 0.31715E+03, 0.60147E+01, 0.39668E-03
 0.39000E+02, 0.36000E+02, 0.31302E+03, 0.53476E+01, 0.44304E-03
 0.40000E+02, 0.36000E+02, 0.30934E+03, 0.51578E+01, 0.45646E-03
 0.41000E+02, 0.36000E+02, 0.31710E+03, 0.53121E+01, 0.44910E-03
 0.42000E+02, 0.36000E+02, 0.35225E+03, 0.78434E+01, 0.32228E-03
 0.43000E+02, 0.36000E+02, 0.32750E+03, 0.58789E+01, 0.41296E-03
 0.44000E+02, 0.36000E+02, 0.33318E+03, 0.52472E+01, 0.46705E-03
 0.45000E+02, 0.36000E+02, 0.32064E+03, 0.45217E+01, 0.53077E-03
 0.46000E+02, 0.36000E+02, 0.30234E+03, 0.30862E+01, 0.75370E-03
 0.47000E+02, 0.36000E+02, 0.29366E+03, 0.26677E+01, 0.85877E-03
 0.48000E+02, 0.36000E+02, 0.26901E+03, 0.23848E+01, 0.91889E-03
 0.49000E+02, 0.36000E+02, 0.26617E+03, 0.23782E+01, 0.91658E-03
 0.50000E+02, 0.36000E+02, 0.26200E+03, 0.22562E+01, 0.95867E-03
 0.51000E+02, 0.36000E+02, 0.25659E+03, 0.19411E+01, 0.11030E-02
 0.52000E+02, 0.36000E+02, 0.24254E+03, 0.16322E+01, 0.12770E-02
 0.53000E+02, 0.36000E+02, 0.24060E+03, 0.16000E+01, 0.12978E-02
 0.54000E+02, 0.36000E+02, 0.22297E+03, 0.12802E+01, 0.15663E-02
 0.55000E+02, 0.36000E+02, 0.22130E+03, 0.14324E+01, 0.13952E-02
 0.56000E+02, 0.36000E+02, 0.22313E+03, 0.15772E+01, 0.12718E-02
 0.57000E+02, 0.36000E+02, 0.21486E+03, 0.14774E+01, 0.13351E-02
 0.58000E+02, 0.36000E+02, 0.21480E+03, 0.15061E+01, 0.13095E-02
 0.59000E+02, 0.36000E+02, 0.20525E+03, 0.99284E+00, 0.19475E-02
 0.60000E+02, 0.36000E+02, 0.21463E+03, 0.41485E+00, 0.47524E-02
 0.61000E+02, 0.36000E+02, 0.21463E+03, 0.37574E+00, 0.52471E-02
 0.62000E+02, 0.36000E+02, 0.21345E+03, 0.39837E+00, 0.49371E-02
 0.63000E+02, 0.36000E+02, 0.20694E+03, 0.41232E+00, 0.47062E-02
 0.64000E+02, 0.36000E+02, 0.20299E+03, 0.40957E+00, 0.46987E-02
 0.65000E+02, 0.36000E+02, 0.17978E+03, 0.53433E+00, 0.34261E-02
 0.00000E+00, 0.37000E+02, 0.67923E+03, 0.19255E+00, 0.19991E-01
 0.10000E+01, 0.37000E+02, 0.66047E+03, 0.14411E+00, 0.26185E-01
 0.20000E+01, 0.37000E+02, 0.54332E+03, 0.14373E+00, 0.22960E-01
 0.30000E+01, 0.37000E+02, 0.35323E+03, 0.18928E+00, 0.13376E-01
 0.40000E+01, 0.37000E+02, 0.49374E+03, 0.13953E+00, 0.22214E-01
 0.50000E+01, 0.37000E+02, 0.54620E+03, 0.13212E+00, 0.25065E-01
 0.60000E+01, 0.37000E+02, 0.21457E+03, 0.44301E+00, 0.44497E-02
 0.70000E+01, 0.37000E+02, 0.20984E+03, 0.49183E+00, 0.39691E-02
 0.80000E+01, 0.37000E+02, 0.23345E+03, 0.74250E+00, 0.27577E-02
 0.90000E+01, 0.37000E+02, 0.23397E+03, 0.24133E+00, 0.84934E-02
 0.10000E+02, 0.37000E+02, 0.23782E+03, 0.28004E+00, 0.73748E-02
 0.11000E+02, 0.37000E+02, 0.24008E+03, 0.28545E+00, 0.72670E-02
 0.12000E+02, 0.37000E+02, 0.24124E+03, 0.26997E+00, 0.77012E-02
 0.13000E+02, 0.37000E+02, 0.24593E+03, 0.41974E+00, 0.49984E-02
 0.14000E+02, 0.37000E+02, 0.24633E+03, 0.42565E+00, 0.49328E-02
 0.15000E+02, 0.37000E+02, 0.24842E+03, 0.70060E+00, 0.30090E-02
 0.16000E+02, 0.37000E+02, 0.25347E+03, 0.13020E+01, 0.16348E-02
 0.17000E+02, 0.37000E+02, 0.25525E+03, 0.12062E+01, 0.17706E-02
 0.18000E+02, 0.37000E+02, 0.25254E+03, 0.10044E+01, 0.21155E-02
 0.19000E+02, 0.37000E+02, 0.24959E+03, 0.91438E+00, 0.23107E-02
 0.20000E+02, 0.37000E+02, 0.24890E+03, 0.93705E+00, 0.22518E-02
 0.21000E+02, 0.37000E+02, 0.25164E+03, 0.88728E+00, 0.23906E-02
 0.22000E+02, 0.37000E+02, 0.25584E+03, 0.88912E+00, 0.24047E-02
 0.23000E+02, 0.37000E+02, 0.25732E+03, 0.98995E+00, 0.21658E-02
 0.24000E+02, 0.37000E+02, 0.25718E+03, 0.11654E+01, 0.18393E-02
 0.25000E+02, 0.37000E+02, 0.25481E+03, 0.14919E+01, 0.14303E-02
 0.26000E+02, 0.37000E+02, 0.26327E+03, 0.12522E+01, 0.17315E-02
 0.27000E+02, 0.37000E+02, 0.26925E+03, 0.10878E+01, 0.20153E-02
 0.28000E+02, 0.37000E+02, 0.27807E+03, 0.13170E+01, 0.16917E-02
 0.29000E+02, 0.37000E+02, 0.27928E+03, 0.14679E+01, 0.15211E-02
 0.30000E+02, 0.37000E+02, 0.27223E+03, 0.26060E+01, 0.84585E-03
 0.31000E+02, 0.37000E+02, 0.27281E+03, 0.25854E+01, 0.85350E-03
 0.32000E+02, 0.37000E+02, 0.27604E+03, 0.27160E+01, 0.81728E-03
 0.33000E+02, 0.37000E+02, 0.27988E+03, 0.23861E+01, 0.93679E-03
 0.34000E+02, 0.37000E+02, 0.28232E+03, 0.24449E+01, 0.91829E-03
 0.35000E+02, 0.37000E+02, 0.29335E+03, 0.38989E+01, 0.58726E-03
 0.36000E+02, 0.37000E+02, 0.30587E+03, 0.49916E+01, 0.46885E-03
 0.37000E+02, 0.37000E+02, 0.31354E+03, 0.53374E+01, 0.44428E-03
 0.38000E+02, 0.37000E+02, 0.31013E+03, 0.49991E+01, 0.47159E-03
 0.39000E+02, 0.37000E+02, 0.30786E+03, 0.50815E+01, 0.46213E-03
 0.40000E+02, 0.37000E+02, 0.30615E+03, 0.50826E+01, 0.46067E-03
 0.41000E+02, 0.37000E+02, 0.32179E+03, 0.56030E+01, 0.42917E-03
 0.42000E+02, 0.37000E+02, 0.32640E+03, 0.53269E+01, 0.45491E-03
 0.43000E+02, 0.37000E+02, 0.32077E+03, 0.57269E+01, 0.41917E-03
 0.44000E+02, 0.37000E+02, 0.30124E+03, 0.52030E+01, 0.44620E-03
 0.45000E+02, 0.37000E+02, 0.27303E+03, 0.37557E+01, 0.58779E-03
 0.46000E+02, 0.37000E+02, 0.26378E+03, 0.26086E+01, 0.83192E-03
 0.47000E+02, 0.37000E+02, 0.26386E+03, 0.21621E+01, 0.10039E-02
 0.48000E+02, 0.37000E+02, 0.24915E+03, 0.18748E+01, 0.11260E-02
 0.49000E+02, 0.37000E+02, 0.25607E+03, 0.20332E+01, 0.10521E-02
 0.50000E+02, 0.37000E+02, 0.25609E+03, 0.23240E+01, 0.92042E-03
 0.51000E+02, 0.37000E+02, 0.25136E+03, 0.18895E+01, 0.11220E-02
 0.52000E+02, 0.37000E+02, 0.23373E+03, 0.14838E+01, 0.13807E-02
 0.53000E+02, 0.37000E+02, 0.22799E+03, 0.13743E+01, 0.14739E-02
 0.54000E+02, 0.37000E+02, 0.22926E+03, 0.13466E+01, 0.15079E-02
 0.55000E+02, 0.37000E+02, 0.21964E+03, 0.14316E+01, 0.13913E-02
 0.56000E+02, 0.37000E+02, 0.21549E+03, 0.14621E+01, 0.13508E-02
 0.57000E+02, 0.37000E+02, 0.22138E+03, 0.15772E+01, 0.12673E-02
 0.58000E+02, 0.37000E+02, 0.21427E+03, 0.13815E+01, 0.14261E-02
 0.59000E+02, 0.37000E+02, 0.20830E+03, 0.11805E+01, 0.16484E-02
 0.60000E+02, 0.37000E+02, 0.20871E+03, 0.40925E+00, 0.47590E-02
 0.61000E+02, 0.37000E+02, 0.21488E+03, 0.36880E+00, 0.53485E-02
 0.62000E+02, 0.37000E+02, 0.21495E+03, 0.37236E+00, 0.52981E-02
 0.63000E+02, 0.37000E+02, 0.20903E+03, 0.39358E+00, 0.49517E-02
 0.64000E+02, 0.37000E+02, 0.20561E+03, 0.39233E+00, 0.49322E-02
 0.65000E+02, 0.37000E+02, 0.18480E+03, 0.46953E+00, 0.39421E-02
 0.00000E+00, 0.38000E+02, 0.54349E+03, 0.15485E+00, 0.21316E-01
 0.10000E+01, 0.38000E+02, 0.42948E+03, 0.17402E+00, 0.16319E-01
 0.20000E+01, 0.38000E+02, 0.32538E+03, 0.21717E+00, 0.11139E-01
 0.30000E+01, 0.38000E+02, 0.36891E+03, 0.19266E+00, 0.13470E-01
 0.40000E+01, 0.38000E+02, 0.36436E+03, 0.19793E+00, 0.13018E-01
 0.50000E+01, 0.38000E+02, 0.41579E+03, 0.17601E+00, 0.15821E-01
 0.60000E+01, 0.38000E+02, 0.22605E+03, 0.42778E+00, 0.47167E-02
 0.70000E+01, 0.38000E+02, 0.22661E+03, 0.43837E+00, 0.46079E-02
 0.80000E+01, 0.38000E+02, 0.23262E+03, 0.72367E+00, 0.28248E-02
 0.90000E+01, 0.38000E+02, 0.24105E+03, 0.43244E+00, 0.48060E-02
 0.10000E+02, 0.38000E+02, 0.24226E+03, 0.38716E+00, 0.53808E-02
 0.11000E+02, 0.38000E+02, 0.24267E+03, 0.38490E+00, 0.54166E-02
 0.12000E+02, 0.38000E+02, 0.24589E+03, 0.60398E+00, 0.34735E-02
 0.13000E+02, 0.38000E+02, 0.24612E+03, 0.62216E+00, 0.33734E-02
 0.14000E+02, 0.38000E+02, 0.24910E+03, 0.87629E+00, 0.24089E-02
 0.15000E+02, 0.38000E+02, 0.25520E+03, 0.12117E+01, 0.17624E-02
 0.16000E+02, 0.38000E+02, 0.25792E+03, 0.12887E+01, 0.16657E-02
 0.17000E+02, 0.38000E+02, 0.25916E+03, 0.12259E+01, 0.17550E-02
 0.18000E+02, 0.38000E+02, 0.25804E+03, 0.98313E+00, 0.21838E-02
 0.19000E+02, 0.38000E+02, 0.25614E+03, 0.94026E+00, 0.22752E-02
 0.20000E+02, 0.38000E+02, 0.25466E+03, 0.95347E+00, 0.22374E-02
 0.21000E+02, 0.38000E+02, 0.25441E+03, 0.91442E+00, 0.23319E-02
 0.22000E+02, 0.38000E+02, 0.26002E+03, 0.10468E+01, 0.20587E-02
 0.23000E+02, 0.38000E+02, 0.26216E+03, 0.10419E+01, 0.20765E-02
 0.24000E+02, 0.38000E+02, 0.26056E+03, 0.97787E+00, 0.22060E-02
 0.25000E+02, 0.38000E+02, 0.25528E+03, 0.14673E+01, 0.14556E-02
 0.26000E+02, 0.38000E+02, 0.25862E+03, 0.20768E+01, 0.10349E-02
 0.27000E+02, 0.38000E+02, 0.26998E+03, 0.12246E+01, 0.17926E-02
 0.28000E+02, 0.38000E+02, 0.27463E+03, 0.10311E+01, 0.21473E-02
 0.29000E+02, 0.38000E+02, 0.27456E+03, 0.11825E+01, 0.18722E-02
 0.30000E+02, 0.38000E+02, 0.27253E+03, 0.16710E+01, 0.13199E-02
 0.31000E+02, 0.38000E+02, 0.27654E+03, 0.13922E+01, 0.15958E-02
 0.32000E+02, 0.38000E+02, 0.28160E+03, 0.14663E+01, 0.15292E-02
 0.33000E+02, 0.38000E+02, 0.28617E+03, 0.35013E+01, 0.64567E-03
 0.34000E+02, 0.38000E+02, 0.29356E+03, 0.45159E+01, 0.50721E-03
 0.35000E+02, 0.38000E+02, 0.29559E+03, 0.39452E+01, 0.58267E-03
 0.36000E+02, 0.38000E+02, 0.29676E+03, 0.35072E+01, 0.65679E-03
 0.37000E+02, 0.38000E+02, 0.29946E+03, 0.35028E+01, 0.66073E-03
 0.38000E+02, 0.38000E+02, 0.30003E+03, 0.41319E+01, 0.56068E-03
 0.39000E+02, 0.38000E+02, 0.30408E+03, 0.44407E+01, 0.52539E-03
 0.40000E+02, 0.38000E+02, 0.30330E+03, 0.45183E+01, 0.51567E-03
 0.41000E+02, 0.38000E+02, 0.30578E+03, 0.48713E+01, 0.48035E-03
 0.42000E+02, 0.38000E+02, 0.31108E+03, 0.48004E+01, 0.49190E-03
 0.43000E+02, 0.38000E+02, 0.32372E+03, 0.63133E+01, 0.38212E-03
 0.44000E+02, 0.38000E+02, 0.31481E+03, 0.55502E+01, 0.42818E-03
 0.45000E+02, 0.38000E+02, 0.27629E+03, 0.39255E+01, 0.56573E-03
 0.46000E+02, 0.38000E+02, 0.29887E+03, 0.33766E+01, 0.68472E-03
 0.47000E+02, 0.38000E+02, 0.28563E+03, 0.27931E+01, 0.80862E-03
 0.48000E+02, 0.38000E+02, 0.23569E+03, 0.16034E+01, 0.12827E-02
 0.49000E+02, 0.38000E+02, 0.23553E+03, 0.16437E+01, 0.12508E-02
 0.50000E+02, 0.38000E+02, 0.24962E+03, 0.22476E+01, 0.94008E-03
 0.51000E+02, 0.38000E+02, 0.24950E+03, 0.20479E+01, 0.10315E-02
 0.52000E+02, 0.38000E+02, 0.24435E+03, 0.19297E+01, 0.10839E-02
 0.53000E+02, 0.38000E+02, 0.23627E+03, 0.17195E+01, 0.11974E-02
 0.54000E+02, 0.38000E+02, 0.20850E+03, 0.10597E+01, 0.18372E-02
 0.55000E+02, 0.38000E+02, 0.20436E+03, 0.10756E+01, 0.17943E-02
 0.56000E+02, 0.38000E+02, 0.20864E+03, 0.12710E+01, 0.15321E-02
 0.57000E+02, 0.38000E+02, 0.21808E+03, 0.15017E+01, 0.13221E-02
 0.58000E+02, 0.38000E+02, 0.20013E+03, 0.99419E+00, 0.19241E-02
 0.59000E+02, 0.38000E+02, 0.20484E+03, 0.73288E+00, 0.26361E-02
 0.60000E+02, 0.38000E+02, 0.20836E+03, 0.42761E+00, 0.45513E-02
 0.61000E+02, 0.38000E+02, 0.21045E+03, 0.39479E+00, 0.49511E-02
 0.62000E+02, 0.38000E+02, 0.21005E+03, 0.38757E+00, 0.50391E-02
 0.63000E+02, 0.38000E+02, 0.21047E+03, 0.39804E+00, 0.49108E-02
 0.64000E+02, 0.38000E+02, 0.20703E+03, 0.39435E+00, 0.49214E-02
 0.65000E+02, 0.38000E+02, 0.19082E+03, 0.39922E+00, 0.46974E-02
 0.00000E+00, 0.39000E+02, 0.34944E+03, 0.21449E+00, 0.11732E-01
 0.10000E+01, 0.39000E+02, 0.27924E+03, 0.26828E+00, 0.83223E-02
 0.20000E+01, 0.39000E+02, 0.24825E+03, 0.31220E+00, 0.67501E-02
 0.30000E+01, 0.39000E+02, 0.24916E+03, 0.31358E+00, 0.67323E-02
 0.40000E+01, 0.39000E+02, 0.24334E+03, 0.35117E+00, 0.59447E-02
 0.50000E+01, 0.39000E+02, 0.23991E+03, 0.33069E+00, 0.62708E-02
 0.60000E+01, 0.39000E+02, 0.23799E+03, 0.39412E+00, 0.52419E-02
 0.70000E+01, 0.39000E+02, 0.23655E+03, 0.37902E+00, 0.54354E-02
 0.80000E+01, 0.39000E+02, 0.23666E+03, 0.63848E+00, 0.32273E-02
 0.90000E+01, 0.39000E+02, 0.24045E+03, 0.34030E+00, 0.61002E-02
 0.10000E+02, 0.39000E+02, 0.24086E+03, 0.32314E+00, 0.64292E-02
 0.11000E+02, 0.39000E+02, 0.24067E+03, 0.30704E+00, 0.67638E-02
 0.12000E+02, 0.39000E+02, 0.23999E+03, 0.27857E+00, 0.74453E-02
 0.13000E+02, 0.39000E+02, 0.24062E+03, 0.28906E+00, 0.71838E-02
 0.14000E+02, 0.39000E+02, 0.24138E+03, 0.36615E+00, 0.56797E-02
 0.15000E+02, 0.39000E+02, 0.24488E+03, 0.52917E+00, 0.39567E-02
 0.16000E+02, 0.39000E+02, 0.24967E+03, 0.78566E+00, 0.26897E-02
 0.17000E+02, 0.39000E+02, 0.25684E+03, 0.10717E+01, 0.19989E-02
 0.18000E+02, 0.39000E+02, 0.26108E+03, 0.10804E+01, 0.19986E-02
 0.19000E+02, 0.39000E+02, 0.25979E+03, 0.91632E+00, 0.23508E-02
 0.20000E+02, 0.39000E+02, 0.26094E+03, 0.92728E+00, 0.23280E-02
 0.21000E+02, 0.39000E+02, 0.26168E+03, 0.91777E+00, 0.23554E-02
 0.22000E+02, 0.39000E+02, 0.26407E+03, 0.98137E+00, 0.22126E-02
 0.23000E+02, 0.39000E+02, 0.26346E+03, 0.96498E+00, 0.22476E-02
 0.24000E+02, 0.39000E+02, 0.25849E+03, 0.82230E+00, 0.26131E-02
 0.25000E+02, 0.39000E+02, 0.25563E+03, 0.12867E+01, 0.16610E-02
 0.26000E+02, 0.39000E+02, 0.26171E+03, 0.20368E+01, 0.10614E-02
 0.27000E+02, 0.39000E+02, 0.26720E+03, 0.12806E+01, 0.17055E-02
 0.28000E+02, 0.39000E+02, 0.26939E+03, 0.11221E+01, 0.19542E-02
 0.29000E+02, 0.39000E+02, 0.26869E+03, 0.16942E+01, 0.12927E-02
 0.30000E+02, 0.39000E+02, 0.25951E+03, 0.22215E+01, 0.96914E-03
 0.31000E+02, 0.39000E+02, 0.25299E+03, 0.20921E+01, 0.10165E-02
 0.32000E+02, 0.39000E+02, 0.27166E+03, 0.25726E+01, 0.85595E-03
 0.33000E+02, 0.39000E+02, 0.28513E+03, 0.31765E+01, 0.71037E-03
 0.34000E+02, 0.39000E+02, 0.29519E+03, 0.45130E+01, 0.50900E-03
 0.35000E+02, 0.39000E+02, 0.29658E+03, 0.44288E+01, 0.51996E-03
 0.36000E+02, 0.39000E+02, 0.29939E+03, 0.48704E+01, 0.47514E-03
 0.37000E+02, 0.39000E+02, 0.29493E+03, 0.39118E+01, 0.58696E-03
 0.38000E+02, 0.39000E+02, 0.29799E+03, 0.42230E+01, 0.54664E-03
 0.39000E+02, 0.39000E+02, 0.30250E+03, 0.46382E+01, 0.50163E-03
 0.40000E+02, 0.39000E+02, 0.30474E+03, 0.46837E+01, 0.49870E-03
 0.41000E+02, 0.39000E+02, 0.30569E+03, 0.48348E+01, 0.48390E-03
 0.42000E+02, 0.39000E+02, 0.31720E+03, 0.54829E+01, 0.43519E-03
 0.43000E+02, 0.39000E+02, 0.32828E+03, 0.68665E+01, 0.35402E-03
 0.44000E+02, 0.39000E+02, 0.32875E+03, 0.65023E+01, 0.37414E-03
 0.45000E+02, 0.39000E+02, 0.31652E+03, 0.48419E+01, 0.49223E-03
 0.46000E+02, 0.39000E+02, 0.33658E+03, 0.43984E+01, 0.56030E-03
 0.47000E+02, 0.39000E+02, 0.33754E+03, 0.44067E+01, 0.56012E-03
 0.48000E+02, 0.39000E+02, 0.24501E+03, 0.19820E+01, 0.10567E-02
 0.49000E+02, 0.39000E+02, 0.23494E+03, 0.17601E+01, 0.11667E-02
 0.50000E+02, 0.39000E+02, 0.22949E+03, 0.19606E+01, 0.10362E-02
 0.51000E+02, 0.39000E+02, 0.24547E+03, 0.27326E+01, 0.76711E-03
 0.52000E+02, 0.39000E+02, 0.25048E+03, 0.23680E+01, 0.89375E-03
 0.53000E+02, 0.39000E+02, 0.21668E+03, 0.12801E+01, 0.15466E-02
 0.54000E+02, 0.39000E+02, 0.20320E+03, 0.96354E+00, 0.19982E-02
 0.55000E+02, 0.39000E+02, 0.22284E+03, 0.13359E+01, 0.15007E-02
 0.56000E+02, 0.39000E+02, 0.21019E+03, 0.11924E+01, 0.16383E-02
 0.57000E+02, 0.39000E+02, 0.20749E+03, 0.11546E+01, 0.16825E-02
 0.58000E+02, 0.39000E+02, 0.20890E+03, 0.11225E+01, 0.17357E-02
 0.59000E+02, 0.39000E+02, 0.21559E+03, 0.11964E+01, 0.16511E-02
 0.60000E+02, 0.39000E+02, 0.21026E+03, 0.64118E+00, 0.30473E-02
 0.61000E+02, 0.39000E+02, 0.20865E+03, 0.67555E+00, 0.28826E-02
 0.62000E+02, 0.39000E+02, 0.20912E+03, 0.52351E+00, 0.37235E-02
 0.63000E+02, 0.39000E+02, 0.21074E+03, 0.54160E+00, 0.36111E-02
 0.64000E+02, 0.39000E+02, 0.21085E+03, 0.72701E+00, 0.26908E-02
 0.65000E+02, 0.39000E+02, 0.20243E+03, 0.46361E+00, 0.41463E-02
 0.00000E+00, 0.40000E+02, 0.31613E+03, 0.27774E+00, 0.85757E-02
 0.10000E+01, 0.40000E+02, 0.26638E+03, 0.35891E+00, 0.60759E-02
 0.20000E+01, 0.40000E+02, 0.28063E+03, 0.32305E+00, 0.69286E-02
 0.30000E+01, 0.40000E+02, 0.28302E+03, 0.32172E+00, 0.69872E-02
 0.40000E+01, 0.40000E+02, 0.28511E+03, 0.31613E+00, 0.71375E-02
 0.50000E+01, 0.40000E+02, 0.27721E+03, 0.31008E+00, 0.71738E-02
 0.60000E+01, 0.40000E+02, 0.22416E+03, 0.64705E+00, 0.31065E-02
 0.70000E+01, 0.40000E+02, 0.23310E+03, 0.55179E+00, 0.37083E-02
 0.80000E+01, 0.40000E+02, 0.23968E+03, 0.10717E+01, 0.19342E-02
 0.90000E+01, 0.40000E+02, 0.24865E+03, 0.59647E+00, 0.35359E-02
 0.10000E+02, 0.40000E+02, 0.24375E+03, 0.35109E+00, 0.59508E-02
 0.11000E+02, 0.40000E+02, 0.23942E+03, 0.27695E+00, 0.74805E-02
 0.12000E+02, 0.40000E+02, 0.24235E+03, 0.33697E+00, 0.61833E-02
 0.13000E+02, 0.40000E+02, 0.24350E+03, 0.38384E+00, 0.54403E-02
 0.14000E+02, 0.40000E+02, 0.24585E+03, 0.48262E+00, 0.43465E-02
 0.15000E+02, 0.40000E+02, 0.24810E+03, 0.56533E+00, 0.37267E-02
 0.16000E+02, 0.40000E+02, 0.26219E+03, 0.97451E+00, 0.22204E-02
 0.17000E+02, 0.40000E+02, 0.26467E+03, 0.10881E+01, 0.19977E-02
 0.18000E+02, 0.40000E+02, 0.26454E+03, 0.11319E+01, 0.19201E-02
 0.19000E+02, 0.40000E+02, 0.26269E+03, 0.10946E+01, 0.19786E-02
 0.20000E+02, 0.40000E+02, 0.26476E+03, 0.10602E+01, 0.20506E-02
 0.21000E+02, 0.40000E+02, 0.26607E+03, 0.11064E+01, 0.19698E-02
 0.22000E+02, 0.40000E+02, 0.26190E+03, 0.92960E+00, 0.23264E-02
 0.23000E+02, 0.40000E+02, 0.26210E+03, 0.83493E+00, 0.25911E-02
 0.24000E+02, 0.40000E+02, 0.25757E+03, 0.75728E+00, 0.28326E-02
 0.25000E+02, 0.40000E+02, 0.25550E+03, 0.10604E+01, 0.20150E-02
 0.26000E+02, 0.40000E+02, 0.26157E+03, 0.13230E+01, 0.16336E-02
 0.27000E+02, 0.40000E+02, 0.26742E+03, 0.11216E+01, 0.19479E-02
 0.28000E+02, 0.40000E+02, 0.26810E+03, 0.98796E+00, 0.22143E-02
 0.29000E+02, 0.40000E+02, 0.26825E+03, 0.15472E+01, 0.14143E-02
 0.30000E+02, 0.40000E+02, 0.25571E+03, 0.16184E+01, 0.13208E-02
 0.31000E+02, 0.40000E+02, 0.24773E+03, 0.17713E+01, 0.11886E-02
 0.32000E+02, 0.40000E+02, 0.26025E+03, 0.21252E+01, 0.10145E-02
 0.33000E+02, 0.40000E+02, 0.27519E+03, 0.25816E+01, 0.85851E-03
 0.34000E+02, 0.40000E+02, 0.28144E+03, 0.31126E+01, 0.72016E-03
 0.35000E+02, 0.40000E+02, 0.28742E+03, 0.37336E+01, 0.60685E-03
 0.36000E+02, 0.40000E+02, 0.29028E+03, 0.38420E+01, 0.59273E-03
 0.37000E+02, 0.40000E+02, 0.29080E+03, 0.36896E+01, 0.61779E-03
 0.38000E+02, 0.40000E+02, 0.29872E+03, 0.47599E+01, 0.48560E-03
 0.39000E+02, 0.40000E+02, 0.30643E+03, 0.53582E+01, 0.43719E-03
 0.40000E+02, 0.40000E+02, 0.30563E+03, 0.50068E+01, 0.46723E-03
 0.41000E+02, 0.40000E+02, 0.30694E+03, 0.49561E+01, 0.47308E-03
 0.42000E+02, 0.40000E+02, 0.31851E+03, 0.60451E+01, 0.39560E-03
 0.43000E+02, 0.40000E+02, 0.32610E+03, 0.68938E+01, 0.35134E-03
 0.44000E+02, 0.40000E+02, 0.32615E+03, 0.68290E+01, 0.35470E-03
 0.45000E+02, 0.40000E+02, 0.34806E+03, 0.62352E+01, 0.40268E-03
 0.46000E+02, 0.40000E+02, 0.36753E+03, 0.46252E+01, 0.55987E-03
 0.47000E+02, 0.40000E+02, 0.36868E+03, 0.47533E+01, 0.54576E-03
 0.48000E+02, 0.40000E+02, 0.33563E+03, 0.28459E+01, 0.86460E-03
 0.49000E+02, 0.40000E+02, 0.27398E+03, 0.17204E+01, 0.12854E-02
 0.50000E+02, 0.40000E+02, 0.22775E+03, 0.16851E+01, 0.12014E-02
 0.51000E+02, 0.40000E+02, 0.24498E+03, 0.23636E+01, 0.88600E-03
 0.52000E+02, 0.40000E+02, 0.25161E+03, 0.25151E+01, 0.84329E-03
 0.53000E+02, 0.40000E+02, 0.21300E+03, 0.11025E+01, 0.17823E-02
 0.54000E+02, 0.40000E+02, 0.20591E+03, 0.99273E+00, 0.19505E-02
 0.55000E+02, 0.40000E+02, 0.22886E+03, 0.13746E+01, 0.14761E-02
 0.56000E+02, 0.40000E+02, 0.22562E+03, 0.13539E+01, 0.14890E-02
 0.57000E+02, 0.40000E+02, 0.21390E+03, 0.12240E+01, 0.16083E-02
 0.58000E+02, 0.40000E+02, 0.22040E+03, 0.13897E+01, 0.14354E-02
 0.59000E+02, 0.40000E+02, 0.21662E+03, 0.11146E+01, 0.17761E-02
 0.60000E+02, 0.40000E+02, 0.21706E+03, 0.11345E+01, 0.17465E-02
 0.61000E+02, 0.40000E+02, 0.21347E+03, 0.10594E+01, 0.18566E-02
 0.62000E+02, 0.40000E+02, 0.21269E+03, 0.82732E+00, 0.23735E-02
 0.63000E+02, 0.40000E+02, 0.21485E+03, 0.72275E+00, 0.27291E-02
 0.64000E+02, 0.40000E+02, 0.21491E+03, 0.80930E+00, 0.24375E-02
 0.65000E+02, 0.40000E+02, 0.20919E+03, 0.56707E+00, 0.34379E-02
 0.00000E+00, 0.41000E+02, 0.30673E+03, 0.29154E+00, 0.80393E-02
 0.10000E+01, 0.41000E+02, 0.28823E+03, 0.31329E+00, 0.72425E-02
 0.20000E+01, 0.41000E+02, 0.31232E+03, 0.26490E+00, 0.89331E-02
 0.30000E+01, 0.41000E+02, 0.31263E+03, 0.26325E+00, 0.89940E-02
 0.40000E+01, 0.41000E+02, 0.32900E+03, 0.24171E+00, 0.10069E-01
 0.50000E+01, 0.41000E+02, 0.29299E+03, 0.27896E+00, 0.82027E-02
 0.60000E+01, 0.41000E+02, 0.21527E+03, 0.67579E+00, 0.29212E-02
 0.70000E+01, 0.41000E+02, 0.21103E+03, 0.66012E+00, 0.29646E-02
 0.80000E+01, 0.41000E+02, 0.22506E+03, 0.10981E+01, 0.18338E-02
 0.90000E+01, 0.41000E+02, 0.25639E+03, 0.12224E+01, 0.17510E-02
 0.10000E+02, 0.41000E+02, 0.25905E+03, 0.95750E+00, 0.22465E-02
 0.11000E+02, 0.41000E+02, 0.25237E+03, 0.64084E+00, 0.33145E-02
 0.12000E+02, 0.41000E+02, 0.25075E+03, 0.58221E+00, 0.36370E-02
 0.13000E+02, 0.41000E+02, 0.25756E+03, 0.84015E+00, 0.25532E-02
 0.14000E+02, 0.41000E+02, 0.25546E+03, 0.73127E+00, 0.29217E-02
 0.15000E+02, 0.41000E+02, 0.25888E+03, 0.81615E+00, 0.26348E-02
 0.16000E+02, 0.41000E+02, 0.26722E+03, 0.98271E+00, 0.22225E-02
 0.17000E+02, 0.41000E+02, 0.26726E+03, 0.10489E+01, 0.20823E-02
 0.18000E+02, 0.41000E+02, 0.26790E+03, 0.11796E+01, 0.18539E-02
 0.19000E+02, 0.41000E+02, 0.26491E+03, 0.10466E+01, 0.20779E-02
 0.20000E+02, 0.41000E+02, 0.26756E+03, 0.98559E+00, 0.22174E-02
 0.21000E+02, 0.41000E+02, 0.26907E+03, 0.99906E+00, 0.21936E-02
 0.22000E+02, 0.41000E+02, 0.26024E+03, 0.88503E+00, 0.24359E-02
 0.23000E+02, 0.41000E+02, 0.24667E+03, 0.80999E+00, 0.25939E-02
 0.24000E+02, 0.41000E+02, 0.24312E+03, 0.93600E+00, 0.22293E-02
 0.25000E+02, 0.41000E+02, 0.24292E+03, 0.87812E+00, 0.23754E-02
 0.26000E+02, 0.41000E+02, 0.25086E+03, 0.80472E+00, 0.26319E-02
 0.27000E+02, 0.41000E+02, 0.26118E+03, 0.78666E+00, 0.27454E-02
 0.28000E+02, 0.41000E+02, 0.26414E+03, 0.10107E+01, 0.21487E-02
 0.29000E+02, 0.41000E+02, 0.25838E+03, 0.13335E+01, 0.16110E-02
 0.30000E+02, 0.41000E+02, 0.25012E+03, 0.16275E+01, 0.12995E-02
 0.31000E+02, 0.41000E+02, 0.25940E+03, 0.19758E+01, 0.10894E-02
 0.32000E+02, 0.41000E+02, 0.26965E+03, 0.23241E+01, 0.94398E-03
 0.33000E+02, 0.41000E+02, 0.27101E+03, 0.25436E+01, 0.86468E-03
 0.34000E+02, 0.41000E+02, 0.27135E+03, 0.27192E+01, 0.80936E-03
 0.35000E+02, 0.41000E+02, 0.27994E+03, 0.30186E+01, 0.74057E-03
 0.36000E+02, 0.41000E+02, 0.28559E+03, 0.31561E+01, 0.71555E-03
 0.37000E+02, 0.41000E+02, 0.29465E+03, 0.33218E+01, 0.69088E-03
 0.38000E+02, 0.41000E+02, 0.29552E+03, 0.30221E+01, 0.76057E-03
 0.39000E+02, 0.41000E+02, 0.30241E+03, 0.49798E+01, 0.46715E-03
 0.40000E+02, 0.41000E+02, 0.30853E+03, 0.55545E+01, 0.42327E-03
 0.41000E+02, 0.41000E+02, 0.31396E+03, 0.58721E+01, 0.40411E-03
 0.42000E+02, 0.41000E+02, 0.32518E+03, 0.64580E+01, 0.37448E-03
 0.43000E+02, 0.41000E+02, 0.31640E+03, 0.61306E+01, 0.38869E-03
 0.44000E+02, 0.41000E+02, 0.31776E+03, 0.71562E+01, 0.33375E-03
 0.45000E+02, 0.41000E+02, 0.33311E+03, 0.70747E+01, 0.34636E-03
 0.46000E+02, 0.41000E+02, 0.40404E+03, 0.91651E+01, 0.29864E-03
 0.47000E+02, 0.41000E+02, 0.40615E+03, 0.73870E+01, 0.37168E-03
 0.48000E+02, 0.41000E+02, 0.35866E+03, 0.32646E+01, 0.78223E-03
 0.49000E+02, 0.41000E+02, 0.29734E+03, 0.20175E+01, 0.11429E-02
 0.50000E+02, 0.41000E+02, 0.23115E+03, 0.13566E+01, 0.15025E-02
 0.51000E+02, 0.41000E+02, 0.24602E+03, 0.19232E+01, 0.10911E-02
 0.52000E+02, 0.41000E+02, 0.23961E+03, 0.18718E+01, 0.11072E-02
 0.53000E+02, 0.41000E+02, 0.21140E+03, 0.10762E+01, 0.18198E-02
 0.54000E+02, 0.41000E+02, 0.21975E+03, 0.12268E+01, 0.16239E-02
 0.55000E+02, 0.41000E+02, 0.23703E+03, 0.14705E+01, 0.14023E-02
 0.56000E+02, 0.41000E+02, 0.24036E+03, 0.15684E+01, 0.13234E-02
 0.57000E+02, 0.41000E+02, 0.22435E+03, 0.12739E+01, 0.15785E-02
 0.58000E+02, 0.41000E+02, 0.22668E+03, 0.12209E+01, 0.16547E-02
 0.59000E+02, 0.41000E+02, 0.21940E+03, 0.94564E+00, 0.21052E-02
 0.60000E+02, 0.41000E+02, 0.21244E+03, 0.83482E+00, 0.23510E-02
 0.61000E+02, 0.41000E+02, 0.20861E+03, 0.70497E+00, 0.27621E-02
 0.62000E+02, 0.41000E+02, 0.21212E+03, 0.66406E+00, 0.29536E-02
 0.63000E+02, 0.41000E+02, 0.21523E+03, 0.57526E+00, 0.34314E-02
 0.64000E+02, 0.41000E+02, 0.21277E+03, 0.59384E+00, 0.33073E-02
 0.65000E+02, 0.41000E+02, 0.20367E+03, 0.47945E+00, 0.40197E-02
 0.00000E+00, 0.42000E+02, 0.31633E+03, 0.28866E+00, 0.82539E-02
 0.10000E+01, 0.42000E+02, 0.31196E+03, 0.27602E+00, 0.85678E-02
 0.20000E+01, 0.42000E+02, 0.34278E+03, 0.24948E+00, 0.99787E-02
 0.30000E+01, 0.42000E+02, 0.34978E+03, 0.23011E+00, 0.10942E-01
 0.40000E+01, 0.42000E+02, 0.33736E+03, 0.22975E+00, 0.10740E-01
 0.50000E+01, 0.42000E+02, 0.32687E+03, 0.21825E+00, 0.11112E-01
 0.60000E+01, 0.42000E+02, 0.21617E+03, 0.59939E+00, 0.32997E-02
 0.70000E+01, 0.42000E+02, 0.20578E+03, 0.63628E+00, 0.30423E-02
 0.80000E+01, 0.42000E+02, 0.22813E+03, 0.10108E+01, 0.20043E-02
 0.90000E+01, 0.42000E+02, 0.25565E+03, 0.10677E+01, 0.20018E-02
 0.10000E+02, 0.42000E+02, 0.26292E+03, 0.10473E+01, 0.20688E-02
 0.11000E+02, 0.42000E+02, 0.26441E+03, 0.10853E+01, 0.20019E-02
 0.12000E+02, 0.42000E+02, 0.26424E+03, 0.10875E+01, 0.19972E-02
 0.13000E+02, 0.42000E+02, 0.26291E+03, 0.10724E+01, 0.20204E-02
 0.14000E+02, 0.42000E+02, 0.26275E+03, 0.92932E+00, 0.23308E-02
 0.15000E+02, 0.42000E+02, 0.26576E+03, 0.84247E+00, 0.25855E-02
 0.16000E+02, 0.42000E+02, 0.26852E+03, 0.89850E+00, 0.24366E-02
 0.17000E+02, 0.42000E+02, 0.26827E+03, 0.10293E+01, 0.21261E-02
 0.18000E+02, 0.42000E+02, 0.26896E+03, 0.10593E+01, 0.20685E-02
 0.19000E+02, 0.42000E+02, 0.26631E+03, 0.10534E+01, 0.20699E-02
 0.20000E+02, 0.42000E+02, 0.26673E+03, 0.89450E+00, 0.24395E-02
 0.21000E+02, 0.42000E+02, 0.26432E+03, 0.82299E+00, 0.26396E-02
 0.22000E+02, 0.42000E+02, 0.25881E+03, 0.81071E+00, 0.26521E-02
 0.23000E+02, 0.42000E+02, 0.24680E+03, 0.91804E+00, 0.22892E-02
 0.24000E+02, 0.42000E+02, 0.24347E+03, 0.11904E+01, 0.17541E-02
 0.25000E+02, 0.42000E+02, 0.24145E+03, 0.10775E+01, 0.19303E-02
 0.26000E+02, 0.42000E+02, 0.24833E+03, 0.65546E+00, 0.32156E-02
 0.27000E+02, 0.42000E+02, 0.25683E+03, 0.69112E+00, 0.30994E-02
 0.28000E+02, 0.42000E+02, 0.25840E+03, 0.10151E+01, 0.21164E-02
 0.29000E+02, 0.42000E+02, 0.25772E+03, 0.11537E+01, 0.18598E-02
 0.30000E+02, 0.42000E+02, 0.25588E+03, 0.13796E+01, 0.15499E-02
 0.31000E+02, 0.42000E+02, 0.26139E+03, 0.19776E+01, 0.10925E-02
 0.32000E+02, 0.42000E+02, 0.26181E+03, 0.20587E+01, 0.10503E-02
 0.33000E+02, 0.42000E+02, 0.24037E+03, 0.16580E+01, 0.12518E-02
 0.34000E+02, 0.42000E+02, 0.26580E+03, 0.23508E+01, 0.92662E-03
 0.35000E+02, 0.42000E+02, 0.27113E+03, 0.23454E+01, 0.93797E-03
 0.36000E+02, 0.42000E+02, 0.27830E+03, 0.18980E+01, 0.11743E-02
 0.37000E+02, 0.42000E+02, 0.26126E+03, 0.99340E+00, 0.21744E-02
 0.38000E+02, 0.42000E+02, 0.25796E+03, 0.83371E+00, 0.25748E-02
 0.39000E+02, 0.42000E+02, 0.29505E+03, 0.34182E+01, 0.67186E-03
 0.40000E+02, 0.42000E+02, 0.30881E+03, 0.58089E+01, 0.40493E-03
 0.41000E+02, 0.42000E+02, 0.31577E+03, 0.61526E+01, 0.38688E-03
 0.42000E+02, 0.42000E+02, 0.32090E+03, 0.59041E+01, 0.40668E-03
 0.43000E+02, 0.42000E+02, 0.32260E+03, 0.53406E+01, 0.45088E-03
 0.44000E+02, 0.42000E+02, 0.31916E+03, 0.53046E+01, 0.45131E-03
 0.45000E+02, 0.42000E+02, 0.32171E+03, 0.51327E+01, 0.46843E-03
 0.46000E+02, 0.42000E+02, 0.34914E+03, 0.49327E+01, 0.50990E-03
 0.47000E+02, 0.42000E+02, 0.46346E+03, 0.30000E+02, 0.66430E-04
 0.48000E+02, 0.42000E+02, 0.48444E+03, 0.25261E+02, 0.12122E-03
 0.49000E+02, 0.42000E+02, 0.43209E+03, 0.55138E+01, 0.51697E-03
 0.50000E+02, 0.42000E+02, 0.25181E+03, 0.14340E+01, 0.14796E-02
 0.51000E+02, 0.42000E+02, 0.23076E+03, 0.18208E+01, 0.11186E-02
 0.52000E+02, 0.42000E+02, 0.23183E+03, 0.18379E+01, 0.11105E-02
 0.53000E+02, 0.42000E+02, 0.22209E+03, 0.13459E+01, 0.14872E-02
 0.54000E+02, 0.42000E+02, 0.23689E+03, 0.14126E+01, 0.14594E-02
 0.55000E+02, 0.42000E+02, 0.23832E+03, 0.14672E+01, 0.14091E-02
 0.56000E+02, 0.42000E+02, 0.23673E+03, 0.14818E+01, 0.13907E-02
 0.57000E+02, 0.42000E+02, 0.23233E+03, 0.14156E+01, 0.14433E-02
 0.58000E+02, 0.42000E+02, 0.23137E+03, 0.13200E+01, 0.15448E-02
 0.59000E+02, 0.42000E+02, 0.22817E+03, 0.11656E+01, 0.17383E-02
 0.60000E+02, 0.42000E+02, 0.23085E+03, 0.12787E+01, 0.15930E-02
 0.61000E+02, 0.42000E+02, 0.22084E+03, 0.93969E+00, 0.21247E-02
 0.62000E+02, 0.42000E+02, 0.20212E+03, 0.72499E+00, 0.26496E-02
 0.63000E+02, 0.42000E+02, 0.20956E+03, 0.57075E+00, 0.34183E-02
 0.64000E+02, 0.42000E+02, 0.20842E+03, 0.50244E+00, 0.38740E-02
 0.65000E+02, 0.42000E+02, 0.20364E+03, 0.52563E+00, 0.36663E-02
 0.00000E+00, 0.43000E+02, 0.49621E+03, 0.28994E+00, 0.10725E-01
 0.10000E+01, 0.43000E+02, 0.41521E+03, 0.25956E+00, 0.10719E-01
 0.20000E+01, 0.43000E+02, 0.36577E+03, 0.24705E+00, 0.10453E-01
 0.30000E+01, 0.43000E+02, 0.35294E+03, 0.22167E+00, 0.11416E-01
 0.40000E+01, 0.43000E+02, 0.33585E+03, 0.22798E+00, 0.10797E-01
 0.50000E+01, 0.43000E+02, 0.31101E+03, 0.22912E+00, 0.10305E-01
 0.60000E+01, 0.43000E+02, 0.21302E+03, 0.62147E+00, 0.31619E-02
 0.70000E+01, 0.43000E+02, 0.20514E+03, 0.63064E+00, 0.30654E-02
 0.80000E+01, 0.43000E+02, 0.22856E+03, 0.99634E+00, 0.20353E-02
 0.90000E+01, 0.43000E+02, 0.24597E+03, 0.10178E+01, 0.20616E-02
 0.10000E+02, 0.43000E+02, 0.26107E+03, 0.98951E+00, 0.21821E-02
 0.11000E+02, 0.43000E+02, 0.26499E+03, 0.95416E+00, 0.22796E-02
 0.12000E+02, 0.43000E+02, 0.26425E+03, 0.89743E+00, 0.24203E-02
 0.13000E+02, 0.43000E+02, 0.26159E+03, 0.83938E+00, 0.25749E-02
 0.14000E+02, 0.43000E+02, 0.26410E+03, 0.80716E+00, 0.26903E-02
 0.15000E+02, 0.43000E+02, 0.26609E+03, 0.90699E+00, 0.24030E-02
 0.16000E+02, 0.43000E+02, 0.26794E+03, 0.92585E+00, 0.23622E-02
 0.17000E+02, 0.43000E+02, 0.26907E+03, 0.98338E+00, 0.22286E-02
 0.18000E+02, 0.43000E+02, 0.26918E+03, 0.10173E+01, 0.21546E-02
 0.19000E+02, 0.43000E+02, 0.26663E+03, 0.88218E+00, 0.24731E-02
 0.20000E+02, 0.43000E+02, 0.26225E+03, 0.89855E+00, 0.24083E-02
 0.21000E+02, 0.43000E+02, 0.25504E+03, 0.10105E+01, 0.21126E-02
 0.22000E+02, 0.43000E+02, 0.25133E+03, 0.83248E+00, 0.25465E-02
 0.23000E+02, 0.43000E+02, 0.24986E+03, 0.96040E+00, 0.22011E-02
 0.24000E+02, 0.43000E+02, 0.24710E+03, 0.13293E+01, 0.15819E-02
 0.25000E+02, 0.43000E+02, 0.24295E+03, 0.16145E+01, 0.12920E-02
 0.26000E+02, 0.43000E+02, 0.23917E+03, 0.15071E+01, 0.13739E-02
 0.27000E+02, 0.43000E+02, 0.24105E+03, 0.13401E+01, 0.15509E-02
 0.28000E+02, 0.43000E+02, 0.24738E+03, 0.13572E+01, 0.15502E-02
 0.29000E+02, 0.43000E+02, 0.25559E+03, 0.14876E+01, 0.14366E-02
 0.30000E+02, 0.43000E+02, 0.25564E+03, 0.17648E+01, 0.12110E-02
 0.31000E+02, 0.43000E+02, 0.25455E+03, 0.17732E+01, 0.12028E-02
 0.32000E+02, 0.43000E+02, 0.24819E+03, 0.14575E+01, 0.14458E-02
 0.33000E+02, 0.43000E+02, 0.22962E+03, 0.10704E+01, 0.18985E-02
 0.34000E+02, 0.43000E+02, 0.22064E+03, 0.10720E+01, 0.18617E-02
 0.35000E+02, 0.43000E+02, 0.26089E+03, 0.17065E+01, 0.12649E-02
 0.36000E+02, 0.43000E+02, 0.28093E+03, 0.25166E+01, 0.88990E-03
 0.37000E+02, 0.43000E+02, 0.26229E+03, 0.10058E+01, 0.21517E-02
 0.38000E+02, 0.43000E+02, 0.26061E+03, 0.87774E+00, 0.24579E-02
 0.39000E+02, 0.43000E+02, 0.27089E+03, 0.10617E+01, 0.20711E-02
 0.40000E+02, 0.43000E+02, 0.28888E+03, 0.20076E+01, 0.11315E-02
 0.41000E+02, 0.43000E+02, 0.30625E+03, 0.57979E+01, 0.40391E-03
 0.42000E+02, 0.43000E+02, 0.30058E+03, 0.50691E+01, 0.45746E-03
 0.43000E+02, 0.43000E+02, 0.30363E+03, 0.50863E+01, 0.45833E-03
 0.44000E+02, 0.43000E+02, 0.32895E+03, 0.54514E+01, 0.44641E-03
 0.45000E+02, 0.43000E+02, 0.33061E+03, 0.49012E+01, 0.49790E-03
 0.46000E+02, 0.43000E+02, 0.33410E+03, 0.43701E+01, 0.56164E-03
 0.47000E+02, 0.43000E+02, 0.47710E+03, 0.30000E+02, 0.38081E-04
 0.48000E+02, 0.43000E+02, 0.45635E+03, 0.62903E+01, 0.46873E-03
 0.49000E+02, 0.43000E+02, 0.37550E+03, 0.28975E+01, 0.90481E-03
 0.50000E+02, 0.43000E+02, 0.27553E+03, 0.16566E+01, 0.13387E-02
 0.51000E+02, 0.43000E+02, 0.25107E+03, 0.15609E+01, 0.13575E-02
 0.52000E+02, 0.43000E+02, 0.23609E+03, 0.18162E+01, 0.11333E-02
 0.53000E+02, 0.43000E+02, 0.24317E+03, 0.15202E+01, 0.13728E-02
 0.54000E+02, 0.43000E+02, 0.24613E+03, 0.15611E+01, 0.13445E-02
 0.55000E+02, 0.43000E+02, 0.24680E+03, 0.16156E+01, 0.13008E-02
 0.56000E+02, 0.43000E+02, 0.24784E+03, 0.16704E+01, 0.12606E-02
 0.57000E+02, 0.43000E+02, 0.24474E+03, 0.16556E+01, 0.12643E-02
 0.58000E+02, 0.43000E+02, 0.24304E+03, 0.16298E+01, 0.12802E-02
 0.59000E+02, 0.43000E+02, 0.24088E+03, 0.15809E+01, 0.13142E-02
 0.60000E+02, 0.43000E+02, 0.24005E+03, 0.15994E+01, 0.12969E-02
 0.61000E+02, 0.43000E+02, 0.23190E+03, 0.13594E+01, 0.15016E-02
 0.62000E+02, 0.43000E+02, 0.20278E+03, 0.82671E+00, 0.23268E-02
 0.63000E+02, 0.43000E+02, 0.19797E+03, 0.66471E+00, 0.28647E-02
 0.64000E+02, 0.43000E+02, 0.20856E+03, 0.53290E+00, 0.36535E-02
 0.65000E+02, 0.43000E+02, 0.20538E+03, 0.50474E+00, 0.38320E-02
 0.00000E+00, 0.44000E+02, 0.53412E+03, 0.27166E+00, 0.12011E-01
 0.10000E+01, 0.44000E+02, 0.38509E+03, 0.25220E+00, 0.10549E-01
 0.20000E+01, 0.44000E+02, 0.34902E+03, 0.23751E+00, 0.10588E-01
 0.30000E+01, 0.44000E+02, 0.34851E+03, 0.21126E+00, 0.11893E-01
 0.40000E+01, 0.44000E+02, 0.34429E+03, 0.22103E+00, 0.11291E-01
 0.50000E+01, 0.44000E+02, 0.29975E+03, 0.23613E+00, 0.98061E-02
 0.60000E+01, 0.44000E+02, 0.20102E+03, 0.65119E+00, 0.29431E-02
 0.70000E+01, 0.44000E+02, 0.20404E+03, 0.62383E+00, 0.30918E-02
 0.80000E+01, 0.44000E+02, 0.21582E+03, 0.10248E+01, 0.19286E-02
 0.90000E+01, 0.44000E+02, 0.24285E+03, 0.99142E+00, 0.21037E-02
 0.10000E+02, 0.44000E+02, 0.25383E+03, 0.98424E+00, 0.21641E-02
 0.11000E+02, 0.44000E+02, 0.24919E+03, 0.96708E+00, 0.21831E-02
 0.12000E+02, 0.44000E+02, 0.25767E+03, 0.88868E+00, 0.24142E-02
 0.13000E+02, 0.44000E+02, 0.25675E+03, 0.88257E+00, 0.24267E-02
 0.14000E+02, 0.44000E+02, 0.26204E+03, 0.79268E+00, 0.27289E-02
 0.15000E+02, 0.44000E+02, 0.26439E+03, 0.79418E+00, 0.27357E-02
 0.16000E+02, 0.44000E+02, 0.26635E+03, 0.82983E+00, 0.26277E-02
 0.17000E+02, 0.44000E+02, 0.26521E+03, 0.81425E+00, 0.26724E-02
 0.18000E+02, 0.44000E+02, 0.26313E+03, 0.77474E+00, 0.27977E-02
 0.19000E+02, 0.44000E+02, 0.26207E+03, 0.78105E+00, 0.27697E-02
 0.20000E+02, 0.44000E+02, 0.25706E+03, 0.82142E+00, 0.26089E-02
 0.21000E+02, 0.44000E+02, 0.25297E+03, 0.88306E+00, 0.24081E-02
 0.22000E+02, 0.44000E+02, 0.25079E+03, 0.10557E+01, 0.20058E-02
 0.23000E+02, 0.44000E+02, 0.25109E+03, 0.11464E+01, 0.18483E-02
 0.24000E+02, 0.44000E+02, 0.24726E+03, 0.14182E+01, 0.14832E-02
 0.25000E+02, 0.44000E+02, 0.24395E+03, 0.15215E+01, 0.13737E-02
 0.26000E+02, 0.44000E+02, 0.23898E+03, 0.16138E+01, 0.12826E-02
 0.27000E+02, 0.44000E+02, 0.23915E+03, 0.15522E+01, 0.13340E-02
 0.28000E+02, 0.44000E+02, 0.25119E+03, 0.15860E+01, 0.13363E-02
 0.29000E+02, 0.44000E+02, 0.25646E+03, 0.16113E+01, 0.13285E-02
 0.30000E+02, 0.44000E+02, 0.25591E+03, 0.19351E+01, 0.11050E-02
 0.31000E+02, 0.44000E+02, 0.24496E+03, 0.15358E+01, 0.13635E-02
 0.32000E+02, 0.44000E+02, 0.23987E+03, 0.13097E+01, 0.15832E-02
 0.33000E+02, 0.44000E+02, 0.24288E+03, 0.11672E+01, 0.17869E-02
 0.34000E+02, 0.44000E+02, 0.23528E+03, 0.10392E+01, 0.19774E-02
 0.35000E+02, 0.44000E+02, 0.23679E+03, 0.10478E+01, 0.19671E-02
 0.36000E+02, 0.44000E+02, 0.27033E+03, 0.16316E+01, 0.13463E-02
 0.37000E+02, 0.44000E+02, 0.28120E+03, 0.18435E+01, 0.12154E-02
 0.38000E+02, 0.44000E+02, 0.28833E+03, 0.25706E+01, 0.88284E-03
 0.39000E+02, 0.44000E+02, 0.28617E+03, 0.22987E+01, 0.98344E-03
 0.40000E+02, 0.44000E+02, 0.28301E+03, 0.19892E+01, 0.11300E-02
 0.41000E+02, 0.44000E+02, 0.29333E+03, 0.33923E+01, 0.67495E-03
 0.42000E+02, 0.44000E+02, 0.29352E+03, 0.42240E+01, 0.54223E-03
 0.43000E+02, 0.44000E+02, 0.30262E+03, 0.37307E+01, 0.62378E-03
 0.44000E+02, 0.44000E+02, 0.30173E+03, 0.34430E+01, 0.67486E-03
 0.45000E+02, 0.44000E+02, 0.31014E+03, 0.37914E+01, 0.62182E-03
 0.46000E+02, 0.44000E+02, 0.33703E+03, 0.44882E+01, 0.54949E-03
 0.47000E+02, 0.44000E+02, 0.47987E+03, 0.30000E+02, 0.37583E-04
 0.48000E+02, 0.44000E+02, 0.41833E+03, 0.42829E+01, 0.65256E-03
 0.49000E+02, 0.44000E+02, 0.30307E+03, 0.18886E+01, 0.12331E-02
 0.50000E+02, 0.44000E+02, 0.26930E+03, 0.16280E+01, 0.13467E-02
 0.51000E+02, 0.44000E+02, 0.24561E+03, 0.14841E+01, 0.14128E-02
 0.52000E+02, 0.44000E+02, 0.23702E+03, 0.13813E+01, 0.14928E-02
 0.53000E+02, 0.44000E+02, 0.24441E+03, 0.15196E+01, 0.13766E-02
 0.54000E+02, 0.44000E+02, 0.23563E+03, 0.13726E+01, 0.14982E-02
 0.55000E+02, 0.44000E+02, 0.24453E+03, 0.15457E+01, 0.13537E-02
 0.56000E+02, 0.44000E+02, 0.24623E+03, 0.15790E+01, 0.13295E-02
 0.57000E+02, 0.44000E+02, 0.23612E+03, 0.14096E+01, 0.14602E-02
 0.58000E+02, 0.44000E+02, 0.23759E+03, 0.14929E+01, 0.13828E-02
 0.59000E+02, 0.44000E+02, 0.23166E+03, 0.13559E+01, 0.15049E-02
 0.60000E+02, 0.44000E+02, 0.22722E+03, 0.12845E+01, 0.15745E-02
 0.61000E+02, 0.44000E+02, 0.22251E+03, 0.11852E+01, 0.16903E-02
 0.62000E+02, 0.44000E+02, 0.19468E+03, 0.82966E+00, 0.22791E-02
 0.63000E+02, 0.44000E+02, 0.19710E+03, 0.68978E+00, 0.27555E-02
 0.64000E+02, 0.44000E+02, 0.20886E+03, 0.53326E+00, 0.36534E-02
 0.65000E+02, 0.44000E+02, 0.20403E+03, 0.47634E+00, 0.40490E-02
 0.00000E+00, 0.45000E+02, 0.61620E+03, 0.24275E+00, 0.14808E-01
 0.10000E+01, 0.45000E+02, 0.43268E+03, 0.27228E+00, 0.10478E-01
 0.20000E+01, 0.45000E+02, 0.33359E+03, 0.21619E+00, 0.11343E-01
 0.30000E+01, 0.45000E+02, 0.34687E+03, 0.19975E+00, 0.12546E-01
 0.40000E+01, 0.45000E+02, 0.34169E+03, 0.20103E+00, 0.12362E-01
 0.50000E+01, 0.45000E+02, 0.32427E+03, 0.22555E+00, 0.10706E-01
 0.60000E+01, 0.45000E+02, 0.20052E+03, 0.67012E+00, 0.28569E-02
 0.70000E+01, 0.45000E+02, 0.19872E+03, 0.63435E+00, 0.30066E-02
 0.80000E+01, 0.45000E+02, 0.22410E+03, 0.97891E+00, 0.20531E-02
 0.90000E+01, 0.45000E+02, 0.24035E+03, 0.95558E+00, 0.21720E-02
 0.10000E+02, 0.45000E+02, 0.24644E+03, 0.95455E+00, 0.22001E-02
 0.11000E+02, 0.45000E+02, 0.24882E+03, 0.95723E+00, 0.22040E-02
 0.12000E+02, 0.45000E+02, 0.23787E+03, 0.97886E+00, 0.21100E-02
 0.13000E+02, 0.45000E+02, 0.23140E+03, 0.97829E+00, 0.20845E-02
 0.14000E+02, 0.45000E+02, 0.23447E+03, 0.90133E+00, 0.22763E-02
 0.15000E+02, 0.45000E+02, 0.24298E+03, 0.85854E+00, 0.24298E-02
 0.16000E+02, 0.45000E+02, 0.24169E+03, 0.91380E+00, 0.22772E-02
 0.17000E+02, 0.45000E+02, 0.24566E+03, 0.91992E+00, 0.22795E-02
 0.18000E+02, 0.45000E+02, 0.24627E+03, 0.10443E+01, 0.20103E-02
 0.19000E+02, 0.45000E+02, 0.24480E+03, 0.10940E+01, 0.19135E-02
 0.20000E+02, 0.45000E+02, 0.24630E+03, 0.92598E+00, 0.22674E-02
 0.21000E+02, 0.45000E+02, 0.24547E+03, 0.99495E+00, 0.21068E-02
 0.22000E+02, 0.45000E+02, 0.24507E+03, 0.11326E+01, 0.18493E-02
 0.23000E+02, 0.45000E+02, 0.24705E+03, 0.13377E+01, 0.15718E-02
 0.24000E+02, 0.45000E+02, 0.24718E+03, 0.15601E+01, 0.13481E-02
 0.25000E+02, 0.45000E+02, 0.24576E+03, 0.16592E+01, 0.12641E-02
 0.26000E+02, 0.45000E+02, 0.23878E+03, 0.16505E+01, 0.12536E-02
 0.27000E+02, 0.45000E+02, 0.23162E+03, 0.14853E+01, 0.13736E-02
 0.28000E+02, 0.45000E+02, 0.23488E+03, 0.13651E+01, 0.15042E-02
 0.29000E+02, 0.45000E+02, 0.23790E+03, 0.13977E+01, 0.14779E-02
 0.30000E+02, 0.45000E+02, 0.23568E+03, 0.14765E+01, 0.13929E-02
 0.31000E+02, 0.45000E+02, 0.23695E+03, 0.13751E+01, 0.14994E-02
 0.32000E+02, 0.45000E+02, 0.24158E+03, 0.14130E+01, 0.14724E-02
 0.33000E+02, 0.45000E+02, 0.24922E+03, 0.15597E+01, 0.13537E-02
 0.34000E+02, 0.45000E+02, 0.24975E+03, 0.15482E+01, 0.13651E-02
 0.35000E+02, 0.45000E+02, 0.24084E+03, 0.11944E+01, 0.17393E-02
 0.36000E+02, 0.45000E+02, 0.26362E+03, 0.14217E+01, 0.15260E-02
 0.37000E+02, 0.45000E+02, 0.27231E+03, 0.23153E+01, 0.95223E-03
 0.38000E+02, 0.45000E+02, 0.27302E+03, 0.23486E+01, 0.93993E-03
 0.39000E+02, 0.45000E+02, 0.26960E+03, 0.27231E+01, 0.80558E-03
 0.40000E+02, 0.45000E+02, 0.27607E+03, 0.18335E+01, 0.12107E-02
 0.41000E+02, 0.45000E+02, 0.28244E+03, 0.23709E+01, 0.94715E-03
 0.42000E+02, 0.45000E+02, 0.27986E+03, 0.25721E+01, 0.86901E-03
 0.43000E+02, 0.45000E+02, 0.31540E+03, 0.35162E+01, 0.67653E-03
 0.44000E+02, 0.45000E+02, 0.33862E+03, 0.50272E+01, 0.49186E-03
 0.45000E+02, 0.45000E+02, 0.30875E+03, 0.32316E+01, 0.72780E-03
 0.46000E+02, 0.45000E+02, 0.36658E+03, 0.54500E+01, 0.47443E-03
 0.47000E+02, 0.45000E+02, 0.46292E+03, 0.30000E+02, 0.85001E-04
 0.48000E+02, 0.45000E+02, 0.36951E+03, 0.30594E+01, 0.84902E-03
 0.49000E+02, 0.45000E+02, 0.26167E+03, 0.16193E+01, 0.13349E-02
 0.50000E+02, 0.45000E+02, 0.25060E+03, 0.15825E+01, 0.13377E-02
 0.51000E+02, 0.45000E+02, 0.23609E+03, 0.15043E+01, 0.13682E-02
 0.52000E+02, 0.45000E+02, 0.23562E+03, 0.15906E+01, 0.12928E-02
 0.53000E+02, 0.45000E+02, 0.23680E+03, 0.16097E+01, 0.12805E-02
 0.54000E+02, 0.45000E+02, 0.24104E+03, 0.16432E+01, 0.12648E-02
 0.55000E+02, 0.45000E+02, 0.24454E+03, 0.15921E+01, 0.13143E-02
 0.56000E+02, 0.45000E+02, 0.23825E+03, 0.14514E+01, 0.14242E-02
 0.57000E+02, 0.45000E+02, 0.23460E+03, 0.14724E+01, 0.13938E-02
 0.58000E+02, 0.45000E+02, 0.22713E+03, 0.12395E+01, 0.16314E-02
 0.59000E+02, 0.45000E+02, 0.21443E+03, 0.10223E+01, 0.19278E-02
 0.60000E+02, 0.45000E+02, 0.21600E+03, 0.10251E+01, 0.19287E-02
 0.61000E+02, 0.45000E+02, 0.21542E+03, 0.10559E+01, 0.18701E-02
 0.62000E+02, 0.45000E+02, 0.20888E+03, 0.85044E+00, 0.22909E-02
 0.63000E+02, 0.45000E+02, 0.19960E+03, 0.73706E+00, 0.25924E-02
 0.64000E+02, 0.45000E+02, 0.20375E+03, 0.55404E+00, 0.34790E-02
 0.65000E+02, 0.45000E+02, 0.20139E+03, 0.46123E+00, 0.41585E-02
 0.00000E+00, 0.46000E+02, 0.16114E+03, 0.24461E+00, 0.71762E-02
 0.10000E+01, 0.46000E+02, 0.16889E+03, 0.24414E+00, 0.73182E-02
 0.20000E+01, 0.46000E+02, 0.17358E+03, 0.23979E+00, 0.75299E-02
 0.30000E+01, 0.46000E+02, 0.17445E+03, 0.22085E+00, 0.81916E-02
 0.40000E+01, 0.46000E+02, 0.17464E+03, 0.21366E+00, 0.84709E-02
 0.50000E+01, 0.46000E+02, 0.17617E+03, 0.21575E+00, 0.84174E-02
 0.60000E+01, 0.46000E+02, 0.17902E+03, 0.21999E+00, 0.83074E-02
 0.70000E+01, 0.46000E+02, 0.17311E+03, 0.23842E+00, 0.75650E-02
 0.80000E+01, 0.46000E+02, 0.20889E+03, 0.53980E+00, 0.36093E-02
 0.90000E+01, 0.46000E+02, 0.21794E+03, 0.59339E+00, 0.33450E-02
 0.10000E+02, 0.46000E+02, 0.21939E+03, 0.64610E+00, 0.30812E-02
 0.11000E+02, 0.46000E+02, 0.21326E+03, 0.59537E+00, 0.33021E-02
 0.12000E+02, 0.46000E+02, 0.19845E+03, 0.48249E+00, 0.39507E-02
 0.13000E+02, 0.46000E+02, 0.18696E+03, 0.37465E+00, 0.49638E-02
 0.14000E+02, 0.46000E+02, 0.18022E+03, 0.34801E+00, 0.52655E-02
 0.15000E+02, 0.46000E+02, 0.17379E+03, 0.34364E+00, 0.52569E-02
 0.16000E+02, 0.46000E+02, 0.16973E+03, 0.35626E+00, 0.50245E-02
 0.17000E+02, 0.46000E+02, 0.16456E+03, 0.33455E+00, 0.52882E-02
 0.18000E+02, 0.46000E+02, 0.11974E+03, 0.36113E+00, 0.43973E-02
 0.19000E+02, 0.46000E+02, 0.11875E+03, 0.40067E+00, 0.39533E-02
 0.20000E+02, 0.46000E+02, 0.12219E+03, 0.40609E+00, 0.39348E-02
 0.21000E+02, 0.46000E+02, 0.12797E+03, 0.38734E+00, 0.41856E-02
 0.22000E+02, 0.46000E+02, 0.17611E+03, 0.75387E+00, 0.24087E-02
 0.23000E+02, 0.46000E+02, 0.16581E+03, 0.53999E+00, 0.32856E-02
 0.24000E+02, 0.46000E+02, 0.15114E+03, 0.44845E+00, 0.38241E-02
 0.25000E+02, 0.46000E+02, 0.21370E+03, 0.10816E+01, 0.18193E-02
 0.26000E+02, 0.46000E+02, 0.22886E+03, 0.14010E+01, 0.14483E-02
 0.27000E+02, 0.46000E+02, 0.22187E+03, 0.13045E+01, 0.15337E-02
 0.28000E+02, 0.46000E+02, 0.15242E+03, 0.28530E+00, 0.60289E-02
 0.29000E+02, 0.46000E+02, 0.17019E+03, 0.32546E+00, 0.55058E-02
 0.30000E+02, 0.46000E+02, 0.18239E+03, 0.37015E+00, 0.49743E-02
 0.31000E+02, 0.46000E+02, 0.18112E+03, 0.10653E+01, 0.17235E-02
 0.32000E+02, 0.46000E+02, 0.18709E+03, 0.10539E+01, 0.17650E-02
 0.33000E+02, 0.46000E+02, 0.17259E+03, 0.10485E+01, 0.17182E-02
 0.34000E+02, 0.46000E+02, 0.22000E+02, 0.30000E+02, 0.00000E+00
 0.35000E+02, 0.46000E+02, 0.24332E+03, 0.13559E+01, 0.15395E-02
 0.36000E+02, 0.46000E+02, 0.21507E+03, 0.11986E+01, 0.16463E-02
 0.37000E+02, 0.46000E+02, 0.14768E+03, 0.18165E+00, 0.93636E-02
 0.38000E+02, 0.46000E+02, 0.19196E+03, 0.24969E+00, 0.75289E-02
 0.39000E+02, 0.46000E+02, 0.17833E+03, 0.18785E+00, 0.97141E-02
 0.40000E+02, 0.46000E+02, 0.16866E+03, 0.16372E+00, 0.10907E-01
 0.41000E+02, 0.46000E+02, 0.16176E+03, 0.15728E+00, 0.11177E-01
 0.42000E+02, 0.46000E+02, 0.15497E+03, 0.15007E+00, 0.11530E-01
 0.43000E+02, 0.46000E+02, 0.15349E+03, 0.15185E+00, 0.11356E-01
 0.44000E+02, 0.46000E+02, 0.49893E+03, 0.30000E+02, 0.78520E-06
 0.45000E+02, 0.46000E+02, 0.50415E+03, 0.30000E+02, 0.11652E-05
 0.46000E+02, 0.46000E+02, 0.46867E+03, 0.30000E+02, 0.15354E-05
 0.47000E+02, 0.46000E+02, 0.46008E+03, 0.30000E+02, 0.14074E-05
 0.48000E+02, 0.46000E+02, 0.57121E+03, 0.30000E+02, 0.82022E-06
 0.49000E+02, 0.46000E+02, 0.68701E+03, 0.30000E+02, 0.25565E-06
 0.50000E+02, 0.46000E+02, 0.64671E+03, 0.30000E+02, 0.34872E-06
 0.51000E+02, 0.46000E+02, 0.50995E+03, 0.30000E+02, 0.76196E-06
 0.52000E+02, 0.46000E+02, 0.47466E+03, 0.30000E+02, 0.10730E-05
 0.53000E+02, 0.46000E+02, 0.46946E+03, 0.30000E+02, 0.12605E-05
 0.54000E+02, 0.46000E+02, 0.46741E+03, 0.30000E+02, 0.99162E-06
 0.55000E+02, 0.46000E+02, 0.16162E+03, 0.39439E+00, 0.44557E-02
 0.56000E+02, 0.46000E+02, 0.19370E+03, 0.59448E+00, 0.31741E-02
 0.57000E+02, 0.46000E+02, 0.14680E+03, 0.31222E+00, 0.54365E-02
 0.58000E+02, 0.46000E+02, 0.14014E+03, 0.32529E+00, 0.51353E-02
 0.59000E+02, 0.46000E+02, 0.13954E+03, 0.32773E+00, 0.50896E-02
 0.60000E+02, 0.46000E+02, 0.13891E+03, 0.31196E+00, 0.53388E-02
 0.61000E+02, 0.46000E+02, 0.14002E+03, 0.31111E+00, 0.53676E-02
 0.62000E+02, 0.46000E+02, 0.14108E+03, 0.30973E+00, 0.54055E-02
 0.63000E+02, 0.46000E+02, 0.18277E+03, 0.53442E+00, 0.34481E-02
 0.64000E+02, 0.46000E+02, 0.19525E+03, 0.63926E+00, 0.29616E-02
 0.65000E+02, 0.46000E+02, 0.19851E+03, 0.45793E+00, 0.41630E-02
 0.00000E+00, 0.47000E+02, 0.16347E+03, 0.23498E+00, 0.75101E-02
 0.10000E+01, 0.47000E+02, 0.17488E+03, 0.27500E+00, 0.65850E-02
 0.20000E+01, 0.47000E+02, 0.17667E+03, 0.28026E+00, 0.64871E-02
 0.30000E+01, 0.47000E+02, 0.17530E+03, 0.24979E+00, 0.72562E-02
 0.40000E+01, 0.47000E+02, 0.17420E+03, 0.21354E+00, 0.84672E-02
 0.50000E+01, 0.47000E+02, 0.18236E+03, 0.24186E+00, 0.76122E-02
 0.60000E+01, 0.47000E+02, 0.18325E+03, 0.23431E+00, 0.78728E-02
 0.70000E+01, 0.47000E+02, 0.18846E+03, 0.25503E+00, 0.73158E-02
 0.80000E+01, 0.47000E+02, 0.21624E+03, 0.56497E+00, 0.35011E-02
 0.90000E+01, 0.47000E+02, 0.21618E+03, 0.59914E+00, 0.33010E-02
 0.10000E+02, 0.47000E+02, 0.21109E+03, 0.56222E+00, 0.34812E-02
 0.11000E+02, 0.47000E+02, 0.20552E+03, 0.48820E+00, 0.39630E-02
 0.12000E+02, 0.47000E+02, 0.19381E+03, 0.38858E+00, 0.48571E-02
 0.13000E+02, 0.47000E+02, 0.18281E+03, 0.27040E+00, 0.68155E-02
 0.14000E+02, 0.47000E+02, 0.17499E+03, 0.29301E+00, 0.61817E-02
 0.15000E+02, 0.47000E+02, 0.17254E+03, 0.33185E+00, 0.54283E-02
 0.16000E+02, 0.47000E+02, 0.17309E+03, 0.33256E+00, 0.54234E-02
 0.17000E+02, 0.47000E+02, 0.17260E+03, 0.34561E+00, 0.52130E-02
 0.18000E+02, 0.47000E+02, 0.12652E+03, 0.33594E+00, 0.48086E-02
 0.19000E+02, 0.47000E+02, 0.12571E+03, 0.30770E+00, 0.52394E-02
 0.20000E+02, 0.47000E+02, 0.12694E+03, 0.33229E+00, 0.48664E-02
 0.21000E+02, 0.47000E+02, 0.12733E+03, 0.39110E+00, 0.41388E-02
 0.22000E+02, 0.47000E+02, 0.20325E+03, 0.91123E+00, 0.21131E-02
 0.23000E+02, 0.47000E+02, 0.16515E+03, 0.53165E+00, 0.33321E-02
 0.24000E+02, 0.47000E+02, 0.15411E+03, 0.43978E+00, 0.39267E-02
 0.25000E+02, 0.47000E+02, 0.18129E+03, 0.61548E+00, 0.29843E-02
 0.26000E+02, 0.47000E+02, 0.20186E+03, 0.88836E+00, 0.21612E-02
 0.27000E+02, 0.47000E+02, 0.21861E+03, 0.12412E+01, 0.16014E-02
 0.28000E+02, 0.47000E+02, 0.15292E+03, 0.26447E+00, 0.65115E-02
 0.29000E+02, 0.47000E+02, 0.16584E+03, 0.29162E+00, 0.60843E-02
 0.30000E+02, 0.47000E+02, 0.16212E+03, 0.26685E+00, 0.65927E-02
 0.31000E+02, 0.47000E+02, 0.17166E+03, 0.10530E+01, 0.17074E-02
 0.32000E+02, 0.47000E+02, 0.16915E+03, 0.10446E+01, 0.17115E-02
 0.33000E+02, 0.47000E+02, 0.16465E+03, 0.10307E+01, 0.17167E-02
 0.34000E+02, 0.47000E+02, 0.22000E+02, 0.30000E+02, 0.00000E+00
 0.35000E+02, 0.47000E+02, 0.20846E+03, 0.11487E+01, 0.16947E-02
 0.36000E+02, 0.47000E+02, 0.21294E+03, 0.11756E+01, 0.16713E-02
 0.37000E+02, 0.47000E+02, 0.16329E+03, 0.21468E+00, 0.82169E-02
 0.38000E+02, 0.47000E+02, 0.16268E+03, 0.17393E+00, 0.10128E-01
 0.39000E+02, 0.47000E+02, 0.17001E+03, 0.16988E+00, 0.10544E-01
 0.40000E+02, 0.47000E+02, 0.16308E+03, 0.16124E+00, 0.10935E-01
 0.41000E+02, 0.47000E+02, 0.15509E+03, 0.15311E+00, 0.11305E-01
 0.42000E+02, 0.47000E+02, 0.15332E+03, 0.15127E+00, 0.11395E-01
 0.43000E+02, 0.47000E+02, 0.15725E+03, 0.15922E+00, 0.10926E-01
 0.44000E+02, 0.47000E+02, 0.48192E+03, 0.30000E+02, 0.96081E-06
 0.45000E+02, 0.47000E+02, 0.47130E+03, 0.30000E+02, 0.15805E-05
 0.46000E+02, 0.47000E+02, 0.44007E+03, 0.30000E+02, 0.16455E-05
 0.47000E+02, 0.47000E+02, 0.45112E+03, 0.30000E+02, 0.14370E-05
 0.48000E+02, 0.47000E+02, 0.53121E+03, 0.30000E+02, 0.10767E-05
 0.49000E+02, 0.47000E+02, 0.69446E+03, 0.30000E+02, 0.33547E-06
 0.50000E+02, 0.47000E+02, 0.75495E+03, 0.30000E+02, 0.91049E-07
 0.51000E+02, 0.47000E+02, 0.62466E+03, 0.30000E+02, 0.41083E-06
 0.52000E+02, 0.47000E+02, 0.46220E+03, 0.30000E+02, 0.10771E-05
 0.53000E+02, 0.47000E+02, 0.44487E+03, 0.30000E+02, 0.16969E-05
 0.54000E+02, 0.47000E+02, 0.43695E+03, 0.30000E+02, 0.12429E-05
 0.55000E+02, 0.47000E+02, 0.15047E+03, 0.33629E+00, 0.50914E-02
 0.56000E+02, 0.47000E+02, 0.13667E+03, 0.29204E+00, 0.56718E-02
 0.57000E+02, 0.47000E+02, 0.13709E+03, 0.28826E+00, 0.57522E-02
 0.58000E+02, 0.47000E+02, 0.13893E+03, 0.30925E+00, 0.53858E-02
 0.59000E+02, 0.47000E+02, 0.14168E+03, 0.31855E+00, 0.52634E-02
 0.60000E+02, 0.47000E+02, 0.13898E+03, 0.29732E+00, 0.56027E-02
 0.61000E+02, 0.47000E+02, 0.14196E+03, 0.30611E+00, 0.54811E-02
 0.62000E+02, 0.47000E+02, 0.14358E+03, 0.31601E+00, 0.53302E-02
 0.63000E+02, 0.47000E+02, 0.14879E+03, 0.34339E+00, 0.49664E-02
 0.64000E+02, 0.47000E+02, 0.18058E+03, 0.65800E+00, 0.27871E-02
 0.65000E+02, 0.47000E+02, 0.19573E+03, 0.49841E+00, 0.38024E-02
 0.00000E+00, 0.48000E+02, 0.16587E+03, 0.22907E+00, 0.77463E-02
 0.10000E+01, 0.48000E+02, 0.17866E+03, 0.28845E+00, 0.63308E-02
 0.20000E+01, 0.48000E+02, 0.17651E+03, 0.29271E+00, 0.62091E-02
 0.30000E+01, 0.48000E+02, 0.17826E+03, 0.28738E+00, 0.63488E-02
 0.40000E+01, 0.48000E+02, 0.17626E+03, 0.26765E+00, 0.67867E-02
 0.50000E+01, 0.48000E+02, 0.18132E+03, 0.26105E+00, 0.70367E-02
 0.60000E+01, 0.48000E+02, 0.18971E+03, 0.26490E+00, 0.70624E-02
 0.70000E+01, 0.48000E+02, 0.19145E+03, 0.26385E+00, 0.71169E-02
 0.80000E+01, 0.48000E+02, 0.20492E+03, 0.35470E+00, 0.54476E-02
 0.90000E+01, 0.48000E+02, 0.21222E+03, 0.47948E+00, 0.40915E-02
 0.10000E+02, 0.48000E+02, 0.21169E+03, 0.55055E+00, 0.35594E-02
 0.11000E+02, 0.48000E+02, 0.20110E+03, 0.45798E+00, 0.41854E-02
 0.12000E+02, 0.48000E+02, 0.19684E+03, 0.37797E+00, 0.50258E-02
 0.13000E+02, 0.48000E+02, 0.18568E+03, 0.28358E+00, 0.65396E-02
 0.14000E+02, 0.48000E+02, 0.17883E+03, 0.23979E+00, 0.76185E-02
 0.15000E+02, 0.48000E+02, 0.17564E+03, 0.27173E+00, 0.66756E-02
 0.16000E+02, 0.48000E+02, 0.17351E+03, 0.32584E+00, 0.55405E-02
 0.17000E+02, 0.48000E+02, 0.17019E+03, 0.33919E+00, 0.52829E-02
 0.18000E+02, 0.48000E+02, 0.13309E+03, 0.35390E+00, 0.46396E-02
 0.19000E+02, 0.48000E+02, 0.13635E+03, 0.36547E+00, 0.45288E-02
 0.20000E+02, 0.48000E+02, 0.13421E+03, 0.38025E+00, 0.43299E-02
 0.21000E+02, 0.48000E+02, 0.13185E+03, 0.39578E+00, 0.41360E-02
 0.22000E+02, 0.48000E+02, 0.20587E+03, 0.92046E+00, 0.21034E-02
 0.23000E+02, 0.48000E+02, 0.19909E+03, 0.87535E+00, 0.21805E-02
 0.24000E+02, 0.48000E+02, 0.19669E+03, 0.83249E+00, 0.22811E-02
 0.25000E+02, 0.48000E+02, 0.19177E+03, 0.75208E+00, 0.24986E-02
 0.26000E+02, 0.48000E+02, 0.20640E+03, 0.10105E+01, 0.19181E-02
 0.27000E+02, 0.48000E+02, 0.20919E+03, 0.11518E+01, 0.16925E-02
 0.28000E+02, 0.48000E+02, 0.15089E+03, 0.25580E+00, 0.67001E-02
 0.29000E+02, 0.48000E+02, 0.15787E+03, 0.26479E+00, 0.65791E-02
 0.30000E+02, 0.48000E+02, 0.14785E+03, 0.23125E+00, 0.73583E-02
 0.31000E+02, 0.48000E+02, 0.11403E+03, 0.14451E+00, 0.10829E-01
 0.32000E+02, 0.48000E+02, 0.10291E+03, 0.12577E+00, 0.12085E-01
 0.33000E+02, 0.48000E+02, 0.94788E+02, 0.11402E+00, 0.13043E-01
 0.34000E+02, 0.48000E+02, 0.22000E+02, 0.30000E+02, 0.00000E+00
 0.35000E+02, 0.48000E+02, 0.22383E+03, 0.12503E+01, 0.16065E-02
 0.36000E+02, 0.48000E+02, 0.20937E+03, 0.11817E+01, 0.16504E-02
 0.37000E+02, 0.48000E+02, 0.16441E+03, 0.21651E+00, 0.81684E-02
 0.38000E+02, 0.48000E+02, 0.15617E+03, 0.16915E+00, 0.10259E-01
 0.39000E+02, 0.48000E+02, 0.16016E+03, 0.15958E+00, 0.10975E-01
 0.40000E+02, 0.48000E+02, 0.16048E+03, 0.15660E+00, 0.11192E-01
 0.41000E+02, 0.48000E+02, 0.14984E+03, 0.14757E+00, 0.11586E-01
 0.42000E+02, 0.48000E+02, 0.15215E+03, 0.14970E+00, 0.11483E-01
 0.43000E+02, 0.48000E+02, 0.15759E+03, 0.16152E+00, 0.10779E-01
 0.44000E+02, 0.48000E+02, 0.47555E+03, 0.30000E+02, 0.10954E-05
 0.45000E+02, 0.48000E+02, 0.44997E+03, 0.30000E+02, 0.18089E-05
 0.46000E+02, 0.48000E+02, 0.43820E+03, 0.30000E+02, 0.16332E-05
 0.47000E+02, 0.48000E+02, 0.44222E+03, 0.30000E+02, 0.15478E-05
 0.48000E+02, 0.48000E+02, 0.53746E+03, 0.30000E+02, 0.11760E-05
 0.49000E+02, 0.48000E+02, 0.74348E+03, 0.30000E+02, 0.11235E-06
 0.50000E+02, 0.48000E+02, 0.75188E+03, 0.30000E+02, 0.14114E-06
 0.51000E+02, 0.48000E+02, 0.50449E+03, 0.30000E+02, 0.89880E-06
 0.52000E+02, 0.48000E+02, 0.46048E+03, 0.30000E+02, 0.13868E-05
 0.53000E+02, 0.48000E+02, 0.42709E+03, 0.30000E+02, 0.20648E-05
 0.54000E+02, 0.48000E+02, 0.42518E+03, 0.30000E+02, 0.17553E-05
 0.55000E+02, 0.48000E+02, 0.12869E+03, 0.26527E+00, 0.61227E-02
 0.56000E+02, 0.48000E+02, 0.13645E+03, 0.27980E+00, 0.59168E-02
 0.57000E+02, 0.48000E+02, 0.13350E+03, 0.27162E+00, 0.60512E-02
 0.58000E+02, 0.48000E+02, 0.13891E+03, 0.30662E+00, 0.54317E-02
 0.59000E+02, 0.48000E+02, 0.14223E+03, 0.31906E+00, 0.52620E-02
 0.60000E+02, 0.48000E+02, 0.14071E+03, 0.30102E+00, 0.55569E-02
 0.61000E+02, 0.48000E+02, 0.14264E+03, 0.29821E+00, 0.56354E-02
 0.62000E+02, 0.48000E+02, 0.14477E+03, 0.31410E+00, 0.53778E-02
 0.63000E+02, 0.48000E+02, 0.15495E+03, 0.38073E+00, 0.45448E-02
 0.64000E+02, 0.48000E+02, 0.17882E+03, 0.65937E+00, 0.27705E-02
 0.65000E+02, 0.48000E+02, 0.18378E+03, 0.58116E+00, 0.31778E-02
 0.00000E+00, 0.49000E+02, 0.16682E+03, 0.23582E+00, 0.75408E-02
 0.10000E+01, 0.49000E+02, 0.17496E+03, 0.27732E+00, 0.65309E-02
 0.20000E+01, 0.49000E+02, 0.17551E+03, 0.28646E+00, 0.63304E-02
 0.30000E+01, 0.49000E+02, 0.17802E+03, 0.28150E+00, 0.64780E-02
 0.40000E+01, 0.49000E+02, 0.17575E+03, 0.26823E+00, 0.67642E-02
 0.50000E+01, 0.49000E+02, 0.17848E+03, 0.26625E+00, 0.68558E-02
 0.60000E+01, 0.49000E+02, 0.18433E+03, 0.27513E+00, 0.67206E-02
 0.70000E+01, 0.49000E+02, 0.19044E+03, 0.26337E+00, 0.71145E-02
 0.80000E+01, 0.49000E+02, 0.19895E+03, 0.30979E+00, 0.61595E-02
 0.90000E+01, 0.49000E+02, 0.21675E+03, 0.55559E+00, 0.35640E-02
 0.10000E+02, 0.49000E+02, 0.19974E+03, 0.39606E+00, 0.48259E-02
 0.11000E+02, 0.49000E+02, 0.19524E+03, 0.38486E+00, 0.49191E-02
 0.12000E+02, 0.49000E+02, 0.19320E+03, 0.34214E+00, 0.55092E-02
 0.13000E+02, 0.49000E+02, 0.18297E+03, 0.37102E+00, 0.49689E-02
 0.14000E+02, 0.49000E+02, 0.17780E+03, 0.29351E+00, 0.62099E-02
 0.15000E+02, 0.49000E+02, 0.17607E+03, 0.32879E+00, 0.55223E-02
 0.16000E+02, 0.49000E+02, 0.17220E+03, 0.31844E+00, 0.56526E-02
 0.17000E+02, 0.49000E+02, 0.16955E+03, 0.31844E+00, 0.56190E-02
 0.18000E+02, 0.49000E+02, 0.13948E+03, 0.34211E+00, 0.48750E-02
 0.19000E+02, 0.49000E+02, 0.13627E+03, 0.36833E+00, 0.44927E-02
 0.20000E+02, 0.49000E+02, 0.13919E+03, 0.37351E+00, 0.44621E-02
 0.21000E+02, 0.49000E+02, 0.14161E+03, 0.37504E+00, 0.44700E-02
 0.22000E+02, 0.49000E+02, 0.20897E+03, 0.96522E+00, 0.20189E-02
 0.23000E+02, 0.49000E+02, 0.20750E+03, 0.96923E+00, 0.20044E-02
 0.24000E+02, 0.49000E+02, 0.20575E+03, 0.96616E+00, 0.20034E-02
 0.25000E+02, 0.49000E+02, 0.20601E+03, 0.96303E+00, 0.20110E-02
 0.26000E+02, 0.49000E+02, 0.20747E+03, 0.10512E+01, 0.18479E-02
 0.27000E+02, 0.49000E+02, 0.20343E+03, 0.10991E+01, 0.17526E-02
 0.28000E+02, 0.49000E+02, 0.14706E+03, 0.24180E+00, 0.70242E-02
 0.29000E+02, 0.49000E+02, 0.14368E+03, 0.22804E+00, 0.73878E-02
 0.30000E+02, 0.49000E+02, 0.13555E+03, 0.20840E+00, 0.79266E-02
 0.31000E+02, 0.49000E+02, 0.10030E+03, 0.12363E+00, 0.12209E-01
 0.32000E+02, 0.49000E+02, 0.99440E+02, 0.12044E+00, 0.12504E-01
 0.33000E+02, 0.49000E+02, 0.98544E+02, 0.11938E+00, 0.12584E-01
 0.34000E+02, 0.49000E+02, 0.22000E+02, 0.30000E+02, 0.00000E+00
 0.35000E+02, 0.49000E+02, 0.22104E+03, 0.12036E+01, 0.16595E-02
 0.36000E+02, 0.49000E+02, 0.21217E+03, 0.12303E+01, 0.15944E-02
 0.37000E+02, 0.49000E+02, 0.16230E+03, 0.20480E+00, 0.85938E-02
 0.38000E+02, 0.49000E+02, 0.15854E+03, 0.17205E+00, 0.10142E-01
 0.39000E+02, 0.49000E+02, 0.15460E+03, 0.14781E+00, 0.11696E-01
 0.40000E+02, 0.49000E+02, 0.15031E+03, 0.14731E+00, 0.11619E-01
 0.41000E+02, 0.49000E+02, 0.14923E+03, 0.14936E+00, 0.11430E-01
 0.42000E+02, 0.49000E+02, 0.15282E+03, 0.15772E+00, 0.10916E-01
 0.43000E+02, 0.49000E+02, 0.15705E+03, 0.16452E+00, 0.10569E-01
 0.44000E+02, 0.49000E+02, 0.47797E+03, 0.30000E+02, 0.12642E-05
 0.45000E+02, 0.49000E+02, 0.44765E+03, 0.30000E+02, 0.17966E-05
 0.46000E+02, 0.49000E+02, 0.43796E+03, 0.30000E+02, 0.16992E-05
 0.47000E+02, 0.49000E+02, 0.44062E+03, 0.30000E+02, 0.17728E-05
 0.48000E+02, 0.49000E+02, 0.51847E+03, 0.30000E+02, 0.14542E-05
 0.49000E+02, 0.49000E+02, 0.74678E+03, 0.30000E+02, 0.66503E-07
 0.50000E+02, 0.49000E+02, 0.71585E+03, 0.30000E+02, 0.38253E-06
 0.51000E+02, 0.49000E+02, 0.48165E+03, 0.30000E+02, 0.10775E-05
 0.52000E+02, 0.49000E+02, 0.42664E+03, 0.30000E+02, 0.15809E-05
 0.53000E+02, 0.49000E+02, 0.42488E+03, 0.30000E+02, 0.17548E-05
 0.54000E+02, 0.49000E+02, 0.41468E+03, 0.30000E+02, 0.19268E-05
 0.55000E+02, 0.49000E+02, 0.13153E+03, 0.27817E+00, 0.58801E-02
 0.56000E+02, 0.49000E+02, 0.13566E+03, 0.28284E+00, 0.58420E-02
 0.57000E+02, 0.49000E+02, 0.13733E+03, 0.28331E+00, 0.58560E-02
 0.58000E+02, 0.49000E+02, 0.14237E+03, 0.32144E+00, 0.52248E-02
 0.59000E+02, 0.49000E+02, 0.14514E+03, 0.34042E+00, 0.49663E-02
 0.60000E+02, 0.49000E+02, 0.14381E+03, 0.31262E+00, 0.53908E-02
 0.61000E+02, 0.49000E+02, 0.14564E+03, 0.30007E+00, 0.56409E-02
 0.62000E+02, 0.49000E+02, 0.14494E+03, 0.31929E+00, 0.52926E-02
 0.63000E+02, 0.49000E+02, 0.15601E+03, 0.40035E+00, 0.43327E-02
 0.64000E+02, 0.49000E+02, 0.18484E+03, 0.76940E+00, 0.24059E-02
 0.65000E+02, 0.49000E+02, 0.18890E+03, 0.65972E+00, 0.28308E-02
 0.00000E+00, 0.50000E+02, 0.17129E+03, 0.24897E+00, 0.72152E-02
 0.10000E+01, 0.50000E+02, 0.17272E+03, 0.26928E+00, 0.66922E-02
 0.20000E+01, 0.50000E+02, 0.17412E+03, 0.27614E+00, 0.65466E-02
 0.30000E+01, 0.50000E+02, 0.17846E+03, 0.26196E+00, 0.69681E-02
 0.40000E+01, 0.50000E+02, 0.18085E+03, 0.25111E+00, 0.73075E-02
 0.50000E+01, 0.50000E+02, 0.18117E+03, 0.25701E+00, 0.71449E-02
 0.60000E+01, 0.50000E+02, 0.18617E+03, 0.27448E+00, 0.67636E-02
 0.70000E+01, 0.50000E+02, 0.18121E+03, 0.22862E+00, 0.80328E-02
 0.80000E+01, 0.50000E+02, 0.19007E+03, 0.27109E+00, 0.69063E-02
 0.90000E+01, 0.50000E+02, 0.20806E+03, 0.44115E+00, 0.44088E-02
 0.10000E+02, 0.50000E+02, 0.19443E+03, 0.33108E+00, 0.57082E-02
 0.11000E+02, 0.50000E+02, 0.19255E+03, 0.32473E+00, 0.57964E-02
 0.12000E+02, 0.50000E+02, 0.19350E+03, 0.35508E+00, 0.53118E-02
 0.13000E+02, 0.50000E+02, 0.17971E+03, 0.33358E+00, 0.54870E-02
 0.14000E+02, 0.50000E+02, 0.17794E+03, 0.31240E+00, 0.58362E-02
 0.15000E+02, 0.50000E+02, 0.17524E+03, 0.36711E+00, 0.49367E-02
 0.16000E+02, 0.50000E+02, 0.17200E+03, 0.33616E+00, 0.53522E-02
 0.17000E+02, 0.50000E+02, 0.17299E+03, 0.30787E+00, 0.58572E-02
 0.18000E+02, 0.50000E+02, 0.14187E+03, 0.33489E+00, 0.50090E-02
 0.19000E+02, 0.50000E+02, 0.14180E+03, 0.35752E+00, 0.46910E-02
 0.20000E+02, 0.50000E+02, 0.14122E+03, 0.36250E+00, 0.46201E-02
 0.21000E+02, 0.50000E+02, 0.14671E+03, 0.36294E+00, 0.46757E-02
 0.22000E+02, 0.50000E+02, 0.21203E+03, 0.10077E+01, 0.19461E-02
 0.23000E+02, 0.50000E+02, 0.20984E+03, 0.10016E+01, 0.19490E-02
 0.24000E+02, 0.50000E+02, 0.21141E+03, 0.10250E+01, 0.19108E-02
 0.25000E+02, 0.50000E+02, 0.21200E+03, 0.10867E+01, 0.18045E-02
 0.26000E+02, 0.50000E+02, 0.21055E+03, 0.10834E+01, 0.18045E-02
 0.27000E+02, 0.50000E+02, 0.20453E+03, 0.10746E+01, 0.17968E-02
 0.28000E+02, 0.50000E+02, 0.13442E+03, 0.23033E+00, 0.71522E-02
 0.29000E+02, 0.50000E+02, 0.13683E+03, 0.21931E+00, 0.75556E-02
 0.30000E+02, 0.50000E+02, 0.13642E+03, 0.22216E+00, 0.74516E-02
 0.31000E+02, 0.50000E+02, 0.93190E+02, 0.11564E+00, 0.12805E-01
 0.32000E+02, 0.50000E+02, 0.97843E+02, 0.12018E+00, 0.12477E-01
 0.33000E+02, 0.50000E+02, 0.10137E+03, 0.12650E+00, 0.11966E-01
 0.34000E+02, 0.50000E+02, 0.22000E+02, 0.30000E+02, 0.00000E+00
 0.35000E+02, 0.50000E+02, 0.21030E+03, 0.12174E+01, 0.16050E-02
 0.36000E+02, 0.50000E+02, 0.21011E+03, 0.12948E+01, 0.15085E-02
 0.37000E+02, 0.50000E+02, 0.15908E+03, 0.18535E+00, 0.94254E-02
 0.38000E+02, 0.50000E+02, 0.15649E+03, 0.15010E+00, 0.11569E-01
 0.39000E+02, 0.50000E+02, 0.15622E+03, 0.14867E+00, 0.11673E-01
 0.40000E+02, 0.50000E+02, 0.15728E+03, 0.14731E+00, 0.11810E-01
 0.41000E+02, 0.50000E+02, 0.15033E+03, 0.14857E+00, 0.11521E-01
 0.42000E+02, 0.50000E+02, 0.15197E+03, 0.16170E+00, 0.10626E-01
 0.43000E+02, 0.50000E+02, 0.15721E+03, 0.16848E+00, 0.10324E-01
 0.44000E+02, 0.50000E+02, 0.49018E+03, 0.30000E+02, 0.11646E-05
 0.45000E+02, 0.50000E+02, 0.45366E+03, 0.30000E+02, 0.18047E-05
 0.46000E+02, 0.50000E+02, 0.44961E+03, 0.30000E+02, 0.19313E-05
 0.47000E+02, 0.50000E+02, 0.47260E+03, 0.30000E+02, 0.19462E-05
 0.48000E+02, 0.50000E+02, 0.64488E+03, 0.30000E+02, 0.70862E-06
 0.49000E+02, 0.50000E+02, 0.64691E+03, 0.30000E+02, 0.77166E-06
 0.50000E+02, 0.50000E+02, 0.58283E+03, 0.30000E+02, 0.99132E-06
 0.51000E+02, 0.50000E+02, 0.41945E+03, 0.30000E+02, 0.18465E-05
 0.52000E+02, 0.50000E+02, 0.39803E+03, 0.30000E+02, 0.21690E-05
 0.53000E+02, 0.50000E+02, 0.40853E+03, 0.30000E+02, 0.18962E-05
 0.54000E+02, 0.50000E+02, 0.38618E+03, 0.30000E+02, 0.23504E-05
 0.55000E+02, 0.50000E+02, 0.13444E+03, 0.28763E+00, 0.57275E-02
 0.56000E+02, 0.50000E+02, 0.13951E+03, 0.29527E+00, 0.56488E-02
 0.57000E+02, 0.50000E+02, 0.14295E+03, 0.31283E+00, 0.53761E-02
 0.58000E+02, 0.50000E+02, 0.14401E+03, 0.30759E+00, 0.54816E-02
 0.59000E+02, 0.50000E+02, 0.14459E+03, 0.31447E+00, 0.53691E-02
 0.60000E+02, 0.50000E+02, 0.14731E+03, 0.30855E+00, 0.55078E-02
 0.61000E+02, 0.50000E+02, 0.14831E+03, 0.30117E+00, 0.56562E-02
 0.62000E+02, 0.50000E+02, 0.14697E+03, 0.30485E+00, 0.55701E-02
 0.63000E+02, 0.50000E+02, 0.14642E+03, 0.35807E+00, 0.47360E-02
 0.64000E+02, 0.50000E+02, 0.18806E+03, 0.82035E+00, 0.22724E-02
 0.65000E+02, 0.50000E+02, 0.18779E+03, 0.68446E+00, 0.27219E-02
 0.00000E+00, 0.51000E+02, 0.16794E+03, 0.27056E+00, 0.65894E-02
 0.10000E+01, 0.51000E+02, 0.17220E+03, 0.27669E+00, 0.65056E-02
 0.20000E+01, 0.51000E+02, 0.17589E+03, 0.26686E+00, 0.68010E-02
 0.30000E+01, 0.51000E+02, 0.17946E+03, 0.25646E+00, 0.71331E-02
 0.40000E+01, 0.51000E+02, 0.18218E+03, 0.25419E+00, 0.72402E-02
 0.50000E+01, 0.51000E+02, 0.18702E+03, 0.27367E+00, 0.67962E-02
 0.60000E+01, 0.51000E+02, 0.18921E+03, 0.28963E+00, 0.64522E-02
 0.70000E+01, 0.51000E+02, 0.17427E+03, 0.20967E+00, 0.86250E-02
 0.80000E+01, 0.51000E+02, 0.18331E+03, 0.23561E+00, 0.78305E-02
 0.90000E+01, 0.51000E+02, 0.18455E+03, 0.23903E+00, 0.77396E-02
 0.10000E+02, 0.51000E+02, 0.17820E+03, 0.21989E+00, 0.82961E-02
 0.11000E+02, 0.51000E+02, 0.17610E+03, 0.22381E+00, 0.81131E-02
 0.12000E+02, 0.51000E+02, 0.18154E+03, 0.28614E+00, 0.64228E-02
 0.13000E+02, 0.51000E+02, 0.17853E+03, 0.27784E+00, 0.65707E-02
 0.14000E+02, 0.51000E+02, 0.17987E+03, 0.30662E+00, 0.59716E-02
 0.15000E+02, 0.51000E+02, 0.17496E+03, 0.35773E+00, 0.50629E-02
 0.16000E+02, 0.51000E+02, 0.17376E+03, 0.32575E+00, 0.55451E-02
 0.17000E+02, 0.51000E+02, 0.17360E+03, 0.31244E+00, 0.57793E-02
 0.18000E+02, 0.51000E+02, 0.14963E+03, 0.31509E+00, 0.54232E-02
 0.19000E+02, 0.51000E+02, 0.14215E+03, 0.34058E+00, 0.49285E-02
 0.20000E+02, 0.51000E+02, 0.14467E+03, 0.34641E+00, 0.48750E-02
 0.21000E+02, 0.51000E+02, 0.14964E+03, 0.34907E+00, 0.48955E-02
 0.22000E+02, 0.51000E+02, 0.21204E+03, 0.10659E+01, 0.18399E-02
 0.23000E+02, 0.51000E+02, 0.21354E+03, 0.10951E+01, 0.17963E-02
 0.24000E+02, 0.51000E+02, 0.21535E+03, 0.11428E+01, 0.17277E-02
 0.25000E+02, 0.51000E+02, 0.21565E+03, 0.11739E+01, 0.16830E-02
 0.26000E+02, 0.51000E+02, 0.21547E+03, 0.11775E+01, 0.16772E-02
 0.27000E+02, 0.51000E+02, 0.21062E+03, 0.11030E+01, 0.17728E-02
 0.28000E+02, 0.51000E+02, 0.97563E+02, 0.14378E+00, 0.10421E-01
 0.29000E+02, 0.51000E+02, 0.11075E+03, 0.16261E+00, 0.95425E-02
 0.30000E+02, 0.51000E+02, 0.12845E+03, 0.20059E+00, 0.80921E-02
 0.31000E+02, 0.51000E+02, 0.10804E+03, 0.14946E+00, 0.10308E-01
 0.32000E+02, 0.51000E+02, 0.92795E+02, 0.12535E+00, 0.11800E-01
 0.33000E+02, 0.51000E+02, 0.85877E+02, 0.11848E+00, 0.12248E-01
 0.34000E+02, 0.51000E+02, 0.22000E+02, 0.30000E+02, 0.00000E+00
 0.35000E+02, 0.51000E+02, 0.19437E+03, 0.11723E+01, 0.16120E-02
 0.36000E+02, 0.51000E+02, 0.16340E+03, 0.10683E+01, 0.16516E-02
 0.37000E+02, 0.51000E+02, 0.15902E+03, 0.17930E+00, 0.97420E-02
 0.38000E+02, 0.51000E+02, 0.15603E+03, 0.15281E+00, 0.11352E-01
 0.39000E+02, 0.51000E+02, 0.15571E+03, 0.14482E+00, 0.11969E-01
 0.40000E+02, 0.51000E+02, 0.15618E+03, 0.14867E+00, 0.11672E-01
 0.41000E+02, 0.51000E+02, 0.15064E+03, 0.15579E+00, 0.10995E-01
 0.42000E+02, 0.51000E+02, 0.15181E+03, 0.16481E+00, 0.10422E-01
 0.43000E+02, 0.51000E+02, 0.15256E+03, 0.16422E+00, 0.10478E-01
 0.44000E+02, 0.51000E+02, 0.49441E+03, 0.30000E+02, 0.94373E-06
 0.45000E+02, 0.51000E+02, 0.45834E+03, 0.30000E+02, 0.16555E-05
 0.46000E+02, 0.51000E+02, 0.47388E+03, 0.30000E+02, 0.19796E-05
 0.47000E+02, 0.51000E+02, 0.47720E+03, 0.30000E+02, 0.17971E-05
 0.48000E+02, 0.51000E+02, 0.65274E+03, 0.30000E+02, 0.60092E-06
 0.49000E+02, 0.51000E+02, 0.65754E+03, 0.30000E+02, 0.65120E-06
 0.50000E+02, 0.51000E+02, 0.49901E+03, 0.30000E+02, 0.16035E-05
 0.51000E+02, 0.51000E+02, 0.38166E+03, 0.30000E+02, 0.23991E-05
 0.52000E+02, 0.51000E+02, 0.37705E+03, 0.30000E+02, 0.25222E-05
 0.53000E+02, 0.51000E+02, 0.38228E+03, 0.30000E+02, 0.23491E-05
 0.54000E+02, 0.51000E+02, 0.37595E+03, 0.30000E+02, 0.22618E-05
 0.55000E+02, 0.51000E+02, 0.13615E+03, 0.30019E+00, 0.55109E-02
 0.56000E+02, 0.51000E+02, 0.14521E+03, 0.31309E+00, 0.54008E-02
 0.57000E+02, 0.51000E+02, 0.14560E+03, 0.32499E+00, 0.52079E-02
 0.58000E+02, 0.51000E+02, 0.14869E+03, 0.31386E+00, 0.54323E-02
 0.59000E+02, 0.51000E+02, 0.14731E+03, 0.30964E+00, 0.54883E-02
 0.60000E+02, 0.51000E+02, 0.14927E+03, 0.30794E+00, 0.55444E-02
 0.61000E+02, 0.51000E+02, 0.14920E+03, 0.31049E+00, 0.54980E-02
 0.62000E+02, 0.51000E+02, 0.14934E+03, 0.30579E+00, 0.55844E-02
 0.63000E+02, 0.51000E+02, 0.13909E+03, 0.34901E+00, 0.47741E-02
 0.64000E+02, 0.51000E+02, 0.17592E+03, 0.72279E+00, 0.25112E-02
 0.65000E+02, 0.51000E+02, 0.16892E+03, 0.62472E+00, 0.28601E-02
 0.00000E+00, 0.52000E+02, 0.17039E+03, 0.24681E+00, 0.72637E-02
 0.10000E+01, 0.52000E+02, 0.17486E+03, 0.24679E+00, 0.73372E-02
 0.20000E+01, 0.52000E+02, 0.17829E+03, 0.25405E+00, 0.71822E-02
 0.30000E+01, 0.52000E+02, 0.18069E+03, 0.25263E+00, 0.72610E-02
 0.40000E+01, 0.52000E+02, 0.18635E+03, 0.27908E+00, 0.66547E-02
 0.50000E+01, 0.52000E+02, 0.18972E+03, 0.30910E+00, 0.60525E-02
 0.60000E+01, 0.52000E+02, 0.18739E+03, 0.26780E+00, 0.69509E-02
 0.70000E+01, 0.52000E+02, 0.18532E+03, 0.23469E+00, 0.78958E-02
 0.80000E+01, 0.52000E+02, 0.18532E+03, 0.24728E+00, 0.74938E-02
 0.90000E+01, 0.52000E+02, 0.18090E+03, 0.20684E+00, 0.88726E-02
 0.10000E+02, 0.52000E+02, 0.17923E+03, 0.20390E+00, 0.89672E-02
 0.11000E+02, 0.52000E+02, 0.18019E+03, 0.21769E+00, 0.84172E-02
 0.12000E+02, 0.52000E+02, 0.18128E+03, 0.21057E+00, 0.87227E-02
 0.13000E+02, 0.52000E+02, 0.18186E+03, 0.21556E+00, 0.85317E-02
 0.14000E+02, 0.52000E+02, 0.18223E+03, 0.22607E+00, 0.81418E-02
 0.15000E+02, 0.52000E+02, 0.18105E+03, 0.23536E+00, 0.77998E-02
 0.16000E+02, 0.52000E+02, 0.17835E+03, 0.24794E+00, 0.73603E-02
 0.17000E+02, 0.52000E+02, 0.17686E+03, 0.29053E+00, 0.62604E-02
 0.18000E+02, 0.52000E+02, 0.15920E+03, 0.30562E+00, 0.57178E-02
 0.19000E+02, 0.52000E+02, 0.14403E+03, 0.33152E+00, 0.50862E-02
 0.20000E+02, 0.52000E+02, 0.14431E+03, 0.33613E+00, 0.50197E-02
 0.21000E+02, 0.52000E+02, 0.15228E+03, 0.32317E+00, 0.53207E-02
 0.22000E+02, 0.52000E+02, 0.21496E+03, 0.11753E+01, 0.16786E-02
 0.23000E+02, 0.52000E+02, 0.21471E+03, 0.11985E+01, 0.16452E-02
 0.24000E+02, 0.52000E+02, 0.21650E+03, 0.12258E+01, 0.16145E-02
 0.25000E+02, 0.52000E+02, 0.21840E+03, 0.12102E+01, 0.16417E-02
 0.26000E+02, 0.52000E+02, 0.21499E+03, 0.11948E+01, 0.16513E-02
 0.27000E+02, 0.52000E+02, 0.21266E+03, 0.11783E+01, 0.16664E-02
 0.28000E+02, 0.52000E+02, 0.98595E+02, 0.14474E+00, 0.10381E-01
 0.29000E+02, 0.52000E+02, 0.10960E+03, 0.15817E+00, 0.97807E-02
 0.30000E+02, 0.52000E+02, 0.11241E+03, 0.16075E+00, 0.96946E-02
 0.31000E+02, 0.52000E+02, 0.11050E+03, 0.15220E+00, 0.10188E-01
 0.32000E+02, 0.52000E+02, 0.10287E+03, 0.13964E+00, 0.10884E-01
 0.33000E+02, 0.52000E+02, 0.95796E+02, 0.12979E+00, 0.11489E-01
 0.34000E+02, 0.52000E+02, 0.22000E+02, 0.30000E+02, 0.00000E+00
 0.35000E+02, 0.52000E+02, 0.13897E+03, 0.96990E+00, 0.17174E-02
 0.36000E+02, 0.52000E+02, 0.14757E+03, 0.10034E+01, 0.16947E-02
 0.37000E+02, 0.52000E+02, 0.15184E+03, 0.16047E+00, 0.10704E-01
 0.38000E+02, 0.52000E+02, 0.15380E+03, 0.15091E+00, 0.11435E-01
 0.39000E+02, 0.52000E+02, 0.15419E+03, 0.14671E+00, 0.11773E-01
 0.40000E+02, 0.52000E+02, 0.15500E+03, 0.15240E+00, 0.11355E-01
 0.41000E+02, 0.52000E+02, 0.15669E+03, 0.15706E+00, 0.11061E-01
 0.42000E+02, 0.52000E+02, 0.15290E+03, 0.16122E+00, 0.10681E-01
 0.43000E+02, 0.52000E+02, 0.14867E+03, 0.16271E+00, 0.10478E-01
 0.44000E+02, 0.52000E+02, 0.48252E+03, 0.30000E+02, 0.78530E-06
 0.45000E+02, 0.52000E+02, 0.47006E+03, 0.30000E+02, 0.12675E-05
 0.46000E+02, 0.52000E+02, 0.46281E+03, 0.30000E+02, 0.19674E-05
 0.47000E+02, 0.52000E+02, 0.46637E+03, 0.30000E+02, 0.18643E-05
 0.48000E+02, 0.52000E+02, 0.47724E+03, 0.30000E+02, 0.19259E-05
 0.49000E+02, 0.52000E+02, 0.41998E+03, 0.30000E+02, 0.25576E-05
 0.50000E+02, 0.52000E+02, 0.39004E+03, 0.30000E+02, 0.28670E-05
 0.51000E+02, 0.52000E+02, 0.37789E+03, 0.30000E+02, 0.28094E-05
 0.52000E+02, 0.52000E+02, 0.37577E+03, 0.30000E+02, 0.26965E-05
 0.53000E+02, 0.52000E+02, 0.39096E+03, 0.30000E+02, 0.25341E-05
 0.54000E+02, 0.52000E+02, 0.38847E+03, 0.30000E+02, 0.22305E-05
 0.55000E+02, 0.52000E+02, 0.14551E+03, 0.35284E+00, 0.47958E-02
 0.56000E+02, 0.52000E+02, 0.14875E+03, 0.32373E+00, 0.52674E-02
 0.57000E+02, 0.52000E+02, 0.15133E+03, 0.32383E+00, 0.52982E-02
 0.58000E+02, 0.52000E+02, 0.15564E+03, 0.35797E+00, 0.48414E-02
 0.59000E+02, 0.52000E+02, 0.15529E+03, 0.37243E+00, 0.46497E-02
 0.60000E+02, 0.52000E+02, 0.15398E+03, 0.34578E+00, 0.49928E-02
 0.61000E+02, 0.52000E+02, 0.15214E+03, 0.32817E+00, 0.52380E-02
 0.62000E+02, 0.52000E+02, 0.14970E+03, 0.33379E+00, 0.51203E-02
 0.63000E+02, 0.52000E+02, 0.14041E+03, 0.35424E+00, 0.47187E-02
 0.64000E+02, 0.52000E+02, 0.13590E+03, 0.40935E+00, 0.40389E-02
 0.65000E+02, 0.52000E+02, 0.15694E+03, 0.54086E+00, 0.32141E-02
