 X,Y, TEMPERATURE, SOOT VISIBILITY, CARBON MONOXIDE VOLUME FRACTION
 m,m, C, m, mol/mol
 0.00000E+00, 0.00000E+00, 0.17296E+03, 0.22598E+00, 0.79791E-02
 0.10000E+01, 0.00000E+00, 0.16855E+03, 0.23495E+00, 0.75987E-02
 0.20000E+01, 0.00000E+00, 0.16749E+03, 0.23692E+00, 0.75173E-02
 0.30000E+01, 0.00000E+00, 0.15803E+03, 0.23610E+00, 0.73814E-02
 0.40000E+01, 0.00000E+00, 0.16655E+03, 0.24451E+00, 0.72685E-02
 0.50000E+01, 0.00000E+00, 0.16143E+03, 0.24774E+00, 0.70900E-02
 0.60000E+01, 0.00000E+00, 0.15138E+03, 0.25353E+00, 0.67681E-02
 0.70000E+01, 0.00000E+00, 0.14419E+03, 0.25467E+00, 0.66234E-02
 0.80000E+01, 0.00000E+00, 0.22000E+02, 0.30000E+02, 0.00000E+00
 0.90000E+01, 0.00000E+00, 0.14346E+03, 0.32912E+00, 0.51163E-02
 0.10000E+02, 0.00000E+00, 0.14962E+03, 0.34240E+00, 0.49906E-02
 0.11000E+02, 0.00000E+00, 0.16068E+03, 0.12514E+00, 0.14012E-01
 0.12000E+02, 0.00000E+00, 0.16215E+03, 0.13571E+00, 0.12964E-01
 0.13000E+02, 0.00000E+00, 0.16780E+03, 0.12244E+00, 0.14556E-01
 0.14000E+02, 0.00000E+00, 0.16326E+03, 0.11228E+00, 0.15710E-01
 0.15000E+02, 0.00000E+00, 0.15167E+03, 0.10891E+00, 0.15765E-01
 0.16000E+02, 0.00000E+00, 0.13709E+03, 0.10866E+00, 0.15260E-01
 0.17000E+02, 0.00000E+00, 0.14140E+03, 0.34103E+00, 0.49132E-02
 0.18000E+02, 0.00000E+00, 0.14944E+03, 0.36079E+00, 0.47342E-02
 0.19000E+02, 0.00000E+00, 0.14366E+03, 0.36492E+00, 0.46166E-02
 0.20000E+02, 0.00000E+00, 0.12432E+03, 0.17070E+00, 0.94112E-02
 0.21000E+02, 0.00000E+00, 0.14717E+03, 0.21118E+00, 0.80445E-02
 0.22000E+02, 0.00000E+00, 0.14920E+03, 0.22823E+00, 0.74796E-02
 0.23000E+02, 0.00000E+00, 0.55795E+03, 0.30000E+02, 0.89133E-07
 0.24000E+02, 0.00000E+00, 0.62876E+03, 0.30000E+02, 0.90543E-07
 0.25000E+02, 0.00000E+00, 0.63157E+03, 0.30000E+02, 0.89187E-07
 0.26000E+02, 0.00000E+00, 0.64588E+03, 0.30000E+02, 0.92193E-07
 0.27000E+02, 0.00000E+00, 0.63848E+03, 0.30000E+02, 0.85956E-07
 0.28000E+02, 0.00000E+00, 0.65305E+03, 0.30000E+02, 0.11604E-06
 0.29000E+02, 0.00000E+00, 0.59403E+03, 0.30000E+02, 0.16082E-06
 0.30000E+02, 0.00000E+00, 0.55793E+03, 0.30000E+02, 0.28595E-06
 0.31000E+02, 0.00000E+00, 0.52953E+03, 0.30000E+02, 0.85412E-06
 0.32000E+02, 0.00000E+00, 0.50986E+03, 0.30000E+02, 0.80147E-06
 0.33000E+02, 0.00000E+00, 0.49971E+03, 0.30000E+02, 0.33005E-06
 0.34000E+02, 0.00000E+00, 0.26192E+03, 0.98920E-01, 0.21863E-01
 0.35000E+02, 0.00000E+00, 0.26489E+03, 0.93463E-01, 0.23268E-01
 0.36000E+02, 0.00000E+00, 0.26006E+03, 0.99411E-01, 0.21679E-01
 0.37000E+02, 0.00000E+00, 0.25920E+03, 0.90493E-01, 0.23777E-01
 0.38000E+02, 0.00000E+00, 0.25205E+03, 0.84645E-01, 0.25078E-01
 0.39000E+02, 0.00000E+00, 0.23353E+03, 0.80484E-01, 0.25445E-01
 0.40000E+02, 0.00000E+00, 0.37466E+03, 0.11973E+00, 0.21869E-01
 0.41000E+02, 0.00000E+00, 0.34455E+03, 0.13174E+00, 0.18952E-01
 0.42000E+02, 0.00000E+00, 0.33196E+03, 0.13104E+00, 0.18664E-01
 0.43000E+02, 0.00000E+00, 0.32971E+03, 0.13118E+00, 0.18576E-01
 0.44000E+02, 0.00000E+00, 0.33539E+03, 0.13366E+00, 0.18402E-01
 0.45000E+02, 0.00000E+00, 0.34955E+03, 0.13374E+00, 0.18818E-01
 0.46000E+02, 0.00000E+00, 0.36091E+03, 0.12756E+00, 0.20091E-01
 0.47000E+02, 0.00000E+00, 0.35391E+03, 0.12088E+00, 0.20966E-01
 0.48000E+02, 0.00000E+00, 0.33395E+03, 0.12477E+00, 0.19666E-01
 0.49000E+02, 0.00000E+00, 0.31479E+03, 0.13538E+00, 0.17554E-01
 0.50000E+02, 0.00000E+00, 0.31339E+03, 0.13212E+00, 0.17943E-01
 0.51000E+02, 0.00000E+00, 0.28733E+03, 0.11752E+00, 0.19277E-01
 0.52000E+02, 0.00000E+00, 0.22471E+03, 0.11702E+00, 0.17196E-01
 0.53000E+02, 0.00000E+00, 0.23695E+03, 0.99885E-01, 0.20641E-01
 0.54000E+02, 0.00000E+00, 0.24527E+03, 0.10557E+00, 0.19848E-01
 0.55000E+02, 0.00000E+00, 0.24004E+03, 0.10353E+00, 0.20035E-01
 0.56000E+02, 0.00000E+00, 0.23228E+03, 0.97728E-01, 0.20903E-01
 0.57000E+02, 0.00000E+00, 0.22069E+03, 0.96004E-01, 0.20791E-01
 0.58000E+02, 0.00000E+00, 0.22388E+03, 0.12311E+00, 0.16317E-01
 0.59000E+02, 0.00000E+00, 0.23274E+03, 0.12055E+00, 0.16961E-01
 0.60000E+02, 0.00000E+00, 0.24367E+03, 0.12239E+00, 0.17067E-01
 0.61000E+02, 0.00000E+00, 0.23767E+03, 0.12847E+00, 0.16071E-01
 0.62000E+02, 0.00000E+00, 0.23221E+03, 0.14147E+00, 0.14438E-01
 0.63000E+02, 0.00000E+00, 0.22000E+02, 0.30000E+02, 0.00000E+00
 0.64000E+02, 0.00000E+00, 0.22362E+03, 0.31984E+00, 0.62777E-02
 0.65000E+02, 0.00000E+00, 0.21515E+03, 0.30411E+00, 0.64899E-02
 0.00000E+00, 0.10000E+01, 0.19283E+03, 0.22423E+00, 0.83994E-02
 0.10000E+01, 0.10000E+01, 0.17272E+03, 0.24026E+00, 0.75010E-02
 0.20000E+01, 0.10000E+01, 0.16808E+03, 0.24128E+00, 0.73915E-02
 0.30000E+01, 0.10000E+01, 0.17396E+03, 0.24655E+00, 0.73298E-02
 0.40000E+01, 0.10000E+01, 0.16884E+03, 0.25234E+00, 0.70796E-02
 0.50000E+01, 0.10000E+01, 0.16186E+03, 0.25425E+00, 0.69153E-02
 0.60000E+01, 0.10000E+01, 0.15807E+03, 0.25592E+00, 0.68103E-02
 0.70000E+01, 0.10000E+01, 0.14399E+03, 0.25492E+00, 0.66139E-02
 0.80000E+01, 0.10000E+01, 0.22000E+02, 0.30000E+02, 0.00000E+00
 0.90000E+01, 0.10000E+01, 0.13882E+03, 0.32588E+00, 0.51095E-02
 0.10000E+02, 0.10000E+01, 0.15027E+03, 0.33808E+00, 0.50621E-02
 0.11000E+02, 0.10000E+01, 0.16785E+03, 0.11315E+00, 0.15752E-01
 0.12000E+02, 0.10000E+01, 0.17415E+03, 0.10463E+00, 0.17279E-01
 0.13000E+02, 0.10000E+01, 0.17515E+03, 0.10276E+00, 0.17633E-01
 0.14000E+02, 0.10000E+01, 0.16759E+03, 0.99169E-01, 0.17963E-01
 0.15000E+02, 0.10000E+01, 0.16038E+03, 0.10178E+00, 0.17216E-01
 0.16000E+02, 0.10000E+01, 0.14922E+03, 0.11308E+00, 0.15097E-01
 0.17000E+02, 0.10000E+01, 0.14688E+03, 0.34291E+00, 0.49509E-02
 0.18000E+02, 0.10000E+01, 0.15757E+03, 0.36960E+00, 0.47103E-02
 0.19000E+02, 0.10000E+01, 0.16511E+03, 0.43090E+00, 0.41109E-02
 0.20000E+02, 0.10000E+01, 0.13990E+03, 0.19663E+00, 0.84906E-02
 0.21000E+02, 0.10000E+01, 0.16288E+03, 0.23637E+00, 0.74561E-02
 0.22000E+02, 0.10000E+01, 0.15851E+03, 0.23419E+00, 0.74498E-02
 0.23000E+02, 0.10000E+01, 0.63198E+03, 0.30000E+02, 0.55703E-07
 0.24000E+02, 0.10000E+01, 0.68033E+03, 0.30000E+02, 0.71285E-07
 0.25000E+02, 0.10000E+01, 0.73543E+03, 0.30000E+02, 0.56195E-07
 0.26000E+02, 0.10000E+01, 0.75733E+03, 0.30000E+02, 0.55852E-07
 0.27000E+02, 0.10000E+01, 0.74405E+03, 0.30000E+02, 0.79023E-07
 0.28000E+02, 0.10000E+01, 0.74495E+03, 0.30000E+02, 0.89614E-07
 0.29000E+02, 0.10000E+01, 0.66971E+03, 0.30000E+02, 0.33342E-06
 0.30000E+02, 0.10000E+01, 0.50078E+03, 0.30000E+02, 0.10346E-05
 0.31000E+02, 0.10000E+01, 0.47561E+03, 0.30000E+02, 0.19538E-05
 0.32000E+02, 0.10000E+01, 0.47748E+03, 0.30000E+02, 0.20585E-05
 0.33000E+02, 0.10000E+01, 0.48733E+03, 0.30000E+02, 0.56070E-06
 0.34000E+02, 0.10000E+01, 0.26518E+03, 0.89946E-01, 0.24191E-01
 0.35000E+02, 0.10000E+01, 0.26544E+03, 0.89025E-01, 0.24452E-01
 0.36000E+02, 0.10000E+01, 0.27167E+03, 0.86774E-01, 0.25377E-01
 0.37000E+02, 0.10000E+01, 0.26953E+03, 0.86004E-01, 0.25504E-01
 0.38000E+02, 0.10000E+01, 0.26349E+03, 0.85910E-01, 0.25247E-01
 0.39000E+02, 0.10000E+01, 0.25807E+03, 0.86583E-01, 0.24798E-01
 0.40000E+02, 0.10000E+01, 0.29534E+03, 0.15304E+00, 0.15013E-01
 0.41000E+02, 0.10000E+01, 0.30589E+03, 0.14016E+00, 0.16698E-01
 0.42000E+02, 0.10000E+01, 0.31122E+03, 0.15455E+00, 0.15282E-01
 0.43000E+02, 0.10000E+01, 0.30739E+03, 0.15126E+00, 0.15513E-01
 0.44000E+02, 0.10000E+01, 0.32672E+03, 0.14473E+00, 0.16753E-01
 0.45000E+02, 0.10000E+01, 0.32679E+03, 0.14350E+00, 0.16898E-01
 0.46000E+02, 0.10000E+01, 0.31432E+03, 0.14446E+00, 0.16436E-01
 0.47000E+02, 0.10000E+01, 0.32250E+03, 0.14400E+00, 0.16719E-01
 0.48000E+02, 0.10000E+01, 0.33067E+03, 0.14244E+00, 0.17134E-01
 0.49000E+02, 0.10000E+01, 0.32057E+03, 0.13266E+00, 0.18089E-01
 0.50000E+02, 0.10000E+01, 0.30634E+03, 0.12233E+00, 0.19146E-01
 0.51000E+02, 0.10000E+01, 0.29081E+03, 0.11713E+00, 0.19461E-01
 0.52000E+02, 0.10000E+01, 0.24806E+03, 0.10835E+00, 0.19442E-01
 0.53000E+02, 0.10000E+01, 0.25993E+03, 0.97555E-01, 0.22086E-01
 0.54000E+02, 0.10000E+01, 0.25983E+03, 0.10273E+00, 0.20969E-01
 0.55000E+02, 0.10000E+01, 0.25933E+03, 0.10019E+00, 0.21481E-01
 0.56000E+02, 0.10000E+01, 0.25900E+03, 0.10545E+00, 0.20397E-01
 0.57000E+02, 0.10000E+01, 0.23675E+03, 0.10922E+00, 0.18869E-01
 0.58000E+02, 0.10000E+01, 0.24156E+03, 0.15429E+00, 0.13483E-01
 0.59000E+02, 0.10000E+01, 0.25087E+03, 0.13249E+00, 0.15986E-01
 0.60000E+02, 0.10000E+01, 0.25893E+03, 0.12339E+00, 0.17428E-01
 0.61000E+02, 0.10000E+01, 0.25893E+03, 0.12302E+00, 0.17481E-01
 0.62000E+02, 0.10000E+01, 0.24214E+03, 0.14439E+00, 0.14424E-01
 0.63000E+02, 0.10000E+01, 0.22000E+02, 0.30000E+02, 0.00000E+00
 0.64000E+02, 0.10000E+01, 0.27158E+03, 0.42691E+00, 0.51572E-02
 0.65000E+02, 0.10000E+01, 0.20480E+03, 0.28034E+00, 0.68907E-02
 0.00000E+00, 0.20000E+01, 0.19823E+03, 0.22955E+00, 0.83000E-02
 0.10000E+01, 0.20000E+01, 0.19131E+03, 0.23485E+00, 0.79935E-02
 0.20000E+01, 0.20000E+01, 0.19459E+03, 0.23542E+00, 0.80304E-02
 0.30000E+01, 0.20000E+01, 0.18238E+03, 0.24240E+00, 0.75956E-02
 0.40000E+01, 0.20000E+01, 0.18934E+03, 0.23845E+00, 0.78394E-02
 0.50000E+01, 0.20000E+01, 0.17238E+03, 0.24795E+00, 0.72625E-02
 0.60000E+01, 0.20000E+01, 0.16483E+03, 0.25126E+00, 0.70454E-02
 0.70000E+01, 0.20000E+01, 0.14731E+03, 0.25530E+00, 0.66566E-02
 0.80000E+01, 0.20000E+01, 0.22000E+02, 0.30000E+02, 0.00000E+00
 0.90000E+01, 0.20000E+01, 0.14707E+03, 0.32554E+00, 0.52173E-02
 0.10000E+02, 0.20000E+01, 0.19158E+03, 0.35067E+00, 0.53565E-02
 0.11000E+02, 0.20000E+01, 0.16247E+03, 0.98555E-01, 0.17865E-01
 0.12000E+02, 0.20000E+01, 0.17381E+03, 0.11288E+00, 0.16004E-01
 0.13000E+02, 0.20000E+01, 0.16493E+03, 0.11329E+00, 0.15630E-01
 0.14000E+02, 0.20000E+01, 0.16208E+03, 0.10045E+00, 0.17512E-01
 0.15000E+02, 0.20000E+01, 0.16122E+03, 0.10160E+00, 0.17281E-01
 0.16000E+02, 0.20000E+01, 0.14834E+03, 0.11061E+00, 0.15402E-01
 0.17000E+02, 0.20000E+01, 0.15942E+03, 0.38501E+00, 0.45411E-02
 0.18000E+02, 0.20000E+01, 0.17020E+03, 0.42760E+00, 0.41907E-02
 0.19000E+02, 0.20000E+01, 0.17750E+03, 0.48863E+00, 0.37277E-02
 0.20000E+02, 0.20000E+01, 0.16421E+03, 0.24689E+00, 0.71601E-02
 0.21000E+02, 0.20000E+01, 0.16364E+03, 0.23076E+00, 0.76505E-02
 0.22000E+02, 0.20000E+01, 0.16318E+03, 0.23886E+00, 0.73834E-02
 0.23000E+02, 0.20000E+01, 0.64232E+03, 0.30000E+02, 0.83098E-07
 0.24000E+02, 0.20000E+01, 0.69366E+03, 0.30000E+02, 0.52716E-07
 0.25000E+02, 0.20000E+01, 0.77138E+03, 0.30000E+02, 0.78948E-08
 0.26000E+02, 0.20000E+01, 0.78080E+03, 0.30000E+02, 0.25786E-08
 0.27000E+02, 0.20000E+01, 0.78490E+03, 0.30000E+02, 0.92985E-08
 0.28000E+02, 0.20000E+01, 0.78540E+03, 0.30000E+02, 0.72957E-08
 0.29000E+02, 0.20000E+01, 0.63232E+03, 0.30000E+02, 0.47351E-06
 0.30000E+02, 0.20000E+01, 0.47252E+03, 0.30000E+02, 0.15521E-05
 0.31000E+02, 0.20000E+01, 0.45949E+03, 0.30000E+02, 0.22563E-05
 0.32000E+02, 0.20000E+01, 0.45572E+03, 0.30000E+02, 0.31119E-05
 0.33000E+02, 0.20000E+01, 0.48292E+03, 0.30000E+02, 0.98960E-06
 0.34000E+02, 0.20000E+01, 0.26825E+03, 0.92471E-01, 0.23664E-01
 0.35000E+02, 0.20000E+01, 0.27233E+03, 0.93612E-01, 0.23552E-01
 0.36000E+02, 0.20000E+01, 0.26613E+03, 0.90831E-01, 0.23997E-01
 0.37000E+02, 0.20000E+01, 0.26789E+03, 0.87997E-01, 0.24851E-01
 0.38000E+02, 0.20000E+01, 0.26169E+03, 0.85353E-01, 0.25327E-01
 0.39000E+02, 0.20000E+01, 0.25825E+03, 0.89071E-01, 0.24114E-01
 0.40000E+02, 0.20000E+01, 0.26947E+03, 0.18772E+00, 0.11683E-01
 0.41000E+02, 0.20000E+01, 0.27613E+03, 0.18496E+00, 0.12003E-01
 0.42000E+02, 0.20000E+01, 0.27846E+03, 0.18160E+00, 0.12277E-01
 0.43000E+02, 0.20000E+01, 0.27435E+03, 0.17624E+00, 0.12557E-01
 0.44000E+02, 0.20000E+01, 0.25939E+03, 0.16314E+00, 0.13194E-01
 0.45000E+02, 0.20000E+01, 0.26427E+03, 0.16073E+00, 0.13515E-01
 0.46000E+02, 0.20000E+01, 0.27841E+03, 0.15553E+00, 0.14334E-01
 0.47000E+02, 0.20000E+01, 0.29924E+03, 0.15149E+00, 0.15271E-01
 0.48000E+02, 0.20000E+01, 0.31076E+03, 0.14815E+00, 0.15930E-01
 0.49000E+02, 0.20000E+01, 0.31555E+03, 0.14311E+00, 0.16626E-01
 0.50000E+02, 0.20000E+01, 0.29908E+03, 0.12861E+00, 0.17983E-01
 0.51000E+02, 0.20000E+01, 0.28665E+03, 0.11679E+00, 0.19373E-01
 0.52000E+02, 0.20000E+01, 0.25581E+03, 0.10051E+00, 0.21271E-01
 0.53000E+02, 0.20000E+01, 0.25531E+03, 0.97577E-01, 0.21890E-01
 0.54000E+02, 0.20000E+01, 0.26196E+03, 0.10106E+00, 0.21400E-01
 0.55000E+02, 0.20000E+01, 0.26432E+03, 0.10402E+00, 0.20885E-01
 0.56000E+02, 0.20000E+01, 0.25961E+03, 0.11033E+00, 0.19517E-01
 0.57000E+02, 0.20000E+01, 0.24304E+03, 0.11854E+00, 0.17601E-01
 0.58000E+02, 0.20000E+01, 0.24021E+03, 0.15193E+00, 0.13657E-01
 0.59000E+02, 0.20000E+01, 0.24962E+03, 0.15035E+00, 0.14053E-01
 0.60000E+02, 0.20000E+01, 0.25887E+03, 0.12491E+00, 0.17214E-01
 0.61000E+02, 0.20000E+01, 0.25890E+03, 0.12356E+00, 0.17404E-01
 0.62000E+02, 0.20000E+01, 0.25722E+03, 0.14501E+00, 0.14783E-01
 0.63000E+02, 0.20000E+01, 0.22000E+02, 0.30000E+02, 0.00000E+00
 0.64000E+02, 0.20000E+01, 0.28765E+03, 0.46274E+00, 0.48984E-02
 0.65000E+02, 0.20000E+01, 0.28127E+03, 0.46846E+00, 0.47835E-02
 0.00000E+00, 0.30000E+01, 0.19795E+03, 0.23686E+00, 0.80387E-02
 0.10000E+01, 0.30000E+01, 0.20008E+03, 0.23631E+00, 0.80941E-02
 0.20000E+01, 0.30000E+01, 0.20043E+03, 0.23452E+00, 0.81620E-02
 0.30000E+01, 0.30000E+01, 0.19918E+03, 0.23485E+00, 0.81291E-02
 0.40000E+01, 0.30000E+01, 0.20096E+03, 0.23352E+00, 0.82061E-02
 0.50000E+01, 0.30000E+01, 0.19205E+03, 0.23595E+00, 0.79690E-02
 0.60000E+01, 0.30000E+01, 0.17116E+03, 0.24981E+00, 0.71887E-02
 0.70000E+01, 0.30000E+01, 0.15136E+03, 0.25026E+00, 0.68559E-02
 0.80000E+01, 0.30000E+01, 0.22000E+02, 0.30000E+02, 0.00000E+00
 0.90000E+01, 0.30000E+01, 0.21021E+03, 0.37609E+00, 0.51946E-02
 0.10000E+02, 0.30000E+01, 0.20852E+03, 0.36538E+00, 0.53281E-02
 0.11000E+02, 0.30000E+01, 0.16706E+03, 0.10799E+00, 0.16477E-01
 0.12000E+02, 0.30000E+01, 0.16799E+03, 0.11774E+00, 0.15144E-01
 0.13000E+02, 0.30000E+01, 0.15931E+03, 0.10706E+00, 0.16327E-01
 0.14000E+02, 0.30000E+01, 0.15466E+03, 0.96657E-01, 0.17889E-01
 0.15000E+02, 0.30000E+01, 0.15524E+03, 0.99424E-01, 0.17415E-01
 0.16000E+02, 0.30000E+01, 0.15091E+03, 0.10765E+00, 0.15922E-01
 0.17000E+02, 0.30000E+01, 0.18652E+03, 0.55063E+00, 0.33742E-02
 0.18000E+02, 0.30000E+01, 0.19776E+03, 0.60971E+00, 0.31217E-02
 0.19000E+02, 0.30000E+01, 0.19146E+03, 0.56765E+00, 0.33082E-02
 0.20000E+02, 0.30000E+01, 0.16430E+03, 0.23878E+00, 0.74049E-02
 0.21000E+02, 0.30000E+01, 0.16221E+03, 0.22236E+00, 0.79137E-02
 0.22000E+02, 0.30000E+01, 0.16520E+03, 0.23838E+00, 0.74325E-02
 0.23000E+02, 0.30000E+01, 0.64587E+03, 0.30000E+02, 0.99979E-07
 0.24000E+02, 0.30000E+01, 0.67417E+03, 0.30000E+02, 0.24148E-06
 0.25000E+02, 0.30000E+01, 0.76489E+03, 0.30000E+02, 0.58516E-06
 0.26000E+02, 0.30000E+01, 0.78572E+03, 0.30000E+02, 0.46505E-06
 0.27000E+02, 0.30000E+01, 0.77557E+03, 0.30000E+02, 0.27753E-06
 0.28000E+02, 0.30000E+01, 0.62481E+03, 0.30000E+02, 0.46275E-06
 0.29000E+02, 0.30000E+01, 0.49445E+03, 0.30000E+02, 0.10211E-05
 0.30000E+02, 0.30000E+01, 0.45292E+03, 0.30000E+02, 0.18660E-05
 0.31000E+02, 0.30000E+01, 0.44735E+03, 0.30000E+02, 0.27981E-05
 0.32000E+02, 0.30000E+01, 0.44338E+03, 0.30000E+02, 0.31804E-05
 0.33000E+02, 0.30000E+01, 0.46888E+03, 0.30000E+02, 0.17925E-05
 0.34000E+02, 0.30000E+01, 0.27442E+03, 0.10233E+00, 0.21628E-01
 0.35000E+02, 0.30000E+01, 0.27842E+03, 0.10335E+00, 0.21572E-01
 0.36000E+02, 0.30000E+01, 0.27095E+03, 0.10193E+00, 0.21576E-01
 0.37000E+02, 0.30000E+01, 0.26393E+03, 0.93451E-01, 0.23229E-01
 0.38000E+02, 0.30000E+01, 0.26068E+03, 0.87657E-01, 0.24615E-01
 0.39000E+02, 0.30000E+01, 0.26134E+03, 0.90370E-01, 0.23905E-01
 0.40000E+02, 0.30000E+01, 0.26776E+03, 0.18708E+00, 0.11686E-01
 0.41000E+02, 0.30000E+01, 0.28628E+03, 0.18949E+00, 0.11933E-01
 0.42000E+02, 0.30000E+01, 0.29364E+03, 0.17978E+00, 0.12743E-01
 0.43000E+02, 0.30000E+01, 0.27885E+03, 0.16531E+00, 0.13496E-01
 0.44000E+02, 0.30000E+01, 0.26648E+03, 0.16974E+00, 0.12850E-01
 0.45000E+02, 0.30000E+01, 0.26830E+03, 0.16462E+00, 0.13294E-01
 0.46000E+02, 0.30000E+01, 0.28460E+03, 0.15750E+00, 0.14313E-01
 0.47000E+02, 0.30000E+01, 0.29390E+03, 0.15221E+00, 0.15058E-01
 0.48000E+02, 0.30000E+01, 0.29415E+03, 0.14898E+00, 0.15391E-01
 0.49000E+02, 0.30000E+01, 0.29146E+03, 0.14375E+00, 0.15875E-01
 0.50000E+02, 0.30000E+01, 0.29157E+03, 0.13450E+00, 0.16970E-01
 0.51000E+02, 0.30000E+01, 0.29209E+03, 0.11945E+00, 0.19126E-01
 0.52000E+02, 0.30000E+01, 0.25563E+03, 0.10044E+00, 0.21278E-01
 0.53000E+02, 0.30000E+01, 0.25554E+03, 0.99197E-01, 0.21542E-01
 0.54000E+02, 0.30000E+01, 0.26477E+03, 0.10005E+00, 0.21731E-01
 0.55000E+02, 0.30000E+01, 0.26240E+03, 0.10420E+00, 0.20773E-01
 0.56000E+02, 0.30000E+01, 0.26574E+03, 0.11111E+00, 0.19604E-01
 0.57000E+02, 0.30000E+01, 0.24704E+03, 0.12303E+00, 0.17090E-01
 0.58000E+02, 0.30000E+01, 0.24295E+03, 0.16118E+00, 0.12942E-01
 0.59000E+02, 0.30000E+01, 0.25112E+03, 0.14419E+00, 0.14696E-01
 0.60000E+02, 0.30000E+01, 0.25875E+03, 0.12407E+00, 0.17327E-01
 0.61000E+02, 0.30000E+01, 0.25785E+03, 0.12420E+00, 0.17280E-01
 0.62000E+02, 0.30000E+01, 0.25265E+03, 0.17934E+00, 0.11850E-01
 0.63000E+02, 0.30000E+01, 0.22000E+02, 0.30000E+02, 0.00000E+00
 0.64000E+02, 0.30000E+01, 0.30606E+03, 0.51682E+00, 0.45298E-02
 0.65000E+02, 0.30000E+01, 0.30469E+03, 0.51860E+00, 0.45035E-02
 0.00000E+00, 0.40000E+01, 0.18773E+03, 0.24584E+00, 0.75772E-02
 0.10000E+01, 0.40000E+01, 0.19873E+03, 0.24280E+00, 0.78552E-02
 0.20000E+01, 0.40000E+01, 0.20104E+03, 0.23776E+00, 0.80610E-02
 0.30000E+01, 0.40000E+01, 0.19902E+03, 0.23906E+00, 0.79831E-02
 0.40000E+01, 0.40000E+01, 0.20164E+03, 0.23464E+00, 0.81786E-02
 0.50000E+01, 0.40000E+01, 0.19981E+03, 0.23868E+00, 0.80092E-02
 0.60000E+01, 0.40000E+01, 0.17432E+03, 0.24717E+00, 0.73173E-02
 0.70000E+01, 0.40000E+01, 0.15989E+03, 0.24992E+00, 0.70033E-02
 0.80000E+01, 0.40000E+01, 0.22000E+02, 0.30000E+02, 0.00000E+00
 0.90000E+01, 0.40000E+01, 0.20971E+03, 0.37192E+00, 0.52474E-02
 0.10000E+02, 0.40000E+01, 0.20783E+03, 0.35894E+00, 0.54160E-02
 0.11000E+02, 0.40000E+01, 0.17995E+03, 0.12645E+00, 0.14483E-01
 0.12000E+02, 0.40000E+01, 0.17735E+03, 0.12254E+00, 0.14859E-01
 0.13000E+02, 0.40000E+01, 0.17096E+03, 0.11484E+00, 0.15630E-01
 0.14000E+02, 0.40000E+01, 0.16265E+03, 0.10238E+00, 0.17204E-01
 0.15000E+02, 0.40000E+01, 0.15314E+03, 0.97481E-01, 0.17675E-01
 0.16000E+02, 0.40000E+01, 0.15327E+03, 0.10662E+00, 0.16165E-01
 0.17000E+02, 0.40000E+01, 0.22152E+03, 0.79745E+00, 0.25072E-02
 0.18000E+02, 0.40000E+01, 0.21102E+03, 0.67782E+00, 0.28871E-02
 0.19000E+02, 0.40000E+01, 0.19961E+03, 0.61387E+00, 0.31127E-02
 0.20000E+02, 0.40000E+01, 0.16202E+03, 0.23057E+00, 0.76283E-02
 0.21000E+02, 0.40000E+01, 0.16122E+03, 0.21778E+00, 0.80617E-02
 0.22000E+02, 0.40000E+01, 0.16801E+03, 0.24118E+00, 0.73933E-02
 0.23000E+02, 0.40000E+01, 0.63093E+03, 0.30000E+02, 0.13208E-05
 0.24000E+02, 0.40000E+01, 0.63212E+03, 0.30000E+02, 0.27294E-05
 0.25000E+02, 0.40000E+01, 0.74067E+03, 0.30000E+02, 0.25229E-04
 0.26000E+02, 0.40000E+01, 0.75207E+03, 0.30000E+02, 0.26260E-04
 0.27000E+02, 0.40000E+01, 0.73644E+03, 0.30000E+02, 0.13811E-04
 0.28000E+02, 0.40000E+01, 0.51478E+03, 0.30000E+02, 0.28303E-05
 0.29000E+02, 0.40000E+01, 0.42031E+03, 0.30000E+02, 0.34389E-05
 0.30000E+02, 0.40000E+01, 0.39993E+03, 0.30000E+02, 0.24074E-05
 0.31000E+02, 0.40000E+01, 0.41968E+03, 0.30000E+02, 0.27734E-05
 0.32000E+02, 0.40000E+01, 0.42424E+03, 0.30000E+02, 0.36618E-05
 0.33000E+02, 0.40000E+01, 0.44776E+03, 0.30000E+02, 0.27005E-05
 0.34000E+02, 0.40000E+01, 0.27363E+03, 0.11622E+00, 0.19016E-01
 0.35000E+02, 0.40000E+01, 0.27234E+03, 0.14125E+00, 0.15609E-01
 0.36000E+02, 0.40000E+01, 0.27050E+03, 0.11112E+00, 0.19774E-01
 0.37000E+02, 0.40000E+01, 0.26718E+03, 0.97013E-01, 0.22512E-01
 0.38000E+02, 0.40000E+01, 0.26404E+03, 0.89544E-01, 0.24248E-01
 0.39000E+02, 0.40000E+01, 0.26283E+03, 0.91479E-01, 0.23681E-01
 0.40000E+02, 0.40000E+01, 0.30419E+03, 0.18471E+00, 0.12634E-01
 0.41000E+02, 0.40000E+01, 0.32103E+03, 0.18364E+00, 0.13077E-01
 0.42000E+02, 0.40000E+01, 0.30510E+03, 0.16329E+00, 0.14313E-01
 0.43000E+02, 0.40000E+01, 0.27856E+03, 0.16063E+00, 0.13882E-01
 0.44000E+02, 0.40000E+01, 0.27090E+03, 0.16350E+00, 0.13449E-01
 0.45000E+02, 0.40000E+01, 0.27902E+03, 0.16023E+00, 0.13929E-01
 0.46000E+02, 0.40000E+01, 0.28914E+03, 0.15585E+00, 0.14582E-01
 0.47000E+02, 0.40000E+01, 0.29036E+03, 0.15105E+00, 0.15078E-01
 0.48000E+02, 0.40000E+01, 0.28663E+03, 0.14806E+00, 0.15281E-01
 0.49000E+02, 0.40000E+01, 0.28794E+03, 0.14037E+00, 0.16157E-01
 0.50000E+02, 0.40000E+01, 0.28760E+03, 0.13074E+00, 0.17336E-01
 0.51000E+02, 0.40000E+01, 0.27747E+03, 0.11989E+00, 0.18563E-01
 0.52000E+02, 0.40000E+01, 0.25693E+03, 0.10253E+00, 0.20897E-01
 0.53000E+02, 0.40000E+01, 0.25659E+03, 0.98614E-01, 0.21712E-01
 0.54000E+02, 0.40000E+01, 0.26508E+03, 0.99002E-01, 0.21974E-01
 0.55000E+02, 0.40000E+01, 0.26882E+03, 0.10455E+00, 0.20953E-01
 0.56000E+02, 0.40000E+01, 0.26614E+03, 0.10849E+00, 0.20091E-01
 0.57000E+02, 0.40000E+01, 0.25199E+03, 0.12567E+00, 0.16890E-01
 0.58000E+02, 0.40000E+01, 0.23966E+03, 0.15937E+00, 0.13005E-01
 0.59000E+02, 0.40000E+01, 0.25078E+03, 0.14456E+00, 0.14649E-01
 0.60000E+02, 0.40000E+01, 0.26091E+03, 0.11214E+00, 0.19249E-01
 0.61000E+02, 0.40000E+01, 0.26160E+03, 0.11891E+00, 0.18176E-01
 0.62000E+02, 0.40000E+01, 0.26011E+03, 0.15723E+00, 0.13708E-01
 0.63000E+02, 0.40000E+01, 0.22000E+02, 0.30000E+02, 0.00000E+00
 0.64000E+02, 0.40000E+01, 0.30137E+03, 0.51010E+00, 0.45523E-02
 0.65000E+02, 0.40000E+01, 0.31107E+03, 0.52260E+00, 0.45184E-02
 0.00000E+00, 0.50000E+01, 0.18512E+03, 0.24721E+00, 0.74925E-02
 0.10000E+01, 0.50000E+01, 0.19527E+03, 0.24676E+00, 0.76724E-02
 0.20000E+01, 0.50000E+01, 0.20570E+03, 0.23529E+00, 0.82256E-02
 0.30000E+01, 0.50000E+01, 0.19525E+03, 0.24664E+00, 0.76759E-02
 0.40000E+01, 0.50000E+01, 0.19755E+03, 0.24534E+00, 0.77544E-02
 0.50000E+01, 0.50000E+01, 0.19873E+03, 0.24514E+00, 0.77804E-02
 0.60000E+01, 0.50000E+01, 0.18887E+03, 0.24131E+00, 0.77385E-02
 0.70000E+01, 0.50000E+01, 0.16545E+03, 0.24673E+00, 0.71849E-02
 0.80000E+01, 0.50000E+01, 0.22000E+02, 0.30000E+02, 0.00000E+00
 0.90000E+01, 0.50000E+01, 0.21539E+03, 0.38554E+00, 0.51216E-02
 0.10000E+02, 0.50000E+01, 0.21126E+03, 0.37127E+00, 0.52735E-02
 0.11000E+02, 0.50000E+01, 0.19384E+03, 0.14503E+00, 0.13014E-01
 0.12000E+02, 0.50000E+01, 0.18528E+03, 0.12231E+00, 0.15150E-01
 0.13000E+02, 0.50000E+01, 0.17302E+03, 0.11227E+00, 0.16063E-01
 0.14000E+02, 0.50000E+01, 0.16178E+03, 0.10067E+00, 0.17462E-01
 0.15000E+02, 0.50000E+01, 0.14857E+03, 0.91460E-01, 0.18637E-01
 0.16000E+02, 0.50000E+01, 0.15135E+03, 0.10053E+00, 0.17067E-01
 0.17000E+02, 0.50000E+01, 0.25245E+03, 0.13011E+01, 0.16328E-02
 0.18000E+02, 0.50000E+01, 0.22371E+03, 0.78870E+00, 0.25462E-02
 0.19000E+02, 0.50000E+01, 0.20457E+03, 0.64860E+00, 0.29770E-02
 0.20000E+02, 0.50000E+01, 0.15541E+03, 0.21447E+00, 0.80766E-02
 0.21000E+02, 0.50000E+01, 0.17435E+03, 0.24476E+00, 0.73897E-02
 0.22000E+02, 0.50000E+01, 0.17255E+03, 0.25342E+00, 0.71086E-02
 0.23000E+02, 0.50000E+01, 0.60046E+03, 0.30000E+02, 0.20143E-04
 0.24000E+02, 0.50000E+01, 0.57006E+03, 0.30000E+02, 0.34435E-04
 0.25000E+02, 0.50000E+01, 0.60444E+03, 0.30000E+02, 0.55502E-04
 0.26000E+02, 0.50000E+01, 0.58389E+03, 0.30000E+02, 0.54807E-04
 0.27000E+02, 0.50000E+01, 0.58919E+03, 0.30000E+02, 0.22923E-04
 0.28000E+02, 0.50000E+01, 0.46196E+03, 0.30000E+02, 0.72915E-05
 0.29000E+02, 0.50000E+01, 0.38559E+03, 0.30000E+02, 0.39625E-05
 0.30000E+02, 0.50000E+01, 0.36663E+03, 0.30000E+02, 0.34912E-05
 0.31000E+02, 0.50000E+01, 0.37280E+03, 0.30000E+02, 0.28229E-05
 0.32000E+02, 0.50000E+01, 0.39673E+03, 0.30000E+02, 0.29151E-05
 0.33000E+02, 0.50000E+01, 0.42171E+03, 0.30000E+02, 0.43517E-05
 0.34000E+02, 0.50000E+01, 0.27644E+03, 0.14752E+00, 0.15058E-01
 0.35000E+02, 0.50000E+01, 0.27573E+03, 0.17411E+00, 0.12741E-01
 0.36000E+02, 0.50000E+01, 0.27235E+03, 0.11999E+00, 0.18375E-01
 0.37000E+02, 0.50000E+01, 0.26874E+03, 0.94640E-01, 0.23143E-01
 0.38000E+02, 0.50000E+01, 0.26543E+03, 0.90661E-01, 0.24011E-01
 0.39000E+02, 0.50000E+01, 0.26511E+03, 0.95548E-01, 0.22769E-01
 0.40000E+02, 0.50000E+01, 0.35749E+03, 0.18213E+00, 0.13995E-01
 0.41000E+02, 0.50000E+01, 0.37347E+03, 0.17743E+00, 0.14730E-01
 0.42000E+02, 0.50000E+01, 0.33112E+03, 0.15960E+00, 0.15303E-01
 0.43000E+02, 0.50000E+01, 0.28099E+03, 0.15790E+00, 0.14184E-01
 0.44000E+02, 0.50000E+01, 0.28191E+03, 0.15891E+00, 0.14118E-01
 0.45000E+02, 0.50000E+01, 0.29048E+03, 0.15537E+00, 0.14662E-01
 0.46000E+02, 0.50000E+01, 0.28736E+03, 0.14818E+00, 0.15289E-01
 0.47000E+02, 0.50000E+01, 0.27594E+03, 0.14127E+00, 0.15709E-01
 0.48000E+02, 0.50000E+01, 0.27197E+03, 0.13633E+00, 0.16161E-01
 0.49000E+02, 0.50000E+01, 0.27215E+03, 0.12976E+00, 0.16986E-01
 0.50000E+02, 0.50000E+01, 0.27108E+03, 0.12763E+00, 0.17234E-01
 0.51000E+02, 0.50000E+01, 0.27278E+03, 0.12250E+00, 0.18012E-01
 0.52000E+02, 0.50000E+01, 0.26168E+03, 0.10140E+00, 0.21319E-01
 0.53000E+02, 0.50000E+01, 0.25997E+03, 0.99012E-01, 0.21763E-01
 0.54000E+02, 0.50000E+01, 0.26276E+03, 0.98638E-01, 0.21960E-01
 0.55000E+02, 0.50000E+01, 0.27197E+03, 0.10010E+00, 0.22011E-01
 0.56000E+02, 0.50000E+01, 0.26956E+03, 0.10590E+00, 0.20714E-01
 0.57000E+02, 0.50000E+01, 0.25669E+03, 0.12229E+00, 0.17512E-01
 0.58000E+02, 0.50000E+01, 0.24524E+03, 0.15984E+00, 0.13108E-01
 0.59000E+02, 0.50000E+01, 0.24887E+03, 0.15103E+00, 0.13970E-01
 0.60000E+02, 0.50000E+01, 0.26223E+03, 0.12290E+00, 0.17607E-01
 0.61000E+02, 0.50000E+01, 0.26181E+03, 0.11823E+00, 0.18289E-01
 0.62000E+02, 0.50000E+01, 0.26026E+03, 0.15919E+00, 0.13544E-01
 0.63000E+02, 0.50000E+01, 0.22000E+02, 0.30000E+02, 0.00000E+00
 0.64000E+02, 0.50000E+01, 0.29765E+03, 0.50267E+00, 0.45896E-02
 0.65000E+02, 0.50000E+01, 0.31256E+03, 0.51710E+00, 0.45781E-02
 0.00000E+00, 0.60000E+01, 0.20116E+03, 0.23960E+00, 0.80012E-02
 0.10000E+01, 0.60000E+01, 0.20297E+03, 0.24098E+00, 0.79856E-02
 0.20000E+01, 0.60000E+01, 0.20692E+03, 0.23667E+00, 0.81985E-02
 0.30000E+01, 0.60000E+01, 0.19072E+03, 0.25353E+00, 0.73951E-02
 0.40000E+01, 0.60000E+01, 0.18942E+03, 0.25443E+00, 0.73482E-02
 0.50000E+01, 0.60000E+01, 0.19736E+03, 0.24625E+00, 0.77226E-02
 0.60000E+01, 0.60000E+01, 0.18988E+03, 0.24385E+00, 0.76747E-02
 0.70000E+01, 0.60000E+01, 0.18182E+03, 0.23821E+00, 0.77199E-02
 0.80000E+01, 0.60000E+01, 0.22000E+02, 0.30000E+02, 0.00000E+00
 0.90000E+01, 0.60000E+01, 0.24085E+03, 0.46966E+00, 0.44234E-02
 0.10000E+02, 0.60000E+01, 0.21638E+03, 0.38424E+00, 0.51494E-02
 0.11000E+02, 0.60000E+01, 0.20518E+03, 0.17672E+00, 0.10940E-01
 0.12000E+02, 0.60000E+01, 0.18525E+03, 0.11904E+00, 0.15564E-01
 0.13000E+02, 0.60000E+01, 0.18317E+03, 0.11356E+00, 0.16242E-01
 0.14000E+02, 0.60000E+01, 0.15666E+03, 0.27147E+00, 0.63992E-02
 0.15000E+02, 0.60000E+01, 0.15599E+03, 0.27323E+00, 0.63481E-02
 0.16000E+02, 0.60000E+01, 0.15078E+03, 0.26948E+00, 0.63582E-02
 0.17000E+02, 0.60000E+01, 0.27716E+03, 0.15082E+01, 0.14748E-02
 0.18000E+02, 0.60000E+01, 0.27426E+03, 0.15071E+01, 0.14681E-02
 0.19000E+02, 0.60000E+01, 0.23199E+02, 0.30000E+02, 0.00000E+00
 0.20000E+02, 0.60000E+01, 0.22849E+02, 0.30000E+02, 0.00000E+00
 0.21000E+02, 0.60000E+01, 0.31591E+03, 0.25912E+01, 0.91883E-03
 0.22000E+02, 0.60000E+01, 0.32108E+03, 0.28553E+01, 0.84117E-03
 0.23000E+02, 0.60000E+01, 0.53629E+03, 0.30000E+02, 0.59538E-04
 0.24000E+02, 0.60000E+01, 0.51088E+03, 0.30000E+02, 0.86802E-04
 0.25000E+02, 0.60000E+01, 0.46648E+03, 0.30000E+02, 0.65493E-04
 0.26000E+02, 0.60000E+01, 0.47948E+03, 0.30000E+02, 0.43591E-04
 0.27000E+02, 0.60000E+01, 0.42355E+03, 0.30000E+02, 0.20182E-04
 0.28000E+02, 0.60000E+01, 0.38182E+03, 0.30000E+02, 0.93968E-05
 0.29000E+02, 0.60000E+01, 0.37631E+03, 0.30000E+02, 0.57007E-05
 0.30000E+02, 0.60000E+01, 0.37124E+03, 0.30000E+02, 0.43415E-05
 0.31000E+02, 0.60000E+01, 0.35459E+03, 0.30000E+02, 0.40266E-05
 0.32000E+02, 0.60000E+01, 0.35101E+03, 0.30000E+02, 0.38397E-05
 0.33000E+02, 0.60000E+01, 0.37408E+03, 0.30000E+02, 0.40671E-05
 0.34000E+02, 0.60000E+01, 0.28326E+03, 0.19186E+00, 0.11722E-01
 0.35000E+02, 0.60000E+01, 0.27210E+03, 0.18893E+00, 0.11665E-01
 0.36000E+02, 0.60000E+01, 0.26925E+03, 0.12913E+00, 0.16977E-01
 0.37000E+02, 0.60000E+01, 0.27072E+03, 0.10427E+00, 0.21082E-01
 0.38000E+02, 0.60000E+01, 0.27166E+03, 0.98186E-01, 0.22427E-01
 0.39000E+02, 0.60000E+01, 0.26425E+03, 0.98088E-01, 0.22144E-01
 0.40000E+02, 0.60000E+01, 0.42721E+03, 0.20425E+00, 0.13859E-01
 0.41000E+02, 0.60000E+01, 0.42752E+03, 0.18928E+00, 0.14962E-01
 0.42000E+02, 0.60000E+01, 0.35986E+03, 0.16256E+00, 0.15738E-01
 0.43000E+02, 0.60000E+01, 0.29472E+03, 0.14726E+00, 0.15586E-01
 0.44000E+02, 0.60000E+01, 0.29089E+03, 0.14802E+00, 0.15401E-01
 0.45000E+02, 0.60000E+01, 0.29039E+03, 0.14703E+00, 0.15492E-01
 0.46000E+02, 0.60000E+01, 0.28161E+03, 0.14033E+00, 0.15978E-01
 0.47000E+02, 0.60000E+01, 0.28106E+03, 0.13180E+00, 0.16995E-01
 0.48000E+02, 0.60000E+01, 0.28499E+03, 0.12947E+00, 0.17425E-01
 0.49000E+02, 0.60000E+01, 0.26162E+03, 0.12796E+00, 0.16891E-01
 0.50000E+02, 0.60000E+01, 0.26340E+03, 0.12759E+00, 0.16997E-01
 0.51000E+02, 0.60000E+01, 0.26913E+03, 0.12343E+00, 0.17757E-01
 0.52000E+02, 0.60000E+01, 0.26373E+03, 0.12243E+00, 0.17724E-01
 0.53000E+02, 0.60000E+01, 0.26689E+03, 0.10078E+00, 0.21659E-01
 0.54000E+02, 0.60000E+01, 0.26826E+03, 0.99410E-01, 0.22013E-01
 0.55000E+02, 0.60000E+01, 0.26684E+03, 0.99687E-01, 0.21894E-01
 0.56000E+02, 0.60000E+01, 0.26216E+03, 0.10864E+00, 0.19915E-01
 0.57000E+02, 0.60000E+01, 0.24872E+03, 0.13312E+00, 0.15845E-01
 0.58000E+02, 0.60000E+01, 0.24749E+03, 0.16422E+00, 0.12814E-01
 0.59000E+02, 0.60000E+01, 0.25662E+03, 0.15375E+00, 0.13927E-01
 0.60000E+02, 0.60000E+01, 0.26168E+03, 0.17844E+00, 0.12114E-01
 0.61000E+02, 0.60000E+01, 0.26212E+03, 0.16828E+00, 0.12857E-01
 0.62000E+02, 0.60000E+01, 0.26476E+03, 0.14653E+00, 0.14837E-01
 0.63000E+02, 0.60000E+01, 0.22000E+02, 0.30000E+02, 0.00000E+00
 0.64000E+02, 0.60000E+01, 0.31814E+03, 0.51599E+00, 0.46317E-02
 0.65000E+02, 0.60000E+01, 0.32550E+03, 0.53270E+00, 0.45422E-02
 0.00000E+00, 0.70000E+01, 0.21389E+03, 0.23887E+00, 0.82409E-02
 0.10000E+01, 0.70000E+01, 0.21412E+03, 0.23772E+00, 0.82846E-02
 0.20000E+01, 0.70000E+01, 0.20684E+03, 0.24289E+00, 0.79873E-02
 0.30000E+01, 0.70000E+01, 0.21437E+03, 0.24315E+00, 0.81038E-02
 0.40000E+01, 0.70000E+01, 0.20677E+03, 0.24291E+00, 0.79856E-02
 0.50000E+01, 0.70000E+01, 0.21688E+03, 0.23826E+00, 0.83130E-02
 0.60000E+01, 0.70000E+01, 0.19624E+03, 0.24455E+00, 0.77578E-02
 0.70000E+01, 0.70000E+01, 0.18843E+03, 0.24108E+00, 0.77385E-02
 0.80000E+01, 0.70000E+01, 0.22000E+02, 0.30000E+02, 0.00000E+00
 0.90000E+01, 0.70000E+01, 0.25546E+03, 0.45739E+00, 0.46712E-02
 0.10000E+02, 0.70000E+01, 0.21601E+03, 0.37009E+00, 0.53423E-02
 0.11000E+02, 0.70000E+01, 0.20186E+03, 0.17019E+00, 0.11281E-01
 0.12000E+02, 0.70000E+01, 0.18549E+03, 0.12075E+00, 0.15351E-01
 0.13000E+02, 0.70000E+01, 0.20859E+03, 0.16352E+00, 0.11907E-01
 0.14000E+02, 0.70000E+01, 0.17026E+03, 0.31004E+00, 0.57804E-02
 0.15000E+02, 0.70000E+01, 0.16379E+03, 0.30130E+00, 0.58613E-02
 0.16000E+02, 0.70000E+01, 0.14914E+03, 0.27642E+00, 0.61747E-02
 0.17000E+02, 0.70000E+01, 0.28254E+03, 0.14017E+01, 0.16023E-02
 0.18000E+02, 0.70000E+01, 0.27722E+03, 0.15052E+01, 0.14779E-02
 0.19000E+02, 0.70000E+01, 0.22848E+02, 0.30000E+02, 0.00000E+00
 0.20000E+02, 0.70000E+01, 0.22769E+02, 0.30000E+02, 0.00000E+00
 0.21000E+02, 0.70000E+01, 0.31368E+03, 0.18042E+01, 0.13146E-02
 0.22000E+02, 0.70000E+01, 0.32053E+03, 0.27287E+01, 0.87939E-03
 0.23000E+02, 0.70000E+01, 0.53827E+03, 0.30000E+02, 0.43984E-04
 0.24000E+02, 0.70000E+01, 0.54900E+03, 0.30000E+02, 0.91436E-04
 0.25000E+02, 0.70000E+01, 0.54917E+03, 0.30000E+02, 0.10045E-03
 0.26000E+02, 0.70000E+01, 0.46037E+03, 0.30000E+02, 0.49844E-04
 0.27000E+02, 0.70000E+01, 0.41391E+03, 0.30000E+02, 0.30347E-04
 0.28000E+02, 0.70000E+01, 0.41976E+03, 0.30000E+02, 0.23375E-04
 0.29000E+02, 0.70000E+01, 0.40755E+03, 0.30000E+02, 0.15140E-04
 0.30000E+02, 0.70000E+01, 0.42107E+03, 0.30000E+02, 0.14246E-04
 0.31000E+02, 0.70000E+01, 0.35984E+03, 0.30000E+02, 0.55914E-05
 0.32000E+02, 0.70000E+01, 0.33051E+03, 0.30000E+02, 0.46824E-05
 0.33000E+02, 0.70000E+01, 0.33775E+03, 0.30000E+02, 0.41812E-05
 0.34000E+02, 0.70000E+01, 0.29814E+03, 0.26173E+00, 0.88221E-02
 0.35000E+02, 0.70000E+01, 0.28639E+03, 0.30533E+00, 0.74070E-02
 0.36000E+02, 0.70000E+01, 0.26622E+03, 0.16602E+00, 0.13131E-01
 0.37000E+02, 0.70000E+01, 0.26728E+03, 0.11873E+00, 0.18398E-01
 0.38000E+02, 0.70000E+01, 0.27105E+03, 0.10496E+00, 0.20955E-01
 0.39000E+02, 0.70000E+01, 0.25463E+03, 0.98607E-01, 0.21633E-01
 0.40000E+02, 0.70000E+01, 0.53295E+03, 0.20328E+00, 0.16028E-01
 0.41000E+02, 0.70000E+01, 0.51699E+03, 0.20484E+00, 0.15591E-01
 0.42000E+02, 0.70000E+01, 0.35974E+03, 0.15373E+00, 0.16640E-01
 0.43000E+02, 0.70000E+01, 0.29660E+03, 0.13924E+00, 0.16538E-01
 0.44000E+02, 0.70000E+01, 0.28494E+03, 0.13588E+00, 0.16600E-01
 0.45000E+02, 0.70000E+01, 0.27723E+03, 0.13235E+00, 0.16809E-01
 0.46000E+02, 0.70000E+01, 0.27403E+03, 0.12970E+00, 0.17051E-01
 0.47000E+02, 0.70000E+01, 0.27470E+03, 0.12779E+00, 0.17328E-01
 0.48000E+02, 0.70000E+01, 0.28070E+03, 0.12699E+00, 0.17627E-01
 0.49000E+02, 0.70000E+01, 0.27176E+03, 0.12881E+00, 0.17098E-01
 0.50000E+02, 0.70000E+01, 0.26222E+03, 0.12779E+00, 0.16933E-01
 0.51000E+02, 0.70000E+01, 0.25721E+03, 0.12292E+00, 0.17440E-01
 0.52000E+02, 0.70000E+01, 0.28996E+03, 0.21011E+00, 0.10832E-01
 0.53000E+02, 0.70000E+01, 0.26527E+03, 0.10610E+00, 0.20512E-01
 0.54000E+02, 0.70000E+01, 0.26190E+03, 0.99235E-01, 0.21792E-01
 0.55000E+02, 0.70000E+01, 0.25191E+03, 0.11286E+00, 0.18805E-01
 0.56000E+02, 0.70000E+01, 0.25325E+03, 0.10809E+00, 0.19684E-01
 0.57000E+02, 0.70000E+01, 0.24445E+03, 0.12704E+00, 0.16467E-01
 0.58000E+02, 0.70000E+01, 0.25605E+03, 0.15012E+00, 0.14248E-01
 0.59000E+02, 0.70000E+01, 0.26151E+03, 0.20000E+00, 0.10805E-01
 0.60000E+02, 0.70000E+01, 0.26725E+03, 0.19123E+00, 0.11422E-01
 0.61000E+02, 0.70000E+01, 0.26411E+03, 0.36918E+00, 0.58820E-02
 0.62000E+02, 0.70000E+01, 0.26333E+03, 0.23373E+00, 0.92771E-02
 0.63000E+02, 0.70000E+01, 0.22000E+02, 0.30000E+02, 0.00000E+00
 0.64000E+02, 0.70000E+01, 0.32569E+03, 0.51471E+00, 0.47024E-02
 0.65000E+02, 0.70000E+01, 0.32698E+03, 0.53450E+00, 0.45381E-02
 0.00000E+00, 0.80000E+01, 0.21538E+03, 0.24711E+00, 0.79905E-02
 0.10000E+01, 0.80000E+01, 0.22587E+03, 0.24137E+00, 0.83563E-02
 0.20000E+01, 0.80000E+01, 0.25382E+03, 0.22017E+00, 0.96742E-02
 0.30000E+01, 0.80000E+01, 0.27993E+03, 0.20644E+00, 0.10828E-01
 0.40000E+01, 0.80000E+01, 0.28193E+03, 0.20693E+00, 0.10842E-01
 0.50000E+01, 0.80000E+01, 0.26571E+03, 0.21566E+00, 0.10099E-01
 0.60000E+01, 0.80000E+01, 0.22587E+03, 0.23362E+00, 0.86337E-02
 0.70000E+01, 0.80000E+01, 0.19114E+03, 0.24682E+00, 0.76030E-02
 0.80000E+01, 0.80000E+01, 0.22000E+02, 0.30000E+02, 0.00000E+00
 0.90000E+01, 0.80000E+01, 0.27536E+03, 0.39212E+00, 0.56538E-02
 0.10000E+02, 0.80000E+01, 0.27929E+03, 0.46188E+00, 0.48343E-02
 0.11000E+02, 0.80000E+01, 0.27572E+03, 0.87043E+00, 0.25487E-02
 0.12000E+02, 0.80000E+01, 0.27658E+03, 0.10902E+01, 0.20380E-02
 0.13000E+02, 0.80000E+01, 0.27940E+03, 0.10767E+01, 0.20742E-02
 0.14000E+02, 0.80000E+01, 0.28030E+03, 0.11134E+01, 0.20091E-02
 0.15000E+02, 0.80000E+01, 0.27834E+03, 0.11078E+01, 0.20121E-02
 0.16000E+02, 0.80000E+01, 0.28062E+03, 0.11633E+01, 0.19241E-02
 0.17000E+02, 0.80000E+01, 0.28241E+03, 0.12271E+01, 0.18300E-02
 0.18000E+02, 0.80000E+01, 0.29593E+03, 0.14882E+01, 0.15456E-02
 0.19000E+02, 0.80000E+01, 0.30635E+03, 0.18196E+01, 0.12872E-02
 0.20000E+02, 0.80000E+01, 0.30703E+03, 0.16490E+01, 0.14221E-02
 0.21000E+02, 0.80000E+01, 0.32901E+03, 0.19132E+01, 0.12721E-02
 0.22000E+02, 0.80000E+01, 0.34188E+03, 0.24349E+01, 0.10209E-02
 0.23000E+02, 0.80000E+01, 0.40424E+03, 0.47696E+01, 0.57403E-03
 0.24000E+02, 0.80000E+01, 0.37957E+03, 0.51177E+01, 0.51550E-03
 0.25000E+02, 0.80000E+01, 0.36249E+03, 0.47154E+01, 0.54484E-03
 0.26000E+02, 0.80000E+01, 0.36768E+03, 0.48125E+01, 0.53821E-03
 0.27000E+02, 0.80000E+01, 0.35729E+03, 0.45427E+01, 0.56093E-03
 0.28000E+02, 0.80000E+01, 0.35344E+03, 0.46200E+01, 0.54818E-03
 0.29000E+02, 0.80000E+01, 0.34819E+03, 0.37751E+01, 0.66524E-03
 0.30000E+02, 0.80000E+01, 0.33810E+03, 0.28276E+01, 0.87372E-03
 0.31000E+02, 0.80000E+01, 0.33332E+03, 0.22720E+01, 0.10789E-02
 0.32000E+02, 0.80000E+01, 0.32885E+03, 0.23242E+01, 0.10469E-02
 0.33000E+02, 0.80000E+01, 0.32804E+03, 0.22516E+01, 0.10792E-02
 0.34000E+02, 0.80000E+01, 0.33102E+03, 0.19053E+01, 0.12817E-02
 0.35000E+02, 0.80000E+01, 0.32572E+03, 0.19580E+01, 0.12362E-02
 0.36000E+02, 0.80000E+01, 0.32415E+03, 0.27476E+01, 0.87864E-03
 0.37000E+02, 0.80000E+01, 0.32237E+03, 0.21133E+01, 0.11390E-02
 0.38000E+02, 0.80000E+01, 0.32192E+03, 0.18711E+01, 0.12855E-02
 0.39000E+02, 0.80000E+01, 0.32301E+03, 0.19387E+01, 0.12429E-02
 0.40000E+02, 0.80000E+01, 0.32869E+03, 0.20448E+01, 0.11896E-02
 0.41000E+02, 0.80000E+01, 0.33003E+03, 0.18822E+01, 0.12953E-02
 0.42000E+02, 0.80000E+01, 0.32830E+03, 0.15823E+01, 0.15363E-02
 0.43000E+02, 0.80000E+01, 0.33686E+03, 0.86447E+00, 0.28521E-02
 0.44000E+02, 0.80000E+01, 0.33280E+03, 0.82851E+00, 0.29561E-02
 0.45000E+02, 0.80000E+01, 0.32657E+03, 0.85148E+00, 0.28468E-02
 0.46000E+02, 0.80000E+01, 0.32263E+03, 0.78947E+00, 0.30502E-02
 0.47000E+02, 0.80000E+01, 0.33039E+03, 0.68216E+00, 0.35760E-02
 0.48000E+02, 0.80000E+01, 0.34110E+03, 0.55988E+00, 0.44344E-02
 0.49000E+02, 0.80000E+01, 0.34044E+03, 0.54615E+00, 0.45409E-02
 0.50000E+02, 0.80000E+01, 0.34475E+03, 0.50241E+00, 0.49710E-02
 0.51000E+02, 0.80000E+01, 0.34023E+03, 0.46928E+00, 0.52829E-02
 0.52000E+02, 0.80000E+01, 0.33207E+03, 0.47341E+00, 0.51672E-02
 0.53000E+02, 0.80000E+01, 0.32067E+03, 0.48220E+00, 0.49775E-02
 0.54000E+02, 0.80000E+01, 0.31101E+03, 0.52015E+00, 0.45392E-02
 0.55000E+02, 0.80000E+01, 0.31556E+03, 0.55010E+00, 0.43255E-02
 0.56000E+02, 0.80000E+01, 0.31658E+03, 0.55558E+00, 0.42903E-02
 0.57000E+02, 0.80000E+01, 0.33240E+03, 0.54548E+00, 0.44869E-02
 0.58000E+02, 0.80000E+01, 0.32371E+03, 0.51894E+00, 0.46487E-02
 0.59000E+02, 0.80000E+01, 0.31764E+03, 0.49145E+00, 0.48588E-02
 0.60000E+02, 0.80000E+01, 0.31434E+03, 0.50300E+00, 0.47208E-02
 0.61000E+02, 0.80000E+01, 0.32290E+03, 0.47417E+00, 0.50808E-02
 0.62000E+02, 0.80000E+01, 0.33027E+03, 0.47725E+00, 0.51104E-02
 0.63000E+02, 0.80000E+01, 0.32805E+03, 0.48967E+00, 0.49624E-02
 0.64000E+02, 0.80000E+01, 0.32776E+03, 0.53423E+00, 0.45463E-02
 0.65000E+02, 0.80000E+01, 0.32743E+03, 0.54088E+00, 0.44879E-02
 0.00000E+00, 0.90000E+01, 0.20690E+03, 0.25568E+00, 0.75889E-02
 0.10000E+01, 0.90000E+01, 0.23863E+03, 0.24111E+00, 0.85791E-02
 0.20000E+01, 0.90000E+01, 0.27501E+03, 0.21550E+00, 0.10281E-01
 0.30000E+01, 0.90000E+01, 0.28784E+03, 0.21014E+00, 0.10790E-01
 0.40000E+01, 0.90000E+01, 0.28324E+03, 0.21544E+00, 0.10438E-01
 0.50000E+01, 0.90000E+01, 0.27927E+03, 0.21922E+00, 0.10185E-01
 0.60000E+01, 0.90000E+01, 0.28053E+03, 0.21712E+00, 0.10307E-01
 0.70000E+01, 0.90000E+01, 0.21149E+03, 0.23879E+00, 0.82034E-02
 0.80000E+01, 0.90000E+01, 0.22000E+02, 0.30000E+02, 0.00000E+00
 0.90000E+01, 0.90000E+01, 0.27307E+03, 0.37888E+00, 0.58271E-02
 0.10000E+02, 0.90000E+01, 0.28214E+03, 0.50190E+00, 0.44718E-02
 0.11000E+02, 0.90000E+01, 0.28628E+03, 0.83940E+00, 0.26937E-02
 0.12000E+02, 0.90000E+01, 0.29181E+03, 0.86297E+00, 0.26461E-02
 0.13000E+02, 0.90000E+01, 0.29242E+03, 0.84548E+00, 0.27037E-02
 0.14000E+02, 0.90000E+01, 0.28964E+03, 0.77223E+00, 0.29456E-02
 0.15000E+02, 0.90000E+01, 0.28643E+03, 0.86274E+00, 0.26216E-02
 0.16000E+02, 0.90000E+01, 0.28836E+03, 0.12562E+01, 0.18067E-02
 0.17000E+02, 0.90000E+01, 0.29043E+03, 0.12884E+01, 0.17680E-02
 0.18000E+02, 0.90000E+01, 0.30791E+03, 0.17301E+01, 0.13575E-02
 0.19000E+02, 0.90000E+01, 0.30837E+03, 0.15617E+01, 0.15050E-02
 0.20000E+02, 0.90000E+01, 0.31812E+03, 0.15582E+01, 0.15337E-02
 0.21000E+02, 0.90000E+01, 0.35338E+03, 0.32236E+01, 0.78555E-03
 0.22000E+02, 0.90000E+01, 0.34765E+03, 0.23609E+01, 0.10628E-02
 0.23000E+02, 0.90000E+01, 0.40381E+03, 0.42265E+01, 0.64739E-03
 0.24000E+02, 0.90000E+01, 0.40427E+03, 0.59026E+01, 0.46386E-03
 0.25000E+02, 0.90000E+01, 0.39042E+03, 0.55488E+01, 0.48335E-03
 0.26000E+02, 0.90000E+01, 0.37238E+03, 0.44699E+01, 0.58370E-03
 0.27000E+02, 0.90000E+01, 0.36275E+03, 0.37095E+01, 0.69288E-03
 0.28000E+02, 0.90000E+01, 0.34876E+03, 0.18382E+01, 0.13675E-02
 0.29000E+02, 0.90000E+01, 0.34545E+03, 0.19080E+01, 0.13104E-02
 0.30000E+02, 0.90000E+01, 0.34627E+03, 0.17520E+01, 0.14290E-02
 0.31000E+02, 0.90000E+01, 0.35272E+03, 0.27292E+01, 0.92688E-03
 0.32000E+02, 0.90000E+01, 0.34510E+03, 0.16935E+01, 0.14755E-02
 0.33000E+02, 0.90000E+01, 0.34183E+03, 0.13589E+01, 0.18292E-02
 0.34000E+02, 0.90000E+01, 0.34061E+03, 0.14035E+01, 0.17675E-02
 0.35000E+02, 0.90000E+01, 0.33765E+03, 0.13443E+01, 0.18364E-02
 0.36000E+02, 0.90000E+01, 0.33994E+03, 0.11361E+01, 0.21812E-02
 0.37000E+02, 0.90000E+01, 0.34383E+03, 0.10683E+01, 0.23343E-02
 0.38000E+02, 0.90000E+01, 0.33931E+03, 0.13269E+01, 0.18656E-02
 0.39000E+02, 0.90000E+01, 0.34584E+03, 0.10783E+01, 0.23201E-02
 0.40000E+02, 0.90000E+01, 0.34442E+03, 0.13943E+01, 0.17903E-02
 0.41000E+02, 0.90000E+01, 0.35084E+03, 0.11536E+01, 0.21863E-02
 0.42000E+02, 0.90000E+01, 0.38040E+03, 0.61283E+00, 0.43104E-02
 0.43000E+02, 0.90000E+01, 0.37149E+03, 0.58812E+00, 0.44303E-02
 0.44000E+02, 0.90000E+01, 0.35061E+03, 0.72950E+00, 0.34560E-02
 0.45000E+02, 0.90000E+01, 0.34900E+03, 0.65984E+00, 0.38109E-02
 0.46000E+02, 0.90000E+01, 0.37286E+03, 0.53544E+00, 0.48765E-02
 0.47000E+02, 0.90000E+01, 0.36705E+03, 0.50115E+00, 0.51633E-02
 0.48000E+02, 0.90000E+01, 0.36293E+03, 0.55392E+00, 0.46413E-02
 0.49000E+02, 0.90000E+01, 0.36102E+03, 0.47998E+00, 0.53403E-02
 0.50000E+02, 0.90000E+01, 0.36112E+03, 0.42504E+00, 0.60315E-02
 0.51000E+02, 0.90000E+01, 0.35685E+03, 0.47691E+00, 0.53393E-02
 0.52000E+02, 0.90000E+01, 0.35134E+03, 0.48100E+00, 0.52476E-02
 0.53000E+02, 0.90000E+01, 0.34268E+03, 0.53838E+00, 0.46232E-02
 0.54000E+02, 0.90000E+01, 0.33585E+03, 0.55612E+00, 0.44262E-02
 0.55000E+02, 0.90000E+01, 0.32886E+03, 0.56555E+00, 0.43024E-02
 0.56000E+02, 0.90000E+01, 0.33916E+03, 0.56470E+00, 0.43826E-02
 0.57000E+02, 0.90000E+01, 0.35283E+03, 0.53519E+00, 0.47274E-02
 0.58000E+02, 0.90000E+01, 0.34783E+03, 0.50808E+00, 0.49399E-02
 0.59000E+02, 0.90000E+01, 0.35165E+03, 0.48739E+00, 0.51813E-02
 0.60000E+02, 0.90000E+01, 0.35223E+03, 0.48660E+00, 0.51945E-02
 0.61000E+02, 0.90000E+01, 0.35240E+03, 0.52816E+00, 0.47871E-02
 0.62000E+02, 0.90000E+01, 0.33981E+03, 0.55557E+00, 0.44594E-02
 0.63000E+02, 0.90000E+01, 0.32911E+03, 0.49536E+00, 0.49141E-02
 0.64000E+02, 0.90000E+01, 0.32789E+03, 0.56021E+00, 0.43364E-02
 0.65000E+02, 0.90000E+01, 0.32881E+03, 0.54533E+00, 0.44616E-02
 0.00000E+00, 0.10000E+02, 0.19900E+03, 0.26219E+00, 0.72784E-02
 0.10000E+01, 0.10000E+02, 0.21599E+03, 0.26314E+00, 0.75132E-02
 0.20000E+01, 0.10000E+02, 0.23818E+03, 0.26417E+00, 0.78232E-02
 0.30000E+01, 0.10000E+02, 0.26223E+03, 0.23623E+00, 0.91605E-02
 0.40000E+01, 0.10000E+02, 0.26483E+03, 0.23445E+00, 0.92747E-02
 0.50000E+01, 0.10000E+02, 0.28347E+03, 0.22955E+00, 0.98006E-02
 0.60000E+01, 0.10000E+02, 0.28798E+03, 0.22896E+00, 0.99058E-02
 0.70000E+01, 0.10000E+02, 0.26004E+03, 0.23356E+00, 0.92269E-02
 0.80000E+01, 0.10000E+02, 0.22000E+02, 0.30000E+02, 0.00000E+00
 0.90000E+01, 0.10000E+02, 0.26802E+03, 0.39595E+00, 0.55242E-02
 0.10000E+02, 0.10000E+02, 0.28680E+03, 0.49099E+00, 0.46095E-02
 0.11000E+02, 0.10000E+02, 0.29424E+03, 0.56296E+00, 0.40736E-02
 0.12000E+02, 0.10000E+02, 0.29515E+03, 0.64363E+00, 0.35688E-02
 0.13000E+02, 0.10000E+02, 0.29409E+03, 0.73377E+00, 0.31245E-02
 0.14000E+02, 0.10000E+02, 0.29092E+03, 0.78593E+00, 0.29009E-02
 0.15000E+02, 0.10000E+02, 0.28857E+03, 0.85596E+00, 0.26524E-02
 0.16000E+02, 0.10000E+02, 0.28804E+03, 0.10928E+01, 0.20755E-02
 0.17000E+02, 0.10000E+02, 0.30038E+03, 0.15730E+01, 0.14737E-02
 0.18000E+02, 0.10000E+02, 0.30814E+03, 0.17615E+01, 0.13338E-02
 0.19000E+02, 0.10000E+02, 0.30584E+03, 0.14472E+01, 0.16170E-02
 0.20000E+02, 0.10000E+02, 0.30975E+03, 0.14258E+01, 0.16524E-02
 0.21000E+02, 0.10000E+02, 0.34279E+03, 0.23195E+01, 0.10733E-02
 0.22000E+02, 0.10000E+02, 0.37060E+03, 0.41394E+01, 0.62858E-03
 0.23000E+02, 0.10000E+02, 0.39058E+03, 0.41592E+01, 0.64500E-03
 0.24000E+02, 0.10000E+02, 0.41131E+03, 0.57017E+01, 0.48520E-03
 0.25000E+02, 0.10000E+02, 0.40755E+03, 0.60635E+01, 0.45374E-03
 0.26000E+02, 0.10000E+02, 0.38380E+03, 0.42124E+01, 0.63035E-03
 0.27000E+02, 0.10000E+02, 0.36395E+03, 0.31970E+01, 0.80546E-03
 0.28000E+02, 0.10000E+02, 0.34633E+03, 0.15702E+01, 0.15946E-02
 0.29000E+02, 0.10000E+02, 0.34328E+03, 0.13708E+01, 0.18175E-02
 0.30000E+02, 0.10000E+02, 0.35281E+03, 0.20217E+01, 0.12514E-02
 0.31000E+02, 0.10000E+02, 0.35496E+03, 0.25061E+01, 0.10130E-02
 0.32000E+02, 0.10000E+02, 0.34606E+03, 0.16822E+01, 0.14878E-02
 0.33000E+02, 0.10000E+02, 0.33966E+03, 0.13008E+01, 0.19042E-02
 0.34000E+02, 0.10000E+02, 0.34070E+03, 0.12001E+01, 0.20673E-02
 0.35000E+02, 0.10000E+02, 0.34170E+03, 0.10120E+01, 0.24556E-02
 0.36000E+02, 0.10000E+02, 0.34261E+03, 0.10104E+01, 0.24632E-02
 0.37000E+02, 0.10000E+02, 0.34807E+03, 0.96988E+00, 0.25888E-02
 0.38000E+02, 0.10000E+02, 0.35971E+03, 0.86862E+00, 0.29448E-02
 0.39000E+02, 0.10000E+02, 0.39736E+03, 0.58256E+00, 0.46520E-02
 0.40000E+02, 0.10000E+02, 0.39735E+03, 0.59260E+00, 0.45731E-02
 0.41000E+02, 0.10000E+02, 0.39727E+03, 0.61022E+00, 0.44406E-02
 0.42000E+02, 0.10000E+02, 0.40495E+03, 0.56890E+00, 0.48177E-02
 0.43000E+02, 0.10000E+02, 0.37692E+03, 0.68063E+00, 0.38603E-02
 0.44000E+02, 0.10000E+02, 0.36496E+03, 0.75494E+00, 0.34163E-02
 0.45000E+02, 0.10000E+02, 0.37707E+03, 0.63913E+00, 0.41119E-02
 0.46000E+02, 0.10000E+02, 0.38228E+03, 0.57381E+00, 0.46167E-02
 0.47000E+02, 0.10000E+02, 0.37473E+03, 0.44042E+00, 0.59457E-02
 0.48000E+02, 0.10000E+02, 0.37161E+03, 0.48851E+00, 0.53346E-02
 0.49000E+02, 0.10000E+02, 0.36538E+03, 0.44535E+00, 0.57950E-02
 0.50000E+02, 0.10000E+02, 0.36325E+03, 0.35977E+00, 0.71497E-02
 0.51000E+02, 0.10000E+02, 0.36580E+03, 0.42448E+00, 0.60839E-02
 0.52000E+02, 0.10000E+02, 0.35566E+03, 0.60561E+00, 0.41967E-02
 0.53000E+02, 0.10000E+02, 0.35322E+03, 0.57477E+00, 0.44046E-02
 0.54000E+02, 0.10000E+02, 0.35792E+03, 0.57104E+00, 0.44667E-02
 0.55000E+02, 0.10000E+02, 0.36192E+03, 0.56507E+00, 0.45425E-02
 0.56000E+02, 0.10000E+02, 0.35791E+03, 0.55686E+00, 0.45805E-02
 0.57000E+02, 0.10000E+02, 0.35774E+03, 0.53725E+00, 0.47463E-02
 0.58000E+02, 0.10000E+02, 0.36095E+03, 0.52816E+00, 0.48525E-02
 0.59000E+02, 0.10000E+02, 0.35455E+03, 0.53072E+00, 0.47803E-02
 0.60000E+02, 0.10000E+02, 0.34500E+03, 0.53737E+00, 0.46494E-02
 0.61000E+02, 0.10000E+02, 0.33819E+03, 0.55484E+00, 0.44534E-02
 0.62000E+02, 0.10000E+02, 0.32543E+03, 0.48309E+00, 0.50081E-02
 0.63000E+02, 0.10000E+02, 0.32446E+03, 0.52175E+00, 0.46295E-02
 0.64000E+02, 0.10000E+02, 0.32631E+03, 0.53075E+00, 0.45650E-02
 0.65000E+02, 0.10000E+02, 0.32946E+03, 0.53566E+00, 0.45470E-02
 0.00000E+00, 0.11000E+02, 0.19555E+03, 0.26476E+00, 0.71552E-02
 0.10000E+01, 0.11000E+02, 0.20742E+03, 0.27076E+00, 0.71739E-02
 0.20000E+01, 0.11000E+02, 0.21902E+03, 0.27620E+00, 0.72022E-02
 0.30000E+01, 0.11000E+02, 0.25708E+03, 0.24163E+00, 0.88692E-02
 0.40000E+01, 0.11000E+02, 0.26475E+03, 0.24357E+00, 0.89259E-02
 0.50000E+01, 0.11000E+02, 0.28072E+03, 0.24499E+00, 0.91379E-02
 0.60000E+01, 0.11000E+02, 0.29323E+03, 0.23756E+00, 0.96365E-02
 0.70000E+01, 0.11000E+02, 0.29641E+03, 0.23188E+00, 0.99278E-02
 0.80000E+01, 0.11000E+02, 0.22000E+02, 0.30000E+02, 0.00000E+00
 0.90000E+01, 0.11000E+02, 0.26798E+03, 0.37753E+00, 0.57934E-02
 0.10000E+02, 0.11000E+02, 0.28558E+03, 0.38312E+00, 0.58945E-02
 0.11000E+02, 0.11000E+02, 0.29687E+03, 0.45117E+00, 0.51066E-02
 0.12000E+02, 0.11000E+02, 0.29382E+03, 0.67960E+00, 0.33720E-02
 0.13000E+02, 0.11000E+02, 0.29966E+03, 0.62542E+00, 0.37018E-02
 0.14000E+02, 0.11000E+02, 0.29106E+03, 0.78001E+00, 0.29236E-02
 0.15000E+02, 0.11000E+02, 0.28801E+03, 0.79082E+00, 0.28680E-02
 0.16000E+02, 0.11000E+02, 0.28828E+03, 0.86838E+00, 0.26132E-02
 0.17000E+02, 0.11000E+02, 0.29033E+03, 0.88369E+00, 0.25772E-02
 0.18000E+02, 0.11000E+02, 0.29554E+03, 0.13216E+01, 0.17392E-02
 0.19000E+02, 0.11000E+02, 0.30259E+03, 0.14976E+01, 0.15538E-02
 0.20000E+02, 0.11000E+02, 0.30314E+03, 0.12596E+01, 0.18492E-02
 0.21000E+02, 0.11000E+02, 0.34900E+03, 0.27555E+01, 0.91259E-03
 0.22000E+02, 0.11000E+02, 0.35947E+03, 0.28435E+01, 0.89922E-03
 0.23000E+02, 0.11000E+02, 0.38697E+03, 0.41777E+01, 0.63866E-03
 0.24000E+02, 0.11000E+02, 0.40173E+03, 0.51062E+01, 0.53421E-03
 0.25000E+02, 0.11000E+02, 0.40417E+03, 0.58638E+01, 0.46687E-03
 0.26000E+02, 0.11000E+02, 0.37807E+03, 0.41590E+01, 0.63287E-03
 0.27000E+02, 0.11000E+02, 0.36926E+03, 0.31815E+01, 0.81614E-03
 0.28000E+02, 0.11000E+02, 0.35125E+03, 0.18935E+01, 0.13328E-02
 0.29000E+02, 0.11000E+02, 0.34174E+03, 0.12813E+01, 0.19396E-02
 0.30000E+02, 0.11000E+02, 0.34730E+03, 0.14752E+01, 0.16999E-02
 0.31000E+02, 0.11000E+02, 0.34997E+03, 0.18884E+01, 0.13337E-02
 0.32000E+02, 0.11000E+02, 0.34661E+03, 0.18332E+01, 0.13664E-02
 0.33000E+02, 0.11000E+02, 0.33765E+03, 0.12792E+01, 0.19298E-02
 0.34000E+02, 0.11000E+02, 0.33940E+03, 0.10726E+01, 0.23082E-02
 0.35000E+02, 0.11000E+02, 0.33972E+03, 0.10360E+01, 0.23909E-02
 0.36000E+02, 0.11000E+02, 0.34460E+03, 0.97144E+00, 0.25702E-02
 0.37000E+02, 0.11000E+02, 0.34847E+03, 0.98301E+00, 0.25559E-02
 0.38000E+02, 0.11000E+02, 0.35819E+03, 0.88376E+00, 0.28874E-02
 0.39000E+02, 0.11000E+02, 0.40051E+03, 0.59372E+00, 0.45860E-02
 0.40000E+02, 0.11000E+02, 0.42792E+03, 0.50319E+00, 0.56312E-02
 0.41000E+02, 0.11000E+02, 0.43214E+03, 0.51157E+00, 0.55724E-02
 0.42000E+02, 0.11000E+02, 0.42343E+03, 0.53687E+00, 0.52442E-02
 0.43000E+02, 0.11000E+02, 0.43215E+03, 0.51032E+00, 0.55861E-02
 0.44000E+02, 0.11000E+02, 0.39278E+03, 0.65512E+00, 0.41085E-02
 0.45000E+02, 0.11000E+02, 0.39004E+03, 0.66601E+00, 0.40247E-02
 0.46000E+02, 0.11000E+02, 0.38761E+03, 0.63244E+00, 0.42228E-02
 0.47000E+02, 0.11000E+02, 0.38738E+03, 0.61624E+00, 0.43323E-02
 0.48000E+02, 0.11000E+02, 0.37615E+03, 0.42210E+00, 0.62175E-02
 0.49000E+02, 0.11000E+02, 0.37137E+03, 0.42994E+00, 0.60591E-02
 0.50000E+02, 0.11000E+02, 0.36790E+03, 0.41548E+00, 0.62361E-02
 0.51000E+02, 0.11000E+02, 0.37003E+03, 0.40931E+00, 0.63511E-02
 0.52000E+02, 0.11000E+02, 0.36480E+03, 0.55815E+00, 0.46196E-02
 0.53000E+02, 0.11000E+02, 0.36527E+03, 0.58215E+00, 0.44325E-02
 0.54000E+02, 0.11000E+02, 0.36791E+03, 0.56350E+00, 0.45981E-02
 0.55000E+02, 0.11000E+02, 0.36415E+03, 0.55724E+00, 0.46225E-02
 0.56000E+02, 0.11000E+02, 0.35604E+03, 0.53034E+00, 0.47952E-02
 0.57000E+02, 0.11000E+02, 0.36533E+03, 0.52994E+00, 0.48697E-02
 0.58000E+02, 0.11000E+02, 0.37256E+03, 0.54312E+00, 0.48053E-02
 0.59000E+02, 0.11000E+02, 0.35744E+03, 0.53698E+00, 0.47464E-02
 0.60000E+02, 0.11000E+02, 0.34302E+03, 0.52149E+00, 0.47757E-02
 0.61000E+02, 0.11000E+02, 0.32756E+03, 0.49403E+00, 0.49146E-02
 0.62000E+02, 0.11000E+02, 0.32059E+03, 0.47149E+00, 0.50898E-02
 0.63000E+02, 0.11000E+02, 0.32228E+03, 0.48160E+00, 0.49971E-02
 0.64000E+02, 0.11000E+02, 0.32221E+03, 0.45539E+00, 0.52841E-02
 0.65000E+02, 0.11000E+02, 0.33104E+03, 0.53173E+00, 0.45926E-02
 0.00000E+00, 0.12000E+02, 0.21532E+03, 0.25518E+00, 0.77370E-02
 0.10000E+01, 0.12000E+02, 0.20599E+03, 0.28019E+00, 0.69119E-02
 0.20000E+01, 0.12000E+02, 0.22522E+03, 0.26509E+00, 0.75986E-02
 0.30000E+01, 0.12000E+02, 0.26761E+03, 0.24372E+00, 0.89678E-02
 0.40000E+01, 0.12000E+02, 0.27314E+03, 0.26036E+00, 0.84804E-02
 0.50000E+01, 0.12000E+02, 0.29611E+03, 0.25793E+00, 0.89204E-02
 0.60000E+01, 0.12000E+02, 0.32946E+03, 0.23457E+00, 0.10383E-01
 0.70000E+01, 0.12000E+02, 0.35858E+03, 0.22392E+00, 0.11403E-01
 0.80000E+01, 0.12000E+02, 0.22000E+02, 0.30000E+02, 0.00000E+00
 0.90000E+01, 0.12000E+02, 0.25662E+03, 0.38685E+00, 0.55351E-02
 0.10000E+02, 0.12000E+02, 0.27899E+03, 0.35984E+00, 0.62018E-02
 0.11000E+02, 0.12000E+02, 0.29340E+03, 0.42671E+00, 0.53664E-02
 0.12000E+02, 0.12000E+02, 0.29847E+03, 0.57102E+00, 0.40461E-02
 0.13000E+02, 0.12000E+02, 0.29367E+03, 0.82038E+00, 0.27926E-02
 0.14000E+02, 0.12000E+02, 0.29141E+03, 0.78310E+00, 0.29139E-02
 0.15000E+02, 0.12000E+02, 0.28880E+03, 0.81031E+00, 0.28030E-02
 0.16000E+02, 0.12000E+02, 0.28840E+03, 0.83350E+00, 0.27231E-02
 0.17000E+02, 0.12000E+02, 0.28922E+03, 0.88552E+00, 0.25668E-02
 0.18000E+02, 0.12000E+02, 0.28682E+03, 0.11473E+01, 0.19728E-02
 0.19000E+02, 0.12000E+02, 0.29905E+03, 0.14353E+01, 0.16113E-02
 0.20000E+02, 0.12000E+02, 0.30276E+03, 0.12019E+01, 0.19367E-02
 0.21000E+02, 0.12000E+02, 0.34763E+03, 0.23460E+01, 0.10695E-02
 0.22000E+02, 0.12000E+02, 0.37703E+03, 0.39620E+01, 0.66327E-03
 0.23000E+02, 0.12000E+02, 0.39057E+03, 0.41528E+01, 0.64598E-03
 0.24000E+02, 0.12000E+02, 0.39866E+03, 0.52163E+01, 0.52055E-03
 0.25000E+02, 0.12000E+02, 0.38715E+03, 0.51622E+01, 0.51699E-03
 0.26000E+02, 0.12000E+02, 0.38027E+03, 0.36635E+01, 0.72090E-03
 0.27000E+02, 0.12000E+02, 0.37216E+03, 0.32385E+01, 0.80539E-03
 0.28000E+02, 0.12000E+02, 0.34885E+03, 0.19124E+01, 0.13146E-02
 0.29000E+02, 0.12000E+02, 0.34667E+03, 0.16520E+01, 0.15165E-02
 0.30000E+02, 0.12000E+02, 0.34137E+03, 0.13195E+01, 0.18824E-02
 0.31000E+02, 0.12000E+02, 0.34251E+03, 0.14063E+01, 0.17695E-02
 0.32000E+02, 0.12000E+02, 0.34144E+03, 0.13855E+01, 0.17929E-02
 0.33000E+02, 0.12000E+02, 0.33710E+03, 0.12223E+01, 0.20180E-02
 0.34000E+02, 0.12000E+02, 0.33765E+03, 0.12251E+01, 0.20152E-02
 0.35000E+02, 0.12000E+02, 0.33795E+03, 0.11602E+01, 0.21289E-02
 0.36000E+02, 0.12000E+02, 0.34348E+03, 0.12021E+01, 0.20733E-02
 0.37000E+02, 0.12000E+02, 0.34701E+03, 0.10206E+01, 0.24560E-02
 0.38000E+02, 0.12000E+02, 0.35359E+03, 0.93633E+00, 0.27054E-02
 0.39000E+02, 0.12000E+02, 0.38507E+03, 0.70029E+00, 0.37990E-02
 0.40000E+02, 0.12000E+02, 0.41433E+03, 0.59568E+00, 0.46647E-02
 0.41000E+02, 0.12000E+02, 0.43470E+03, 0.51326E+00, 0.55742E-02
 0.42000E+02, 0.12000E+02, 0.44316E+03, 0.50320E+00, 0.57536E-02
 0.43000E+02, 0.12000E+02, 0.42619E+03, 0.55854E+00, 0.50607E-02
 0.44000E+02, 0.12000E+02, 0.40845E+03, 0.65084E+00, 0.42329E-02
 0.45000E+02, 0.12000E+02, 0.39442E+03, 0.70388E+00, 0.38333E-02
 0.46000E+02, 0.12000E+02, 0.39151E+03, 0.74205E+00, 0.36203E-02
 0.47000E+02, 0.12000E+02, 0.38412E+03, 0.65047E+00, 0.40841E-02
 0.48000E+02, 0.12000E+02, 0.37496E+03, 0.48609E+00, 0.53891E-02
 0.49000E+02, 0.12000E+02, 0.37687E+03, 0.40165E+00, 0.65412E-02
 0.50000E+02, 0.12000E+02, 0.37414E+03, 0.41083E+00, 0.63682E-02
 0.51000E+02, 0.12000E+02, 0.36451E+03, 0.39229E+00, 0.65698E-02
 0.52000E+02, 0.12000E+02, 0.37256E+03, 0.50096E+00, 0.52097E-02
 0.53000E+02, 0.12000E+02, 0.36665E+03, 0.58171E+00, 0.44454E-02
 0.54000E+02, 0.12000E+02, 0.37054E+03, 0.55644E+00, 0.46756E-02
 0.55000E+02, 0.12000E+02, 0.36867E+03, 0.55629E+00, 0.46633E-02
 0.56000E+02, 0.12000E+02, 0.36445E+03, 0.54236E+00, 0.47515E-02
 0.57000E+02, 0.12000E+02, 0.36718E+03, 0.52668E+00, 0.49140E-02
 0.58000E+02, 0.12000E+02, 0.37704E+03, 0.52384E+00, 0.50168E-02
 0.59000E+02, 0.12000E+02, 0.37257E+03, 0.54223E+00, 0.48132E-02
 0.60000E+02, 0.12000E+02, 0.35244E+03, 0.57490E+00, 0.43982E-02
 0.61000E+02, 0.12000E+02, 0.33893E+03, 0.61261E+00, 0.40384E-02
 0.62000E+02, 0.12000E+02, 0.32602E+03, 0.51382E+00, 0.47131E-02
 0.63000E+02, 0.12000E+02, 0.31664E+03, 0.44161E+00, 0.53981E-02
 0.64000E+02, 0.12000E+02, 0.34129E+03, 0.52675E+00, 0.47147E-02
 0.65000E+02, 0.12000E+02, 0.34394E+03, 0.57574E+00, 0.43321E-02
 0.00000E+00, 0.13000E+02, 0.22481E+03, 0.26305E+00, 0.76511E-02
 0.10000E+01, 0.13000E+02, 0.20525E+03, 0.27608E+00, 0.70039E-02
 0.20000E+01, 0.13000E+02, 0.27300E+03, 0.23874E+00, 0.92461E-02
 0.30000E+01, 0.13000E+02, 0.27947E+03, 0.26169E+00, 0.85354E-02
 0.40000E+01, 0.13000E+02, 0.27403E+03, 0.27823E+00, 0.79489E-02
 0.50000E+01, 0.13000E+02, 0.32312E+03, 0.25907E+00, 0.93028E-02
 0.60000E+01, 0.13000E+02, 0.40962E+03, 0.22016E+00, 0.12535E-01
 0.70000E+01, 0.13000E+02, 0.54761E+03, 0.19052E+00, 0.17413E-01
 0.80000E+01, 0.13000E+02, 0.22000E+02, 0.30000E+02, 0.00000E+00
 0.90000E+01, 0.13000E+02, 0.26661E+03, 0.39381E+00, 0.55398E-02
 0.10000E+02, 0.13000E+02, 0.28168E+03, 0.36936E+00, 0.60714E-02
 0.11000E+02, 0.13000E+02, 0.30325E+03, 0.56751E+00, 0.41052E-02
 0.12000E+02, 0.13000E+02, 0.29194E+03, 0.91099E+00, 0.25071E-02
 0.13000E+02, 0.13000E+02, 0.29075E+03, 0.89402E+00, 0.25494E-02
 0.14000E+02, 0.13000E+02, 0.29206E+03, 0.87169E+00, 0.26207E-02
 0.15000E+02, 0.13000E+02, 0.29196E+03, 0.89787E+00, 0.25439E-02
 0.16000E+02, 0.13000E+02, 0.28905E+03, 0.88097E+00, 0.25793E-02
 0.17000E+02, 0.13000E+02, 0.28879E+03, 0.89658E+00, 0.25332E-02
 0.18000E+02, 0.13000E+02, 0.29006E+03, 0.91869E+00, 0.24779E-02
 0.19000E+02, 0.13000E+02, 0.30161E+03, 0.11748E+01, 0.19774E-02
 0.20000E+02, 0.13000E+02, 0.31864E+03, 0.15415E+01, 0.15517E-02
 0.21000E+02, 0.13000E+02, 0.31474E+03, 0.13484E+01, 0.17622E-02
 0.22000E+02, 0.13000E+02, 0.33074E+03, 0.16835E+01, 0.14498E-02
 0.23000E+02, 0.13000E+02, 0.39119E+03, 0.39483E+01, 0.68007E-03
 0.24000E+02, 0.13000E+02, 0.40132E+03, 0.52494E+01, 0.51932E-03
 0.25000E+02, 0.13000E+02, 0.38695E+03, 0.48013E+01, 0.55569E-03
 0.26000E+02, 0.13000E+02, 0.38799E+03, 0.44150E+01, 0.60527E-03
 0.27000E+02, 0.13000E+02, 0.37847E+03, 0.38600E+01, 0.68232E-03
 0.28000E+02, 0.13000E+02, 0.36165E+03, 0.25025E+01, 0.10253E-02
 0.29000E+02, 0.13000E+02, 0.35637E+03, 0.22864E+01, 0.11128E-02
 0.30000E+02, 0.13000E+02, 0.34072E+03, 0.14462E+01, 0.17156E-02
 0.31000E+02, 0.13000E+02, 0.33992E+03, 0.14263E+01, 0.17373E-02
 0.32000E+02, 0.13000E+02, 0.33808E+03, 0.11853E+01, 0.20843E-02
 0.33000E+02, 0.13000E+02, 0.33828E+03, 0.11419E+01, 0.21643E-02
 0.34000E+02, 0.13000E+02, 0.33750E+03, 0.15310E+01, 0.16121E-02
 0.35000E+02, 0.13000E+02, 0.33753E+03, 0.15339E+01, 0.16091E-02
 0.36000E+02, 0.13000E+02, 0.33952E+03, 0.15333E+01, 0.16151E-02
 0.37000E+02, 0.13000E+02, 0.34177E+03, 0.11234E+01, 0.22123E-02
 0.38000E+02, 0.13000E+02, 0.34605E+03, 0.10169E+01, 0.24612E-02
 0.39000E+02, 0.13000E+02, 0.36097E+03, 0.91848E+00, 0.27905E-02
 0.40000E+02, 0.13000E+02, 0.37960E+03, 0.80474E+00, 0.32785E-02
 0.41000E+02, 0.13000E+02, 0.39766E+03, 0.71067E+00, 0.38151E-02
 0.42000E+02, 0.13000E+02, 0.42176E+03, 0.61430E+00, 0.45722E-02
 0.43000E+02, 0.13000E+02, 0.44339E+03, 0.51623E+00, 0.56101E-02
 0.44000E+02, 0.13000E+02, 0.42162E+03, 0.61840E+00, 0.45410E-02
 0.45000E+02, 0.13000E+02, 0.41676E+03, 0.63111E+00, 0.44184E-02
 0.46000E+02, 0.13000E+02, 0.40673E+03, 0.80047E+00, 0.34330E-02
 0.47000E+02, 0.13000E+02, 0.38036E+03, 0.74292E+00, 0.35554E-02
 0.48000E+02, 0.13000E+02, 0.37963E+03, 0.53276E+00, 0.49524E-02
 0.49000E+02, 0.13000E+02, 0.39050E+03, 0.50550E+00, 0.53063E-02
 0.50000E+02, 0.13000E+02, 0.38837E+03, 0.44772E+00, 0.59719E-02
 0.51000E+02, 0.13000E+02, 0.37325E+03, 0.36070E+00, 0.72433E-02
 0.52000E+02, 0.13000E+02, 0.37439E+03, 0.42348E+00, 0.61804E-02
 0.53000E+02, 0.13000E+02, 0.37935E+03, 0.50859E+00, 0.51855E-02
 0.54000E+02, 0.13000E+02, 0.37867E+03, 0.48908E+00, 0.53867E-02
 0.55000E+02, 0.13000E+02, 0.37554E+03, 0.50742E+00, 0.51671E-02
 0.56000E+02, 0.13000E+02, 0.37339E+03, 0.54120E+00, 0.48285E-02
 0.57000E+02, 0.13000E+02, 0.37643E+03, 0.53838E+00, 0.48766E-02
 0.58000E+02, 0.13000E+02, 0.37548E+03, 0.52491E+00, 0.49945E-02
 0.59000E+02, 0.13000E+02, 0.37768E+03, 0.52365E+00, 0.50235E-02
 0.60000E+02, 0.13000E+02, 0.35623E+03, 0.64777E+00, 0.39270E-02
 0.61000E+02, 0.13000E+02, 0.35390E+03, 0.59547E+00, 0.42561E-02
 0.62000E+02, 0.13000E+02, 0.33853E+03, 0.47849E+00, 0.51668E-02
 0.63000E+02, 0.13000E+02, 0.33071E+03, 0.48310E+00, 0.50522E-02
 0.64000E+02, 0.13000E+02, 0.35084E+03, 0.53933E+00, 0.46762E-02
 0.65000E+02, 0.13000E+02, 0.35405E+03, 0.55636E+00, 0.45565E-02
 0.00000E+00, 0.14000E+02, 0.24977E+03, 0.24442E+00, 0.86472E-02
 0.10000E+01, 0.14000E+02, 0.28020E+03, 0.23797E+00, 0.93985E-02
 0.20000E+01, 0.14000E+02, 0.30756E+03, 0.24055E+00, 0.97574E-02
 0.30000E+01, 0.14000E+02, 0.28902E+03, 0.27913E+00, 0.81401E-02
 0.40000E+01, 0.14000E+02, 0.28801E+03, 0.28623E+00, 0.79240E-02
 0.50000E+01, 0.14000E+02, 0.33763E+03, 0.26109E+00, 0.94552E-02
 0.60000E+01, 0.14000E+02, 0.44605E+03, 0.21494E+00, 0.13524E-01
 0.70000E+01, 0.14000E+02, 0.67315E+03, 0.18233E+00, 0.20977E-01
 0.80000E+01, 0.14000E+02, 0.22000E+02, 0.30000E+02, 0.00000E+00
 0.90000E+01, 0.14000E+02, 0.38426E+03, 0.31865E+00, 0.83386E-02
 0.10000E+02, 0.14000E+02, 0.29342E+03, 0.40857E+00, 0.56049E-02
 0.11000E+02, 0.14000E+02, 0.30993E+03, 0.67788E+00, 0.34766E-02
 0.12000E+02, 0.14000E+02, 0.30836E+03, 0.72619E+00, 0.32365E-02
 0.13000E+02, 0.14000E+02, 0.29687E+03, 0.70147E+00, 0.32844E-02
 0.14000E+02, 0.14000E+02, 0.28590E+03, 0.82366E+00, 0.27433E-02
 0.15000E+02, 0.14000E+02, 0.29258E+03, 0.87373E+00, 0.26171E-02
 0.16000E+02, 0.14000E+02, 0.28902E+03, 0.85342E+00, 0.26625E-02
 0.17000E+02, 0.14000E+02, 0.28664E+03, 0.89059E+00, 0.25406E-02
 0.18000E+02, 0.14000E+02, 0.29295E+03, 0.10841E+01, 0.21105E-02
 0.19000E+02, 0.14000E+02, 0.31312E+03, 0.16054E+01, 0.14760E-02
 0.20000E+02, 0.14000E+02, 0.31146E+03, 0.15227E+01, 0.15517E-02
 0.21000E+02, 0.14000E+02, 0.30439E+03, 0.13255E+01, 0.17611E-02
 0.22000E+02, 0.14000E+02, 0.31141E+03, 0.12596E+01, 0.18758E-02
 0.23000E+02, 0.14000E+02, 0.33863E+03, 0.16401E+01, 0.15076E-02
 0.24000E+02, 0.14000E+02, 0.38423E+03, 0.41126E+01, 0.64606E-03
 0.25000E+02, 0.14000E+02, 0.39015E+03, 0.44593E+01, 0.60121E-03
 0.26000E+02, 0.14000E+02, 0.39122E+03, 0.43924E+01, 0.61134E-03
 0.27000E+02, 0.14000E+02, 0.38886E+03, 0.42530E+01, 0.62913E-03
 0.28000E+02, 0.14000E+02, 0.37679E+03, 0.35607E+01, 0.73776E-03
 0.29000E+02, 0.14000E+02, 0.35308E+03, 0.20261E+01, 0.12493E-02
 0.30000E+02, 0.14000E+02, 0.34331E+03, 0.17324E+01, 0.14382E-02
 0.31000E+02, 0.14000E+02, 0.33771E+03, 0.15724E+01, 0.15702E-02
 0.32000E+02, 0.14000E+02, 0.33556E+03, 0.15751E+01, 0.15620E-02
 0.33000E+02, 0.14000E+02, 0.33654E+03, 0.13341E+01, 0.18472E-02
 0.34000E+02, 0.14000E+02, 0.33605E+03, 0.15684E+01, 0.15699E-02
 0.35000E+02, 0.14000E+02, 0.33709E+03, 0.15485E+01, 0.15928E-02
 0.36000E+02, 0.14000E+02, 0.33919E+03, 0.15514E+01, 0.15953E-02
 0.37000E+02, 0.14000E+02, 0.33892E+03, 0.12379E+01, 0.19984E-02
 0.38000E+02, 0.14000E+02, 0.33921E+03, 0.12325E+01, 0.20082E-02
 0.39000E+02, 0.14000E+02, 0.34443E+03, 0.11698E+01, 0.21339E-02
 0.40000E+02, 0.14000E+02, 0.36308E+03, 0.98104E+00, 0.26212E-02
 0.41000E+02, 0.14000E+02, 0.37626E+03, 0.80838E+00, 0.32470E-02
 0.42000E+02, 0.14000E+02, 0.40625E+03, 0.76862E+00, 0.35727E-02
 0.43000E+02, 0.14000E+02, 0.44685E+03, 0.52598E+00, 0.55327E-02
 0.44000E+02, 0.14000E+02, 0.43711E+03, 0.57178E+00, 0.50207E-02
 0.45000E+02, 0.14000E+02, 0.42233E+03, 0.62985E+00, 0.44630E-02
 0.46000E+02, 0.14000E+02, 0.40986E+03, 0.73186E+00, 0.37720E-02
 0.47000E+02, 0.14000E+02, 0.38976E+03, 0.90666E+00, 0.29552E-02
 0.48000E+02, 0.14000E+02, 0.37556E+03, 0.74145E+00, 0.35363E-02
 0.49000E+02, 0.14000E+02, 0.39262E+03, 0.74762E+00, 0.35993E-02
 0.50000E+02, 0.14000E+02, 0.39252E+03, 0.54370E+00, 0.49485E-02
 0.51000E+02, 0.14000E+02, 0.37919E+03, 0.39070E+00, 0.67484E-02
 0.52000E+02, 0.14000E+02, 0.37489E+03, 0.36528E+00, 0.71705E-02
 0.53000E+02, 0.14000E+02, 0.38650E+03, 0.50123E+00, 0.53193E-02
 0.54000E+02, 0.14000E+02, 0.38477E+03, 0.55083E+00, 0.48276E-02
 0.55000E+02, 0.14000E+02, 0.37787E+03, 0.54875E+00, 0.47950E-02
 0.56000E+02, 0.14000E+02, 0.37266E+03, 0.58039E+00, 0.44974E-02
 0.57000E+02, 0.14000E+02, 0.38041E+03, 0.54894E+00, 0.48122E-02
 0.58000E+02, 0.14000E+02, 0.38312E+03, 0.54099E+00, 0.49031E-02
 0.59000E+02, 0.14000E+02, 0.38034E+03, 0.54312E+00, 0.48632E-02
 0.60000E+02, 0.14000E+02, 0.36785E+03, 0.58544E+00, 0.44254E-02
 0.61000E+02, 0.14000E+02, 0.36778E+03, 0.53628E+00, 0.48305E-02
 0.62000E+02, 0.14000E+02, 0.36155E+03, 0.48275E+00, 0.53140E-02
 0.63000E+02, 0.14000E+02, 0.35525E+03, 0.49345E+00, 0.51472E-02
 0.64000E+02, 0.14000E+02, 0.35465E+03, 0.50446E+00, 0.50300E-02
 0.65000E+02, 0.14000E+02, 0.34988E+03, 0.53665E+00, 0.46924E-02
 0.00000E+00, 0.15000E+02, 0.26118E+03, 0.22404E+00, 0.96398E-02
 0.10000E+01, 0.15000E+02, 0.27937E+03, 0.23213E+00, 0.96203E-02
 0.20000E+01, 0.15000E+02, 0.31125E+03, 0.24785E+00, 0.95303E-02
 0.30000E+01, 0.15000E+02, 0.31234E+03, 0.26109E+00, 0.90638E-02
 0.40000E+01, 0.15000E+02, 0.34959E+03, 0.24624E+00, 0.10222E-01
 0.50000E+01, 0.15000E+02, 0.40681E+03, 0.23040E+00, 0.11928E-01
 0.60000E+01, 0.15000E+02, 0.47323E+03, 0.22269E+00, 0.13547E-01
 0.70000E+01, 0.15000E+02, 0.49833E+03, 0.22705E+00, 0.13733E-01
 0.80000E+01, 0.15000E+02, 0.22000E+02, 0.30000E+02, 0.00000E+00
 0.90000E+01, 0.15000E+02, 0.53332E+03, 0.24905E+00, 0.13088E-01
 0.10000E+02, 0.15000E+02, 0.31560E+03, 0.42246E+00, 0.56328E-02
 0.11000E+02, 0.15000E+02, 0.31650E+03, 0.44718E+00, 0.53295E-02
 0.12000E+02, 0.15000E+02, 0.31155E+03, 0.66025E+00, 0.35793E-02
 0.13000E+02, 0.15000E+02, 0.28917E+03, 0.78411E+00, 0.28986E-02
 0.14000E+02, 0.15000E+02, 0.27663E+03, 0.94351E+00, 0.23552E-02
 0.15000E+02, 0.15000E+02, 0.28185E+03, 0.86432E+00, 0.25953E-02
 0.16000E+02, 0.15000E+02, 0.28468E+03, 0.83935E+00, 0.26862E-02
 0.17000E+02, 0.15000E+02, 0.28473E+03, 0.89272E+00, 0.25258E-02
 0.18000E+02, 0.15000E+02, 0.31253E+03, 0.16697E+01, 0.14178E-02
 0.19000E+02, 0.15000E+02, 0.31801E+03, 0.18526E+01, 0.12897E-02
 0.20000E+02, 0.15000E+02, 0.31132E+03, 0.17490E+01, 0.13507E-02
 0.21000E+02, 0.15000E+02, 0.30185E+03, 0.13062E+01, 0.17793E-02
 0.22000E+02, 0.15000E+02, 0.30378E+03, 0.12116E+01, 0.19246E-02
 0.23000E+02, 0.15000E+02, 0.34524E+03, 0.19947E+01, 0.12531E-02
 0.24000E+02, 0.15000E+02, 0.38730E+03, 0.42267E+01, 0.63156E-03
 0.25000E+02, 0.15000E+02, 0.39495E+03, 0.48253E+01, 0.55962E-03
 0.26000E+02, 0.15000E+02, 0.39491E+03, 0.48884E+01, 0.55236E-03
 0.27000E+02, 0.15000E+02, 0.38784E+03, 0.44144E+01, 0.60520E-03
 0.28000E+02, 0.15000E+02, 0.37682E+03, 0.37140E+01, 0.70734E-03
 0.29000E+02, 0.15000E+02, 0.35853E+03, 0.22861E+01, 0.11168E-02
 0.30000E+02, 0.15000E+02, 0.35992E+03, 0.25211E+01, 0.10149E-02
 0.31000E+02, 0.15000E+02, 0.35353E+03, 0.22601E+01, 0.11207E-02
 0.32000E+02, 0.15000E+02, 0.34057E+03, 0.17424E+01, 0.14236E-02
 0.33000E+02, 0.15000E+02, 0.33733E+03, 0.17062E+01, 0.14461E-02
 0.34000E+02, 0.15000E+02, 0.33294E+03, 0.16498E+01, 0.14849E-02
 0.35000E+02, 0.15000E+02, 0.33605E+03, 0.15044E+01, 0.16367E-02
 0.36000E+02, 0.15000E+02, 0.33805E+03, 0.15550E+01, 0.15887E-02
 0.37000E+02, 0.15000E+02, 0.33704E+03, 0.13387E+01, 0.18423E-02
 0.38000E+02, 0.15000E+02, 0.33855E+03, 0.12050E+01, 0.20518E-02
 0.39000E+02, 0.15000E+02, 0.33908E+03, 0.13192E+01, 0.18757E-02
 0.40000E+02, 0.15000E+02, 0.34757E+03, 0.11105E+01, 0.22592E-02
 0.41000E+02, 0.15000E+02, 0.35338E+03, 0.83368E+00, 0.30375E-02
 0.42000E+02, 0.15000E+02, 0.38848E+03, 0.81183E+00, 0.32941E-02
 0.43000E+02, 0.15000E+02, 0.43099E+03, 0.61301E+00, 0.46427E-02
 0.44000E+02, 0.15000E+02, 0.38169E+03, 0.81606E+00, 0.32433E-02
 0.45000E+02, 0.15000E+02, 0.42703E+03, 0.66109E+00, 0.42808E-02
 0.46000E+02, 0.15000E+02, 0.40120E+03, 0.78561E+00, 0.34694E-02
 0.47000E+02, 0.15000E+02, 0.38818E+03, 0.62292E+00, 0.42911E-02
 0.48000E+02, 0.15000E+02, 0.37746E+03, 0.85333E+00, 0.30817E-02
 0.49000E+02, 0.15000E+02, 0.38608E+03, 0.76916E+00, 0.34641E-02
 0.50000E+02, 0.15000E+02, 0.38858E+03, 0.54267E+00, 0.49286E-02
 0.51000E+02, 0.15000E+02, 0.37975E+03, 0.35917E+00, 0.73472E-02
 0.52000E+02, 0.15000E+02, 0.36342E+03, 0.34169E+00, 0.75300E-02
 0.53000E+02, 0.15000E+02, 0.37514E+03, 0.44431E+00, 0.58974E-02
 0.54000E+02, 0.15000E+02, 0.38352E+03, 0.61606E+00, 0.43083E-02
 0.55000E+02, 0.15000E+02, 0.37367E+03, 0.60156E+00, 0.43460E-02
 0.56000E+02, 0.15000E+02, 0.37081E+03, 0.59952E+00, 0.43414E-02
 0.57000E+02, 0.15000E+02, 0.37906E+03, 0.58682E+00, 0.44922E-02
 0.58000E+02, 0.15000E+02, 0.38652E+03, 0.54224E+00, 0.49171E-02
 0.59000E+02, 0.15000E+02, 0.38644E+03, 0.54902E+00, 0.48559E-02
 0.60000E+02, 0.15000E+02, 0.38205E+03, 0.51005E+00, 0.51920E-02
 0.61000E+02, 0.15000E+02, 0.37494E+03, 0.48347E+00, 0.54181E-02
 0.62000E+02, 0.15000E+02, 0.36649E+03, 0.48107E+00, 0.53741E-02
 0.63000E+02, 0.15000E+02, 0.36578E+03, 0.48326E+00, 0.53438E-02
 0.64000E+02, 0.15000E+02, 0.35283E+03, 0.48259E+00, 0.52428E-02
 0.65000E+02, 0.15000E+02, 0.34433E+03, 0.49515E+00, 0.50404E-02
 0.00000E+00, 0.16000E+02, 0.19261E+03, 0.10987E+00, 0.17134E-01
 0.10000E+01, 0.16000E+02, 0.20971E+03, 0.11406E+00, 0.17111E-01
 0.20000E+01, 0.16000E+02, 0.22306E+03, 0.12060E+00, 0.16631E-01
 0.30000E+01, 0.16000E+02, 0.22451E+03, 0.11613E+00, 0.17321E-01
 0.40000E+01, 0.16000E+02, 0.23535E+03, 0.12182E+00, 0.16871E-01
 0.50000E+01, 0.16000E+02, 0.25874E+03, 0.13006E+00, 0.16529E-01
 0.60000E+01, 0.16000E+02, 0.30216E+03, 0.15253E+00, 0.15245E-01
 0.70000E+01, 0.16000E+02, 0.33099E+03, 0.17944E+00, 0.13608E-01
 0.80000E+01, 0.16000E+02, 0.22000E+02, 0.30000E+02, 0.00000E+00
 0.90000E+01, 0.16000E+02, 0.44049E+03, 0.28493E+00, 0.10123E-01
 0.10000E+02, 0.16000E+02, 0.31694E+03, 0.47547E+00, 0.50162E-02
 0.11000E+02, 0.16000E+02, 0.31824E+03, 0.44031E+00, 0.54287E-02
 0.12000E+02, 0.16000E+02, 0.30103E+03, 0.76987E+00, 0.30144E-02
 0.13000E+02, 0.16000E+02, 0.28611E+03, 0.11534E+01, 0.19598E-02
 0.14000E+02, 0.16000E+02, 0.28186E+03, 0.91758E+00, 0.24448E-02
 0.15000E+02, 0.16000E+02, 0.27782E+03, 0.90285E+00, 0.24666E-02
 0.16000E+02, 0.16000E+02, 0.28190E+03, 0.85344E+00, 0.26287E-02
 0.17000E+02, 0.16000E+02, 0.28535E+03, 0.90115E+00, 0.25050E-02
 0.18000E+02, 0.16000E+02, 0.29631E+03, 0.11419E+01, 0.20157E-02
 0.19000E+02, 0.16000E+02, 0.31067E+03, 0.15418E+01, 0.15305E-02
 0.20000E+02, 0.16000E+02, 0.29580E+03, 0.12256E+01, 0.18764E-02
 0.21000E+02, 0.16000E+02, 0.30639E+03, 0.14291E+01, 0.16391E-02
 0.22000E+02, 0.16000E+02, 0.31948E+03, 0.15905E+01, 0.15060E-02
 0.23000E+02, 0.16000E+02, 0.33716E+03, 0.20219E+01, 0.12200E-02
 0.24000E+02, 0.16000E+02, 0.37673E+03, 0.34864E+01, 0.75342E-03
 0.25000E+02, 0.16000E+02, 0.40114E+03, 0.54893E+01, 0.49649E-03
 0.26000E+02, 0.16000E+02, 0.39990E+03, 0.58554E+01, 0.46459E-03
 0.27000E+02, 0.16000E+02, 0.39474E+03, 0.51151E+01, 0.52775E-03
 0.28000E+02, 0.16000E+02, 0.37752E+03, 0.38606E+01, 0.68122E-03
 0.29000E+02, 0.16000E+02, 0.36559E+03, 0.27198E+01, 0.94922E-03
 0.30000E+02, 0.16000E+02, 0.36498E+03, 0.29460E+01, 0.87550E-03
 0.31000E+02, 0.16000E+02, 0.37329E+03, 0.38381E+01, 0.68075E-03
 0.32000E+02, 0.16000E+02, 0.35377E+03, 0.24014E+01, 0.10552E-02
 0.33000E+02, 0.16000E+02, 0.33489E+03, 0.16218E+01, 0.15153E-02
 0.34000E+02, 0.16000E+02, 0.33133E+03, 0.16062E+01, 0.15211E-02
 0.35000E+02, 0.16000E+02, 0.33560E+03, 0.15245E+01, 0.16140E-02
 0.36000E+02, 0.16000E+02, 0.33645E+03, 0.16052E+01, 0.15349E-02
 0.37000E+02, 0.16000E+02, 0.33653E+03, 0.15133E+01, 0.16284E-02
 0.38000E+02, 0.16000E+02, 0.33748E+03, 0.98654E+00, 0.25017E-02
 0.39000E+02, 0.16000E+02, 0.34195E+03, 0.75185E+00, 0.33067E-02
 0.40000E+02, 0.16000E+02, 0.34806E+03, 0.65054E+00, 0.38596E-02
 0.41000E+02, 0.16000E+02, 0.35603E+03, 0.69981E+00, 0.36339E-02
 0.42000E+02, 0.16000E+02, 0.35969E+03, 0.80405E+00, 0.31812E-02
 0.43000E+02, 0.16000E+02, 0.37171E+03, 0.87680E+00, 0.29726E-02
 0.44000E+02, 0.16000E+02, 0.36836E+03, 0.83520E+00, 0.31045E-02
 0.45000E+02, 0.16000E+02, 0.39208E+03, 0.84304E+00, 0.31894E-02
 0.46000E+02, 0.16000E+02, 0.37059E+03, 0.55061E+00, 0.47254E-02
 0.47000E+02, 0.16000E+02, 0.37748E+03, 0.48100E+00, 0.54672E-02
 0.48000E+02, 0.16000E+02, 0.38449E+03, 0.63719E+00, 0.41715E-02
 0.49000E+02, 0.16000E+02, 0.39045E+03, 0.65438E+00, 0.40988E-02
 0.50000E+02, 0.16000E+02, 0.38715E+03, 0.51329E+00, 0.51995E-02
 0.51000E+02, 0.16000E+02, 0.38219E+03, 0.40702E+00, 0.65077E-02
 0.52000E+02, 0.16000E+02, 0.36449E+03, 0.34964E+00, 0.73710E-02
 0.53000E+02, 0.16000E+02, 0.35631E+03, 0.43899E+00, 0.57955E-02
 0.54000E+02, 0.16000E+02, 0.38187E+03, 0.48689E+00, 0.54375E-02
 0.55000E+02, 0.16000E+02, 0.37576E+03, 0.66314E+00, 0.39551E-02
 0.56000E+02, 0.16000E+02, 0.36624E+03, 0.64541E+00, 0.40041E-02
 0.57000E+02, 0.16000E+02, 0.36868E+03, 0.63478E+00, 0.40868E-02
 0.58000E+02, 0.16000E+02, 0.37528E+03, 0.63147E+00, 0.41504E-02
 0.59000E+02, 0.16000E+02, 0.38010E+03, 0.66166E+00, 0.39905E-02
 0.60000E+02, 0.16000E+02, 0.37525E+03, 0.74936E+00, 0.34973E-02
 0.61000E+02, 0.16000E+02, 0.38122E+03, 0.66323E+00, 0.39879E-02
 0.62000E+02, 0.16000E+02, 0.38306E+03, 0.51647E+00, 0.51354E-02
 0.63000E+02, 0.16000E+02, 0.37385E+03, 0.47940E+00, 0.54549E-02
 0.64000E+02, 0.16000E+02, 0.35358E+03, 0.44205E+00, 0.57305E-02
 0.65000E+02, 0.16000E+02, 0.34182E+03, 0.43310E+00, 0.57390E-02
 0.00000E+00, 0.17000E+02, 0.18233E+03, 0.10077E+00, 0.18269E-01
 0.10000E+01, 0.17000E+02, 0.21619E+03, 0.11614E+00, 0.17029E-01
 0.20000E+01, 0.17000E+02, 0.22472E+03, 0.11784E+00, 0.17077E-01
 0.30000E+01, 0.17000E+02, 0.22383E+03, 0.11511E+00, 0.17450E-01
 0.40000E+01, 0.17000E+02, 0.24002E+03, 0.12492E+00, 0.16604E-01
 0.50000E+01, 0.17000E+02, 0.26733E+03, 0.14062E+00, 0.15535E-01
 0.60000E+01, 0.17000E+02, 0.27553E+03, 0.14266E+00, 0.15545E-01
 0.70000E+01, 0.17000E+02, 0.24899E+03, 0.12731E+00, 0.16576E-01
 0.80000E+01, 0.17000E+02, 0.22000E+02, 0.30000E+02, 0.00000E+00
 0.90000E+01, 0.17000E+02, 0.33609E+03, 0.42402E+00, 0.58073E-02
 0.10000E+02, 0.17000E+02, 0.28434E+03, 0.73100E+00, 0.30824E-02
 0.11000E+02, 0.17000E+02, 0.29473E+03, 0.60277E+00, 0.38079E-02
 0.12000E+02, 0.17000E+02, 0.30105E+03, 0.62447E+00, 0.37164E-02
 0.13000E+02, 0.17000E+02, 0.28646E+03, 0.88553E+00, 0.25542E-02
 0.14000E+02, 0.17000E+02, 0.28486E+03, 0.14020E+01, 0.16087E-02
 0.15000E+02, 0.17000E+02, 0.27942E+03, 0.10672E+01, 0.20928E-02
 0.16000E+02, 0.17000E+02, 0.27812E+03, 0.91722E+00, 0.24292E-02
 0.17000E+02, 0.17000E+02, 0.28257E+03, 0.98678E+00, 0.22762E-02
 0.18000E+02, 0.17000E+02, 0.28391E+03, 0.11325E+01, 0.19880E-02
 0.19000E+02, 0.17000E+02, 0.29587E+03, 0.13491E+01, 0.17047E-02
 0.20000E+02, 0.17000E+02, 0.29416E+03, 0.13365E+01, 0.17156E-02
 0.21000E+02, 0.17000E+02, 0.31104E+03, 0.16123E+01, 0.14645E-02
 0.22000E+02, 0.17000E+02, 0.30729E+03, 0.13971E+01, 0.16792E-02
 0.23000E+02, 0.17000E+02, 0.37498E+03, 0.33103E+01, 0.79135E-03
 0.24000E+02, 0.17000E+02, 0.38213E+03, 0.36970E+01, 0.71640E-03
 0.25000E+02, 0.17000E+02, 0.39529E+03, 0.44833E+01, 0.60262E-03
 0.26000E+02, 0.17000E+02, 0.40084E+03, 0.53388E+01, 0.51025E-03
 0.27000E+02, 0.17000E+02, 0.39290E+03, 0.44230E+01, 0.60865E-03
 0.28000E+02, 0.17000E+02, 0.39361E+03, 0.50476E+01, 0.53391E-03
 0.29000E+02, 0.17000E+02, 0.38487E+03, 0.48735E+01, 0.54573E-03
 0.30000E+02, 0.17000E+02, 0.37845E+03, 0.42529E+01, 0.61926E-03
 0.31000E+02, 0.17000E+02, 0.36501E+03, 0.30951E+01, 0.83335E-03
 0.32000E+02, 0.17000E+02, 0.36077E+03, 0.30378E+01, 0.84344E-03
 0.33000E+02, 0.17000E+02, 0.34126E+03, 0.20192E+01, 0.12299E-02
 0.34000E+02, 0.17000E+02, 0.33781E+03, 0.20700E+01, 0.11929E-02
 0.35000E+02, 0.17000E+02, 0.33278E+03, 0.18112E+01, 0.13522E-02
 0.36000E+02, 0.17000E+02, 0.33580E+03, 0.18317E+01, 0.13437E-02
 0.37000E+02, 0.17000E+02, 0.33286E+03, 0.14416E+01, 0.16990E-02
 0.38000E+02, 0.17000E+02, 0.33833E+03, 0.65759E+00, 0.37584E-02
 0.39000E+02, 0.17000E+02, 0.33707E+03, 0.61604E+00, 0.40037E-02
 0.40000E+02, 0.17000E+02, 0.34039E+03, 0.50649E+00, 0.48961E-02
 0.41000E+02, 0.17000E+02, 0.34127E+03, 0.47342E+00, 0.52456E-02
 0.42000E+02, 0.17000E+02, 0.34343E+03, 0.56587E+00, 0.44040E-02
 0.43000E+02, 0.17000E+02, 0.35566E+03, 0.61861E+00, 0.41084E-02
 0.44000E+02, 0.17000E+02, 0.35604E+03, 0.75624E+00, 0.33628E-02
 0.45000E+02, 0.17000E+02, 0.35222E+03, 0.78540E+00, 0.32183E-02
 0.46000E+02, 0.17000E+02, 0.35917E+03, 0.53563E+00, 0.47715E-02
 0.47000E+02, 0.17000E+02, 0.37501E+03, 0.64368E+00, 0.40700E-02
 0.48000E+02, 0.17000E+02, 0.38376E+03, 0.48180E+00, 0.55108E-02
 0.49000E+02, 0.17000E+02, 0.38470E+03, 0.44119E+00, 0.60267E-02
 0.50000E+02, 0.17000E+02, 0.38346E+03, 0.36087E+00, 0.73542E-02
 0.51000E+02, 0.17000E+02, 0.38322E+03, 0.41512E+00, 0.63907E-02
 0.52000E+02, 0.17000E+02, 0.37267E+03, 0.34797E+00, 0.75015E-02
 0.53000E+02, 0.17000E+02, 0.34767E+03, 0.39921E+00, 0.62856E-02
 0.54000E+02, 0.17000E+02, 0.37047E+03, 0.51125E+00, 0.50883E-02
 0.55000E+02, 0.17000E+02, 0.38290E+03, 0.70056E+00, 0.37850E-02
 0.56000E+02, 0.17000E+02, 0.37564E+03, 0.72737E+00, 0.36052E-02
 0.57000E+02, 0.17000E+02, 0.37297E+03, 0.72863E+00, 0.35842E-02
 0.58000E+02, 0.17000E+02, 0.37737E+03, 0.70291E+00, 0.37406E-02
 0.59000E+02, 0.17000E+02, 0.38269E+03, 0.65111E+00, 0.40712E-02
 0.60000E+02, 0.17000E+02, 0.37340E+03, 0.70692E+00, 0.36967E-02
 0.61000E+02, 0.17000E+02, 0.37800E+03, 0.65989E+00, 0.39883E-02
 0.62000E+02, 0.17000E+02, 0.37615E+03, 0.55042E+00, 0.47679E-02
 0.63000E+02, 0.17000E+02, 0.37339E+03, 0.50442E+00, 0.51806E-02
 0.64000E+02, 0.17000E+02, 0.35787E+03, 0.44122E+00, 0.57805E-02
 0.65000E+02, 0.17000E+02, 0.34048E+03, 0.43944E+00, 0.56440E-02
 0.00000E+00, 0.18000E+02, 0.19616E+03, 0.10767E+00, 0.17618E-01
 0.10000E+01, 0.18000E+02, 0.21700E+03, 0.11736E+00, 0.16880E-01
 0.20000E+01, 0.18000E+02, 0.21943E+03, 0.11545E+00, 0.17244E-01
 0.30000E+01, 0.18000E+02, 0.22164E+03, 0.11470E+00, 0.17435E-01
 0.40000E+01, 0.18000E+02, 0.22694E+03, 0.11763E+00, 0.17184E-01
 0.50000E+01, 0.18000E+02, 0.22790E+03, 0.11901E+00, 0.17017E-01
 0.60000E+01, 0.18000E+02, 0.23110E+03, 0.12478E+00, 0.16334E-01
 0.70000E+01, 0.18000E+02, 0.21907E+03, 0.11368E+00, 0.17500E-01
 0.80000E+01, 0.18000E+02, 0.22000E+02, 0.30000E+02, 0.00000E+00
 0.90000E+01, 0.18000E+02, 0.33690E+03, 0.41577E+00, 0.59304E-02
 0.10000E+02, 0.18000E+02, 0.30846E+03, 0.59970E+00, 0.39199E-02
 0.11000E+02, 0.18000E+02, 0.29434E+03, 0.63125E+00, 0.36336E-02
 0.12000E+02, 0.18000E+02, 0.30278E+03, 0.60962E+00, 0.38185E-02
 0.13000E+02, 0.18000E+02, 0.28758E+03, 0.84060E+00, 0.26962E-02
 0.14000E+02, 0.18000E+02, 0.28141E+03, 0.14871E+01, 0.15072E-02
 0.15000E+02, 0.18000E+02, 0.27884E+03, 0.14130E+01, 0.15789E-02
 0.16000E+02, 0.18000E+02, 0.27799E+03, 0.14599E+01, 0.15259E-02
 0.17000E+02, 0.18000E+02, 0.28863E+03, 0.15356E+01, 0.14787E-02
 0.18000E+02, 0.18000E+02, 0.29576E+03, 0.18388E+01, 0.12505E-02
 0.19000E+02, 0.18000E+02, 0.29658E+03, 0.17399E+01, 0.13235E-02
 0.20000E+02, 0.18000E+02, 0.29939E+03, 0.15306E+01, 0.15119E-02
 0.21000E+02, 0.18000E+02, 0.32851E+03, 0.19205E+01, 0.12662E-02
 0.22000E+02, 0.18000E+02, 0.38286E+03, 0.35098E+01, 0.75545E-03
 0.23000E+02, 0.18000E+02, 0.36940E+03, 0.28553E+01, 0.90956E-03
 0.24000E+02, 0.18000E+02, 0.39308E+03, 0.39572E+01, 0.68047E-03
 0.25000E+02, 0.18000E+02, 0.40006E+03, 0.47524E+01, 0.57254E-03
 0.26000E+02, 0.18000E+02, 0.41406E+03, 0.66882E+01, 0.41530E-03
 0.27000E+02, 0.18000E+02, 0.41974E+03, 0.81023E+01, 0.34565E-03
 0.28000E+02, 0.18000E+02, 0.39992E+03, 0.56655E+01, 0.48017E-03
 0.29000E+02, 0.18000E+02, 0.38794E+03, 0.56836E+01, 0.47013E-03
 0.30000E+02, 0.18000E+02, 0.38731E+03, 0.53913E+01, 0.49515E-03
 0.31000E+02, 0.18000E+02, 0.37651E+03, 0.45142E+01, 0.58168E-03
 0.32000E+02, 0.18000E+02, 0.36683E+03, 0.40689E+01, 0.63571E-03
 0.33000E+02, 0.18000E+02, 0.35056E+03, 0.28293E+01, 0.89100E-03
 0.34000E+02, 0.18000E+02, 0.34885E+03, 0.29201E+01, 0.86092E-03
 0.35000E+02, 0.18000E+02, 0.34809E+03, 0.30212E+01, 0.83111E-03
 0.36000E+02, 0.18000E+02, 0.34338E+03, 0.26872E+01, 0.92735E-03
 0.37000E+02, 0.18000E+02, 0.34225E+03, 0.23601E+01, 0.10539E-02
 0.38000E+02, 0.18000E+02, 0.34373E+03, 0.66030E+00, 0.37760E-02
 0.39000E+02, 0.18000E+02, 0.34341E+03, 0.55665E+00, 0.44768E-02
 0.40000E+02, 0.18000E+02, 0.34402E+03, 0.46716E+00, 0.53397E-02
 0.41000E+02, 0.18000E+02, 0.34099E+03, 0.43974E+00, 0.56448E-02
 0.42000E+02, 0.18000E+02, 0.33638E+03, 0.47896E+00, 0.51437E-02
 0.43000E+02, 0.18000E+02, 0.33748E+03, 0.52071E+00, 0.47398E-02
 0.44000E+02, 0.18000E+02, 0.34484E+03, 0.55241E+00, 0.45217E-02
 0.45000E+02, 0.18000E+02, 0.34200E+03, 0.69998E+00, 0.35520E-02
 0.46000E+02, 0.18000E+02, 0.34232E+03, 0.75114E+00, 0.33118E-02
 0.47000E+02, 0.18000E+02, 0.34728E+03, 0.74264E+00, 0.33767E-02
 0.48000E+02, 0.18000E+02, 0.34953E+03, 0.62782E+00, 0.40087E-02
 0.49000E+02, 0.18000E+02, 0.38220E+03, 0.49346E+00, 0.53678E-02
 0.50000E+02, 0.18000E+02, 0.37790E+03, 0.52283E+00, 0.50330E-02
 0.51000E+02, 0.18000E+02, 0.37773E+03, 0.47535E+00, 0.55343E-02
 0.52000E+02, 0.18000E+02, 0.37633E+03, 0.37085E+00, 0.70785E-02
 0.53000E+02, 0.18000E+02, 0.36438E+03, 0.35966E+00, 0.71645E-02
 0.54000E+02, 0.18000E+02, 0.35142E+03, 0.50357E+00, 0.50130E-02
 0.55000E+02, 0.18000E+02, 0.37768E+03, 0.60291E+00, 0.43631E-02
 0.56000E+02, 0.18000E+02, 0.36510E+03, 0.52906E+00, 0.48760E-02
 0.57000E+02, 0.18000E+02, 0.36428E+03, 0.51159E+00, 0.50360E-02
 0.58000E+02, 0.18000E+02, 0.38307E+03, 0.49491E+00, 0.53592E-02
 0.59000E+02, 0.18000E+02, 0.38342E+03, 0.54936E+00, 0.48306E-02
 0.60000E+02, 0.18000E+02, 0.37197E+03, 0.70563E+00, 0.36952E-02
 0.61000E+02, 0.18000E+02, 0.36775E+03, 0.65890E+00, 0.39314E-02
 0.62000E+02, 0.18000E+02, 0.35990E+03, 0.65915E+00, 0.38818E-02
 0.63000E+02, 0.18000E+02, 0.35568E+03, 0.63385E+00, 0.40098E-02
 0.64000E+02, 0.18000E+02, 0.35486E+03, 0.50634E+00, 0.50130E-02
 0.65000E+02, 0.18000E+02, 0.33242E+03, 0.46209E+00, 0.52969E-02
 0.00000E+00, 0.19000E+02, 0.19272E+03, 0.11244E+00, 0.16747E-01
 0.10000E+01, 0.19000E+02, 0.20414E+03, 0.11465E+00, 0.16826E-01
 0.20000E+01, 0.19000E+02, 0.20671E+03, 0.11408E+00, 0.17001E-01
 0.30000E+01, 0.19000E+02, 0.21302E+03, 0.11634E+00, 0.16890E-01
 0.40000E+01, 0.19000E+02, 0.21700E+03, 0.11834E+00, 0.16741E-01
 0.50000E+01, 0.19000E+02, 0.21951E+03, 0.11866E+00, 0.16782E-01
 0.60000E+01, 0.19000E+02, 0.21697E+03, 0.12083E+00, 0.16394E-01
 0.70000E+01, 0.19000E+02, 0.20262E+03, 0.11273E+00, 0.17058E-01
 0.80000E+01, 0.19000E+02, 0.22000E+02, 0.30000E+02, 0.00000E+00
 0.90000E+01, 0.19000E+02, 0.32138E+03, 0.48239E+00, 0.49815E-02
 0.10000E+02, 0.19000E+02, 0.29712E+03, 0.64754E+00, 0.35595E-02
 0.11000E+02, 0.19000E+02, 0.29489E+03, 0.72161E+00, 0.31816E-02
 0.12000E+02, 0.19000E+02, 0.29262E+03, 0.87586E+00, 0.26109E-02
 0.13000E+02, 0.19000E+02, 0.27490E+03, 0.18812E+01, 0.11775E-02
 0.14000E+02, 0.19000E+02, 0.26737E+03, 0.26989E+01, 0.80946E-03
 0.15000E+02, 0.19000E+02, 0.27339E+03, 0.25027E+01, 0.88267E-03
 0.16000E+02, 0.19000E+02, 0.28767E+03, 0.21916E+01, 0.10343E-02
 0.17000E+02, 0.19000E+02, 0.29188E+03, 0.21583E+01, 0.10581E-02
 0.18000E+02, 0.19000E+02, 0.28105E+03, 0.25555E+01, 0.87652E-03
 0.19000E+02, 0.19000E+02, 0.21719E+03, 0.39212E+01, 0.50542E-03
 0.20000E+02, 0.19000E+02, 0.22389E+03, 0.39232E+01, 0.51207E-03
 0.21000E+02, 0.19000E+02, 0.23036E+03, 0.44993E+01, 0.45231E-03
 0.22000E+02, 0.19000E+02, 0.24737E+03, 0.45289E+01, 0.46454E-03
 0.23000E+02, 0.19000E+02, 0.25017E+03, 0.44909E+01, 0.47099E-03
 0.24000E+02, 0.19000E+02, 0.25481E+03, 0.44484E+01, 0.47970E-03
 0.25000E+02, 0.19000E+02, 0.25217E+03, 0.46210E+01, 0.45948E-03
 0.26000E+02, 0.19000E+02, 0.24985E+03, 0.48405E+01, 0.43670E-03
 0.27000E+02, 0.19000E+02, 0.24882E+03, 0.48328E+01, 0.43653E-03
 0.28000E+02, 0.19000E+02, 0.25458E+03, 0.55429E+01, 0.38482E-03
 0.29000E+02, 0.19000E+02, 0.33157E+03, 0.67827E+01, 0.36036E-03
 0.30000E+02, 0.19000E+02, 0.29578E+03, 0.13459E+00, 0.17086E-01
 0.31000E+02, 0.19000E+02, 0.33104E+03, 0.13322E+00, 0.18330E-01
 0.32000E+02, 0.19000E+02, 0.34189E+03, 0.14546E+00, 0.17090E-01
 0.33000E+02, 0.19000E+02, 0.33807E+03, 0.13849E+00, 0.17838E-01
 0.34000E+02, 0.19000E+02, 0.34116E+03, 0.15269E+00, 0.16262E-01
 0.35000E+02, 0.19000E+02, 0.35798E+03, 0.21002E+00, 0.12146E-01
 0.36000E+02, 0.19000E+02, 0.36668E+03, 0.25654E+00, 0.10081E-01
 0.37000E+02, 0.19000E+02, 0.36380E+03, 0.26556E+00, 0.96942E-02
 0.38000E+02, 0.19000E+02, 0.36139E+03, 0.22306E+00, 0.11498E-01
 0.39000E+02, 0.19000E+02, 0.35056E+03, 0.26896E+00, 0.93728E-02
 0.40000E+02, 0.19000E+02, 0.34659E+03, 0.25481E+00, 0.98303E-02
 0.41000E+02, 0.19000E+02, 0.33844E+03, 0.27606E+00, 0.89543E-02
 0.42000E+02, 0.19000E+02, 0.33381E+03, 0.28440E+00, 0.86259E-02
 0.43000E+02, 0.19000E+02, 0.33651E+03, 0.21985E+00, 0.11208E-01
 0.44000E+02, 0.19000E+02, 0.33832E+03, 0.21779E+00, 0.11348E-01
 0.45000E+02, 0.19000E+02, 0.34013E+03, 0.21913E+00, 0.11312E-01
 0.46000E+02, 0.19000E+02, 0.34231E+03, 0.20777E+00, 0.11973E-01
 0.47000E+02, 0.19000E+02, 0.30665E+03, 0.19758E+00, 0.11861E-01
 0.48000E+02, 0.19000E+02, 0.29378E+03, 0.88931E-01, 0.25766E-01
 0.49000E+02, 0.19000E+02, 0.30786E+03, 0.91207E-01, 0.25747E-01
 0.50000E+02, 0.19000E+02, 0.30631E+03, 0.91044E-01, 0.25725E-01
 0.51000E+02, 0.19000E+02, 0.31114E+03, 0.90126E-01, 0.26203E-01
 0.52000E+02, 0.19000E+02, 0.30789E+03, 0.90780E-01, 0.25870E-01
 0.53000E+02, 0.19000E+02, 0.28823E+03, 0.11951E+00, 0.18986E-01
 0.54000E+02, 0.19000E+02, 0.29664E+03, 0.12759E+00, 0.18050E-01
 0.55000E+02, 0.19000E+02, 0.30672E+03, 0.12509E+00, 0.18737E-01
 0.56000E+02, 0.19000E+02, 0.31357E+03, 0.13021E+00, 0.18212E-01
 0.57000E+02, 0.19000E+02, 0.30700E+03, 0.28113E+00, 0.83410E-02
 0.58000E+02, 0.19000E+02, 0.33053E+03, 0.47042E+00, 0.51868E-02
 0.59000E+02, 0.19000E+02, 0.22000E+02, 0.30000E+02, 0.00000E+00
 0.60000E+02, 0.19000E+02, 0.36058E+03, 0.45451E+00, 0.56356E-02
 0.61000E+02, 0.19000E+02, 0.37240E+03, 0.53805E+00, 0.48494E-02
 0.62000E+02, 0.19000E+02, 0.36991E+03, 0.59775E+00, 0.43482E-02
 0.63000E+02, 0.19000E+02, 0.35371E+03, 0.68251E+00, 0.37123E-02
 0.64000E+02, 0.19000E+02, 0.35286E+03, 0.56790E+00, 0.44554E-02
 0.65000E+02, 0.19000E+02, 0.32692E+03, 0.47235E+00, 0.51347E-02
 0.00000E+00, 0.20000E+02, 0.27131E+03, 0.14119E+00, 0.15587E-01
 0.10000E+01, 0.20000E+02, 0.27185E+03, 0.14414E+00, 0.15282E-01
 0.20000E+01, 0.20000E+02, 0.29913E+03, 0.14235E+00, 0.16249E-01
 0.30000E+01, 0.20000E+02, 0.36495E+03, 0.13858E+00, 0.18611E-01
 0.40000E+01, 0.20000E+02, 0.37875E+03, 0.14596E+00, 0.18052E-01
 0.50000E+01, 0.20000E+02, 0.40617E+03, 0.15081E+00, 0.18206E-01
 0.60000E+01, 0.20000E+02, 0.49271E+03, 0.15756E+00, 0.19647E-01
 0.70000E+01, 0.20000E+02, 0.68087E+03, 0.14313E+00, 0.26941E-01
 0.80000E+01, 0.20000E+02, 0.22000E+02, 0.30000E+02, 0.00000E+00
 0.90000E+01, 0.20000E+02, 0.48668E+03, 0.24224E+00, 0.12678E-01
 0.10000E+02, 0.20000E+02, 0.32329E+03, 0.50810E+00, 0.47445E-02
 0.11000E+02, 0.20000E+02, 0.29803E+03, 0.55796E+00, 0.41376E-02
 0.12000E+02, 0.20000E+02, 0.26709E+03, 0.13879E+01, 0.15732E-02
 0.13000E+02, 0.20000E+02, 0.27691E+03, 0.20196E+01, 0.11008E-02
 0.14000E+02, 0.20000E+02, 0.27522E+03, 0.27164E+01, 0.81595E-03
 0.15000E+02, 0.20000E+02, 0.25116E+03, 0.32072E+01, 0.66075E-03
 0.16000E+02, 0.20000E+02, 0.23861E+03, 0.18690E+01, 0.11067E-02
 0.17000E+02, 0.20000E+02, 0.23557E+03, 0.32764E+01, 0.62757E-03
 0.18000E+02, 0.20000E+02, 0.22696E+03, 0.39554E+01, 0.51104E-03
 0.19000E+02, 0.20000E+02, 0.22726E+03, 0.43272E+01, 0.46742E-03
 0.20000E+02, 0.20000E+02, 0.22375E+03, 0.40091E+01, 0.50096E-03
 0.21000E+02, 0.20000E+02, 0.23192E+03, 0.48323E+01, 0.42245E-03
 0.22000E+02, 0.20000E+02, 0.23436E+03, 0.47718E+01, 0.42988E-03
 0.23000E+02, 0.20000E+02, 0.23489E+03, 0.44215E+01, 0.46441E-03
 0.24000E+02, 0.20000E+02, 0.24056E+03, 0.49552E+01, 0.41902E-03
 0.25000E+02, 0.20000E+02, 0.24626E+03, 0.52950E+01, 0.39649E-03
 0.26000E+02, 0.20000E+02, 0.24827E+03, 0.55527E+01, 0.37955E-03
 0.27000E+02, 0.20000E+02, 0.25032E+03, 0.63389E+01, 0.33378E-03
 0.28000E+02, 0.20000E+02, 0.26401E+03, 0.59047E+01, 0.36769E-03
 0.29000E+02, 0.20000E+02, 0.34502E+03, 0.73124E+01, 0.34168E-03
 0.30000E+02, 0.20000E+02, 0.34420E+03, 0.13425E+00, 0.18586E-01
 0.31000E+02, 0.20000E+02, 0.34819E+03, 0.13995E+00, 0.17944E-01
 0.32000E+02, 0.20000E+02, 0.34700E+03, 0.15612E+00, 0.16055E-01
 0.33000E+02, 0.20000E+02, 0.35248E+03, 0.15347E+00, 0.16476E-01
 0.34000E+02, 0.20000E+02, 0.35237E+03, 0.17117E+00, 0.14770E-01
 0.35000E+02, 0.20000E+02, 0.35448E+03, 0.18569E+00, 0.13662E-01
 0.36000E+02, 0.20000E+02, 0.36954E+03, 0.17092E+00, 0.15198E-01
 0.37000E+02, 0.20000E+02, 0.36718E+03, 0.17431E+00, 0.14848E-01
 0.38000E+02, 0.20000E+02, 0.35833E+03, 0.23952E+00, 0.10656E-01
 0.39000E+02, 0.20000E+02, 0.34876E+03, 0.27879E+00, 0.90164E-02
 0.40000E+02, 0.20000E+02, 0.34913E+03, 0.30270E+00, 0.83091E-02
 0.41000E+02, 0.20000E+02, 0.34247E+03, 0.29669E+00, 0.83868E-02
 0.42000E+02, 0.20000E+02, 0.35058E+03, 0.26474E+00, 0.95224E-02
 0.43000E+02, 0.20000E+02, 0.35311E+03, 0.24867E+00, 0.10179E-01
 0.44000E+02, 0.20000E+02, 0.35630E+03, 0.25177E+00, 0.10105E-01
 0.45000E+02, 0.20000E+02, 0.35904E+03, 0.21681E+00, 0.11786E-01
 0.46000E+02, 0.20000E+02, 0.36198E+03, 0.18720E+00, 0.13713E-01
 0.47000E+02, 0.20000E+02, 0.34341E+03, 0.20066E+00, 0.12419E-01
 0.48000E+02, 0.20000E+02, 0.31212E+03, 0.88924E-01, 0.26602E-01
 0.49000E+02, 0.20000E+02, 0.31594E+03, 0.86947E-01, 0.27385E-01
 0.50000E+02, 0.20000E+02, 0.32778E+03, 0.88768E-01, 0.27362E-01
 0.51000E+02, 0.20000E+02, 0.33402E+03, 0.89928E-01, 0.27289E-01
 0.52000E+02, 0.20000E+02, 0.32842E+03, 0.90991E-01, 0.26722E-01
 0.53000E+02, 0.20000E+02, 0.30755E+03, 0.10283E+00, 0.22825E-01
 0.54000E+02, 0.20000E+02, 0.30776E+03, 0.10382E+00, 0.22616E-01
 0.55000E+02, 0.20000E+02, 0.33245E+03, 0.10215E+00, 0.23961E-01
 0.56000E+02, 0.20000E+02, 0.33242E+03, 0.12536E+00, 0.19524E-01
 0.57000E+02, 0.20000E+02, 0.32273E+03, 0.25225E+00, 0.95480E-02
 0.58000E+02, 0.20000E+02, 0.34958E+03, 0.40303E+00, 0.62450E-02
 0.59000E+02, 0.20000E+02, 0.22000E+02, 0.30000E+02, 0.00000E+00
 0.60000E+02, 0.20000E+02, 0.32304E+03, 0.38445E+00, 0.62678E-02
 0.61000E+02, 0.20000E+02, 0.35627E+03, 0.49416E+00, 0.51481E-02
 0.62000E+02, 0.20000E+02, 0.36080E+03, 0.67519E+00, 0.37950E-02
 0.63000E+02, 0.20000E+02, 0.35333E+03, 0.66227E+00, 0.38234E-02
 0.64000E+02, 0.20000E+02, 0.35324E+03, 0.58280E+00, 0.43441E-02
 0.65000E+02, 0.20000E+02, 0.33178E+03, 0.47431E+00, 0.51549E-02
 0.00000E+00, 0.21000E+02, 0.27177E+03, 0.14181E+00, 0.15531E-01
 0.10000E+01, 0.21000E+02, 0.28230E+03, 0.14498E+00, 0.15485E-01
 0.20000E+01, 0.21000E+02, 0.31180E+03, 0.14390E+00, 0.16430E-01
 0.30000E+01, 0.21000E+02, 0.34118E+03, 0.14434E+00, 0.17202E-01
 0.40000E+01, 0.21000E+02, 0.36371E+03, 0.14858E+00, 0.17325E-01
 0.50000E+01, 0.21000E+02, 0.39315E+03, 0.15027E+00, 0.17922E-01
 0.60000E+01, 0.21000E+02, 0.46112E+03, 0.15392E+00, 0.19282E-01
 0.70000E+01, 0.21000E+02, 0.53482E+03, 0.15541E+00, 0.21014E-01
 0.80000E+01, 0.21000E+02, 0.22000E+02, 0.30000E+02, 0.00000E+00
 0.90000E+01, 0.21000E+02, 0.40580E+03, 0.31615E+00, 0.86802E-02
 0.10000E+02, 0.21000E+02, 0.30219E+03, 0.58536E+00, 0.39727E-02
 0.11000E+02, 0.21000E+02, 0.25994E+03, 0.10497E+01, 0.20526E-02
 0.12000E+02, 0.21000E+02, 0.24720E+03, 0.15717E+01, 0.13382E-02
 0.13000E+02, 0.21000E+02, 0.25758E+03, 0.22002E+01, 0.97495E-03
 0.14000E+02, 0.21000E+02, 0.26051E+03, 0.24054E+01, 0.89670E-03
 0.15000E+02, 0.21000E+02, 0.24423E+03, 0.22854E+01, 0.91500E-03
 0.16000E+02, 0.21000E+02, 0.23941E+03, 0.93864E+00, 0.22071E-02
 0.17000E+02, 0.21000E+02, 0.24184E+03, 0.11498E+01, 0.18104E-02
 0.18000E+02, 0.21000E+02, 0.23777E+03, 0.16854E+01, 0.12252E-02
 0.19000E+02, 0.21000E+02, 0.23781E+03, 0.44661E+01, 0.46242E-03
 0.20000E+02, 0.21000E+02, 0.24141E+03, 0.49559E+01, 0.41965E-03
 0.21000E+02, 0.21000E+02, 0.24063E+03, 0.56868E+01, 0.36516E-03
 0.22000E+02, 0.21000E+02, 0.24582E+03, 0.58866E+01, 0.35633E-03
 0.23000E+02, 0.21000E+02, 0.23936E+03, 0.51591E+01, 0.40152E-03
 0.24000E+02, 0.21000E+02, 0.24315E+03, 0.49746E+01, 0.41949E-03
 0.25000E+02, 0.21000E+02, 0.24520E+03, 0.52750E+01, 0.39717E-03
 0.26000E+02, 0.21000E+02, 0.25052E+03, 0.55558E+01, 0.38097E-03
 0.27000E+02, 0.21000E+02, 0.25173E+03, 0.62790E+01, 0.33787E-03
 0.28000E+02, 0.21000E+02, 0.26932E+03, 0.56367E+01, 0.38898E-03
 0.29000E+02, 0.21000E+02, 0.33246E+03, 0.71736E+01, 0.34122E-03
 0.30000E+02, 0.21000E+02, 0.34082E+03, 0.14036E+00, 0.17680E-01
 0.31000E+02, 0.21000E+02, 0.35133E+03, 0.13125E+00, 0.19231E-01
 0.32000E+02, 0.21000E+02, 0.34728E+03, 0.15175E+00, 0.16525E-01
 0.33000E+02, 0.21000E+02, 0.35416E+03, 0.13931E+00, 0.18201E-01
 0.34000E+02, 0.21000E+02, 0.35517E+03, 0.16499E+00, 0.15392E-01
 0.35000E+02, 0.21000E+02, 0.34912E+03, 0.17980E+00, 0.13988E-01
 0.36000E+02, 0.21000E+02, 0.37266E+03, 0.16260E+00, 0.16054E-01
 0.37000E+02, 0.21000E+02, 0.37149E+03, 0.16623E+00, 0.15674E-01
 0.38000E+02, 0.21000E+02, 0.37101E+03, 0.16188E+00, 0.16084E-01
 0.39000E+02, 0.21000E+02, 0.35378E+03, 0.27174E+00, 0.93249E-02
 0.40000E+02, 0.21000E+02, 0.34891E+03, 0.29861E+00, 0.84199E-02
 0.41000E+02, 0.21000E+02, 0.34821E+03, 0.29881E+00, 0.84047E-02
 0.42000E+02, 0.21000E+02, 0.36200E+03, 0.22046E+00, 0.11645E-01
 0.43000E+02, 0.21000E+02, 0.35706E+03, 0.25183E+00, 0.10115E-01
 0.44000E+02, 0.21000E+02, 0.35380E+03, 0.21280E+00, 0.11908E-01
 0.45000E+02, 0.21000E+02, 0.36095E+03, 0.18121E+00, 0.14143E-01
 0.46000E+02, 0.21000E+02, 0.36254E+03, 0.18383E+00, 0.13977E-01
 0.47000E+02, 0.21000E+02, 0.33222E+03, 0.18758E+00, 0.13044E-01
 0.48000E+02, 0.21000E+02, 0.31281E+03, 0.89586E-01, 0.26436E-01
 0.49000E+02, 0.21000E+02, 0.31720E+03, 0.87253E-01, 0.27346E-01
 0.50000E+02, 0.21000E+02, 0.32686E+03, 0.90223E-01, 0.26879E-01
 0.51000E+02, 0.21000E+02, 0.33611E+03, 0.94630E-01, 0.26023E-01
 0.52000E+02, 0.21000E+02, 0.33566E+03, 0.97097E-01, 0.25343E-01
 0.53000E+02, 0.21000E+02, 0.33205E+03, 0.96165E-01, 0.25437E-01
 0.54000E+02, 0.21000E+02, 0.31714E+03, 0.97320E-01, 0.24516E-01
 0.55000E+02, 0.21000E+02, 0.33049E+03, 0.10127E+00, 0.24091E-01
 0.56000E+02, 0.21000E+02, 0.33469E+03, 0.10685E+00, 0.22993E-01
 0.57000E+02, 0.21000E+02, 0.32145E+03, 0.16357E+00, 0.14693E-01
 0.58000E+02, 0.21000E+02, 0.34867E+03, 0.36296E+00, 0.69244E-02
 0.59000E+02, 0.21000E+02, 0.22000E+02, 0.30000E+02, 0.00000E+00
 0.60000E+02, 0.21000E+02, 0.30910E+03, 0.35575E+00, 0.66152E-02
 0.61000E+02, 0.21000E+02, 0.31425E+03, 0.40303E+00, 0.58908E-02
 0.62000E+02, 0.21000E+02, 0.34952E+03, 0.53363E+00, 0.47162E-02
 0.63000E+02, 0.21000E+02, 0.35421E+03, 0.62179E+00, 0.40780E-02
 0.64000E+02, 0.21000E+02, 0.35433E+03, 0.60173E+00, 0.42148E-02
 0.65000E+02, 0.21000E+02, 0.34811E+03, 0.52843E+00, 0.47518E-02
 0.00000E+00, 0.22000E+02, 0.27085E+03, 0.14156E+00, 0.15532E-01
 0.10000E+01, 0.22000E+02, 0.28076E+03, 0.14322E+00, 0.15632E-01
 0.20000E+01, 0.22000E+02, 0.29831E+03, 0.14515E+00, 0.15913E-01
 0.30000E+01, 0.22000E+02, 0.33211E+03, 0.14647E+00, 0.16702E-01
 0.40000E+01, 0.22000E+02, 0.36317E+03, 0.14934E+00, 0.17221E-01
 0.50000E+01, 0.22000E+02, 0.38196E+03, 0.14921E+00, 0.17745E-01
 0.60000E+01, 0.22000E+02, 0.40832E+03, 0.15052E+00, 0.18299E-01
 0.70000E+01, 0.22000E+02, 0.43024E+03, 0.15506E+00, 0.18334E-01
 0.80000E+01, 0.22000E+02, 0.22000E+02, 0.30000E+02, 0.00000E+00
 0.90000E+01, 0.22000E+02, 0.32661E+03, 0.48608E+00, 0.49871E-02
 0.10000E+02, 0.22000E+02, 0.27442E+03, 0.78576E+00, 0.28166E-02
 0.11000E+02, 0.22000E+02, 0.25750E+03, 0.10691E+01, 0.20063E-02
 0.12000E+02, 0.22000E+02, 0.24372E+03, 0.12079E+01, 0.17295E-02
 0.13000E+02, 0.22000E+02, 0.24548E+03, 0.21233E+01, 0.98723E-03
 0.14000E+02, 0.22000E+02, 0.23863E+03, 0.13885E+01, 0.14898E-02
 0.15000E+02, 0.22000E+02, 0.23963E+03, 0.96144E+00, 0.21557E-02
 0.16000E+02, 0.22000E+02, 0.24185E+03, 0.89869E+00, 0.23162E-02
 0.17000E+02, 0.22000E+02, 0.24652E+03, 0.17373E+01, 0.12090E-02
 0.18000E+02, 0.22000E+02, 0.24469E+03, 0.21025E+01, 0.99547E-03
 0.19000E+02, 0.22000E+02, 0.25095E+03, 0.46311E+01, 0.45741E-03
 0.20000E+02, 0.22000E+02, 0.25267E+03, 0.51471E+01, 0.41291E-03
 0.21000E+02, 0.22000E+02, 0.25114E+03, 0.53547E+01, 0.39575E-03
 0.22000E+02, 0.22000E+02, 0.25487E+03, 0.54718E+01, 0.39002E-03
 0.23000E+02, 0.22000E+02, 0.24224E+03, 0.45764E+01, 0.45519E-03
 0.24000E+02, 0.22000E+02, 0.24635E+03, 0.44700E+01, 0.46973E-03
 0.25000E+02, 0.22000E+02, 0.24722E+03, 0.45830E+01, 0.45892E-03
 0.26000E+02, 0.22000E+02, 0.24914E+03, 0.48566E+01, 0.43466E-03
 0.27000E+02, 0.22000E+02, 0.25212E+03, 0.56069E+01, 0.37865E-03
 0.28000E+02, 0.22000E+02, 0.27839E+03, 0.58789E+01, 0.37919E-03
 0.29000E+02, 0.22000E+02, 0.30310E+03, 0.68229E+01, 0.34137E-03
 0.30000E+02, 0.22000E+02, 0.33341E+03, 0.14753E+00, 0.16618E-01
 0.31000E+02, 0.22000E+02, 0.34718E+03, 0.15741E+00, 0.15928E-01
 0.32000E+02, 0.22000E+02, 0.34272E+03, 0.16884E+00, 0.14743E-01
 0.33000E+02, 0.22000E+02, 0.34576E+03, 0.16972E+00, 0.14739E-01
 0.34000E+02, 0.22000E+02, 0.35446E+03, 0.16396E+00, 0.15471E-01
 0.35000E+02, 0.22000E+02, 0.35778E+03, 0.16689E+00, 0.15280E-01
 0.36000E+02, 0.22000E+02, 0.37160E+03, 0.16315E+00, 0.15972E-01
 0.37000E+02, 0.22000E+02, 0.37385E+03, 0.16270E+00, 0.16073E-01
 0.38000E+02, 0.22000E+02, 0.37582E+03, 0.15780E+00, 0.16622E-01
 0.39000E+02, 0.22000E+02, 0.37170E+03, 0.15491E+00, 0.16825E-01
 0.40000E+02, 0.22000E+02, 0.36305E+03, 0.18939E+00, 0.13578E-01
 0.41000E+02, 0.22000E+02, 0.36264E+03, 0.22793E+00, 0.11274E-01
 0.42000E+02, 0.22000E+02, 0.35874E+03, 0.22697E+00, 0.11253E-01
 0.43000E+02, 0.22000E+02, 0.35666E+03, 0.23767E+00, 0.10711E-01
 0.44000E+02, 0.22000E+02, 0.36056E+03, 0.21588E+00, 0.11865E-01
 0.45000E+02, 0.22000E+02, 0.36497E+03, 0.21004E+00, 0.12279E-01
 0.46000E+02, 0.22000E+02, 0.36315E+03, 0.19055E+00, 0.13497E-01
 0.47000E+02, 0.22000E+02, 0.33346E+03, 0.17894E+00, 0.13702E-01
 0.48000E+02, 0.22000E+02, 0.32516E+03, 0.94006E-01, 0.25724E-01
 0.49000E+02, 0.22000E+02, 0.31749E+03, 0.88206E-01, 0.27065E-01
 0.50000E+02, 0.22000E+02, 0.32043E+03, 0.93128E-01, 0.25762E-01
 0.51000E+02, 0.22000E+02, 0.32450E+03, 0.95121E-01, 0.25395E-01
 0.52000E+02, 0.22000E+02, 0.33080E+03, 0.95760E-01, 0.25491E-01
 0.53000E+02, 0.22000E+02, 0.33619E+03, 0.96806E-01, 0.25441E-01
 0.54000E+02, 0.22000E+02, 0.32987E+03, 0.96069E-01, 0.25370E-01
 0.55000E+02, 0.22000E+02, 0.32559E+03, 0.95915E-01, 0.25231E-01
 0.56000E+02, 0.22000E+02, 0.33210E+03, 0.10538E+00, 0.23214E-01
 0.57000E+02, 0.22000E+02, 0.33693E+03, 0.10750E+00, 0.22938E-01
 0.58000E+02, 0.22000E+02, 0.31687E+03, 0.20473E+00, 0.11648E-01
 0.59000E+02, 0.22000E+02, 0.22000E+02, 0.30000E+02, 0.00000E+00
 0.60000E+02, 0.22000E+02, 0.31888E+03, 0.37179E+00, 0.64361E-02
 0.61000E+02, 0.22000E+02, 0.33991E+03, 0.47388E+00, 0.52289E-02
 0.62000E+02, 0.22000E+02, 0.34720E+03, 0.57558E+00, 0.43562E-02
 0.63000E+02, 0.22000E+02, 0.34871E+03, 0.58605E+00, 0.42888E-02
 0.64000E+02, 0.22000E+02, 0.35128E+03, 0.58468E+00, 0.43166E-02
 0.65000E+02, 0.22000E+02, 0.34475E+03, 0.52185E+00, 0.47858E-02
 0.00000E+00, 0.23000E+02, 0.26866E+03, 0.14246E+00, 0.15372E-01
 0.10000E+01, 0.23000E+02, 0.28587E+03, 0.14372E+00, 0.15721E-01
 0.20000E+01, 0.23000E+02, 0.31713E+03, 0.14359E+00, 0.16615E-01
 0.30000E+01, 0.23000E+02, 0.34921E+03, 0.14544E+00, 0.17295E-01
 0.40000E+01, 0.23000E+02, 0.35892E+03, 0.14986E+00, 0.17048E-01
 0.50000E+01, 0.23000E+02, 0.35072E+03, 0.15282E+00, 0.16500E-01
 0.60000E+01, 0.23000E+02, 0.36069E+03, 0.15319E+00, 0.16723E-01
 0.70000E+01, 0.23000E+02, 0.34258E+03, 0.15371E+00, 0.16191E-01
 0.80000E+01, 0.23000E+02, 0.22000E+02, 0.30000E+02, 0.00000E+00
 0.90000E+01, 0.23000E+02, 0.35365E+03, 0.44442E+00, 0.57005E-02
 0.10000E+02, 0.23000E+02, 0.30311E+03, 0.60090E+00, 0.38761E-02
 0.11000E+02, 0.23000E+02, 0.27932E+03, 0.79008E+00, 0.28263E-02
 0.12000E+02, 0.23000E+02, 0.23871E+03, 0.15826E+01, 0.13073E-02
 0.13000E+02, 0.23000E+02, 0.24353E+03, 0.15888E+01, 0.13144E-02
 0.14000E+02, 0.23000E+02, 0.24206E+03, 0.82164E+00, 0.25345E-02
 0.15000E+02, 0.23000E+02, 0.24335E+03, 0.78392E+00, 0.26630E-02
 0.16000E+02, 0.23000E+02, 0.24542E+03, 0.10692E+01, 0.19602E-02
 0.17000E+02, 0.23000E+02, 0.24899E+03, 0.17287E+01, 0.12208E-02
 0.18000E+02, 0.23000E+02, 0.24523E+03, 0.18314E+01, 0.11441E-02
 0.19000E+02, 0.23000E+02, 0.25073E+03, 0.47116E+01, 0.44941E-03
 0.20000E+02, 0.23000E+02, 0.25303E+03, 0.51360E+01, 0.41408E-03
 0.21000E+02, 0.23000E+02, 0.25724E+03, 0.52642E+01, 0.40723E-03
 0.22000E+02, 0.23000E+02, 0.24738E+03, 0.44622E+01, 0.47149E-03
 0.23000E+02, 0.23000E+02, 0.23258E+03, 0.39516E+01, 0.51728E-03
 0.24000E+02, 0.23000E+02, 0.23788E+03, 0.40076E+01, 0.51540E-03
 0.25000E+02, 0.23000E+02, 0.24758E+03, 0.43724E+01, 0.48136E-03
 0.26000E+02, 0.23000E+02, 0.24755E+03, 0.43201E+01, 0.48716E-03
 0.27000E+02, 0.23000E+02, 0.25097E+03, 0.46096E+01, 0.45956E-03
 0.28000E+02, 0.23000E+02, 0.28240E+03, 0.57275E+01, 0.39204E-03
 0.29000E+02, 0.23000E+02, 0.28347E+03, 0.65459E+01, 0.34369E-03
 0.30000E+02, 0.23000E+02, 0.33219E+03, 0.14967E+00, 0.16347E-01
 0.31000E+02, 0.23000E+02, 0.32674E+03, 0.14971E+00, 0.16196E-01
 0.32000E+02, 0.23000E+02, 0.33651E+03, 0.15012E+00, 0.16415E-01
 0.33000E+02, 0.23000E+02, 0.34606E+03, 0.15217E+00, 0.16447E-01
 0.34000E+02, 0.23000E+02, 0.35567E+03, 0.16006E+00, 0.15879E-01
 0.35000E+02, 0.23000E+02, 0.36138E+03, 0.15357E+00, 0.16700E-01
 0.36000E+02, 0.23000E+02, 0.36593E+03, 0.15679E+00, 0.16474E-01
 0.37000E+02, 0.23000E+02, 0.36559E+03, 0.16377E+00, 0.15764E-01
 0.38000E+02, 0.23000E+02, 0.37169E+03, 0.16899E+00, 0.15423E-01
 0.39000E+02, 0.23000E+02, 0.37541E+03, 0.17189E+00, 0.15251E-01
 0.40000E+02, 0.23000E+02, 0.37321E+03, 0.16312E+00, 0.16015E-01
 0.41000E+02, 0.23000E+02, 0.36768E+03, 0.16451E+00, 0.15744E-01
 0.42000E+02, 0.23000E+02, 0.35674E+03, 0.22277E+00, 0.11428E-01
 0.43000E+02, 0.23000E+02, 0.36121E+03, 0.24843E+00, 0.10321E-01
 0.44000E+02, 0.23000E+02, 0.36531E+03, 0.22293E+00, 0.11576E-01
 0.45000E+02, 0.23000E+02, 0.36815E+03, 0.21470E+00, 0.12073E-01
 0.46000E+02, 0.23000E+02, 0.36535E+03, 0.20077E+00, 0.12854E-01
 0.47000E+02, 0.23000E+02, 0.32796E+03, 0.16846E+00, 0.14422E-01
 0.48000E+02, 0.23000E+02, 0.32932E+03, 0.10507E+00, 0.23175E-01
 0.49000E+02, 0.23000E+02, 0.32983E+03, 0.97106E-01, 0.25098E-01
 0.50000E+02, 0.23000E+02, 0.32938E+03, 0.97858E-01, 0.24886E-01
 0.51000E+02, 0.23000E+02, 0.32434E+03, 0.99894E-01, 0.24175E-01
 0.52000E+02, 0.23000E+02, 0.33012E+03, 0.96686E-01, 0.25219E-01
 0.53000E+02, 0.23000E+02, 0.32344E+03, 0.10249E+00, 0.23528E-01
 0.54000E+02, 0.23000E+02, 0.32999E+03, 0.99252E-01, 0.24561E-01
 0.55000E+02, 0.23000E+02, 0.32352E+03, 0.10902E+00, 0.22122E-01
 0.56000E+02, 0.23000E+02, 0.33079E+03, 0.98595E-01, 0.24758E-01
 0.57000E+02, 0.23000E+02, 0.33762E+03, 0.10839E+00, 0.22775E-01
 0.58000E+02, 0.23000E+02, 0.33064E+03, 0.12066E+00, 0.20225E-01
 0.59000E+02, 0.23000E+02, 0.22000E+02, 0.30000E+02, 0.00000E+00
 0.60000E+02, 0.23000E+02, 0.32559E+03, 0.41533E+00, 0.58267E-02
 0.61000E+02, 0.23000E+02, 0.34547E+03, 0.55699E+00, 0.44890E-02
 0.62000E+02, 0.23000E+02, 0.34173E+03, 0.53617E+00, 0.46352E-02
 0.63000E+02, 0.23000E+02, 0.32894E+03, 0.50066E+00, 0.48607E-02
 0.64000E+02, 0.23000E+02, 0.34011E+03, 0.53079E+00, 0.46698E-02
 0.65000E+02, 0.23000E+02, 0.33691E+03, 0.52125E+00, 0.47304E-02
 0.00000E+00, 0.24000E+02, 0.26243E+03, 0.14045E+00, 0.15412E-01
 0.10000E+01, 0.24000E+02, 0.26300E+03, 0.14363E+00, 0.15087E-01
 0.20000E+01, 0.24000E+02, 0.28323E+03, 0.14574E+00, 0.15430E-01
 0.30000E+01, 0.24000E+02, 0.33960E+03, 0.14210E+00, 0.17429E-01
 0.40000E+01, 0.24000E+02, 0.35077E+03, 0.14695E+00, 0.17161E-01
 0.50000E+01, 0.24000E+02, 0.33749E+03, 0.15283E+00, 0.16150E-01
 0.60000E+01, 0.24000E+02, 0.31793E+03, 0.15328E+00, 0.15586E-01
 0.70000E+01, 0.24000E+02, 0.29072E+03, 0.14962E+00, 0.15232E-01
 0.80000E+01, 0.24000E+02, 0.22000E+02, 0.30000E+02, 0.00000E+00
 0.90000E+01, 0.24000E+02, 0.31182E+03, 0.68956E+00, 0.34287E-02
 0.10000E+02, 0.24000E+02, 0.35686E+03, 0.41729E+00, 0.61022E-02
 0.11000E+02, 0.24000E+02, 0.30588E+03, 0.59044E+00, 0.39637E-02
 0.12000E+02, 0.24000E+02, 0.24205E+03, 0.14345E+01, 0.14516E-02
 0.13000E+02, 0.24000E+02, 0.24264E+03, 0.12243E+01, 0.17028E-02
 0.14000E+02, 0.24000E+02, 0.24516E+03, 0.75943E+00, 0.27585E-02
 0.15000E+02, 0.24000E+02, 0.24539E+03, 0.59591E+00, 0.35170E-02
 0.16000E+02, 0.24000E+02, 0.24466E+03, 0.60719E+00, 0.34468E-02
 0.17000E+02, 0.24000E+02, 0.24041E+03, 0.49769E+00, 0.41707E-02
 0.18000E+02, 0.24000E+02, 0.23854E+03, 0.11199E+01, 0.18467E-02
 0.19000E+02, 0.24000E+02, 0.24455E+03, 0.43368E+01, 0.48248E-03
 0.20000E+02, 0.24000E+02, 0.25010E+03, 0.49626E+01, 0.42616E-03
 0.21000E+02, 0.24000E+02, 0.24954E+03, 0.45552E+01, 0.46379E-03
 0.22000E+02, 0.24000E+02, 0.24148E+03, 0.41519E+01, 0.50098E-03
 0.23000E+02, 0.24000E+02, 0.23976E+03, 0.40997E+01, 0.50567E-03
 0.24000E+02, 0.24000E+02, 0.24298E+03, 0.41117E+01, 0.50735E-03
 0.25000E+02, 0.24000E+02, 0.25344E+03, 0.44296E+01, 0.48049E-03
 0.26000E+02, 0.24000E+02, 0.25869E+03, 0.44949E+01, 0.47823E-03
 0.27000E+02, 0.24000E+02, 0.25328E+03, 0.42702E+01, 0.49828E-03
 0.28000E+02, 0.24000E+02, 0.25976E+03, 0.44805E+01, 0.48073E-03
 0.29000E+02, 0.24000E+02, 0.28776E+03, 0.62324E+01, 0.36376E-03
 0.30000E+02, 0.24000E+02, 0.31431E+03, 0.14513E+00, 0.16361E-01
 0.31000E+02, 0.24000E+02, 0.32789E+03, 0.15589E+00, 0.15584E-01
 0.32000E+02, 0.24000E+02, 0.33091E+03, 0.15874E+00, 0.15380E-01
 0.33000E+02, 0.24000E+02, 0.34459E+03, 0.15902E+00, 0.15701E-01
 0.34000E+02, 0.24000E+02, 0.34791E+03, 0.15011E+00, 0.16723E-01
 0.35000E+02, 0.24000E+02, 0.34477E+03, 0.15727E+00, 0.15881E-01
 0.36000E+02, 0.24000E+02, 0.35336E+03, 0.16109E+00, 0.15720E-01
 0.37000E+02, 0.24000E+02, 0.35581E+03, 0.16638E+00, 0.15280E-01
 0.38000E+02, 0.24000E+02, 0.36299E+03, 0.16343E+00, 0.15732E-01
 0.39000E+02, 0.24000E+02, 0.36635E+03, 0.17292E+00, 0.14948E-01
 0.40000E+02, 0.24000E+02, 0.36821E+03, 0.18801E+00, 0.13788E-01
 0.41000E+02, 0.24000E+02, 0.36436E+03, 0.21102E+00, 0.12211E-01
 0.42000E+02, 0.24000E+02, 0.35658E+03, 0.23573E+00, 0.10798E-01
 0.43000E+02, 0.24000E+02, 0.35494E+03, 0.28376E+00, 0.89465E-02
 0.44000E+02, 0.24000E+02, 0.35703E+03, 0.25880E+00, 0.98418E-02
 0.45000E+02, 0.24000E+02, 0.36309E+03, 0.25837E+00, 0.99530E-02
 0.46000E+02, 0.24000E+02, 0.36231E+03, 0.21137E+00, 0.12151E-01
 0.47000E+02, 0.24000E+02, 0.32289E+03, 0.16750E+00, 0.14383E-01
 0.48000E+02, 0.24000E+02, 0.32613E+03, 0.10720E+00, 0.22596E-01
 0.49000E+02, 0.24000E+02, 0.32918E+03, 0.10570E+00, 0.23032E-01
 0.50000E+02, 0.24000E+02, 0.33160E+03, 0.10221E+00, 0.23914E-01
 0.51000E+02, 0.24000E+02, 0.31885E+03, 0.10093E+00, 0.23707E-01
 0.52000E+02, 0.24000E+02, 0.31967E+03, 0.10591E+00, 0.22624E-01
 0.53000E+02, 0.24000E+02, 0.32553E+03, 0.10472E+00, 0.23107E-01
 0.54000E+02, 0.24000E+02, 0.32822E+03, 0.10175E+00, 0.23887E-01
 0.55000E+02, 0.24000E+02, 0.32696E+03, 0.97067E-01, 0.24989E-01
 0.56000E+02, 0.24000E+02, 0.33094E+03, 0.11521E+00, 0.21192E-01
 0.57000E+02, 0.24000E+02, 0.33089E+03, 0.12269E+00, 0.19899E-01
 0.58000E+02, 0.24000E+02, 0.32602E+03, 0.11689E+00, 0.20717E-01
 0.59000E+02, 0.24000E+02, 0.22000E+02, 0.30000E+02, 0.00000E+00
 0.60000E+02, 0.24000E+02, 0.32915E+03, 0.52197E+00, 0.46638E-02
 0.61000E+02, 0.24000E+02, 0.33518E+03, 0.50364E+00, 0.48820E-02
 0.62000E+02, 0.24000E+02, 0.33211E+03, 0.50656E+00, 0.48293E-02
 0.63000E+02, 0.24000E+02, 0.31776E+03, 0.49545E+00, 0.48206E-02
 0.64000E+02, 0.24000E+02, 0.31089E+03, 0.40383E+00, 0.58454E-02
 0.65000E+02, 0.24000E+02, 0.32114E+03, 0.43911E+00, 0.54702E-02
 0.00000E+00, 0.25000E+02, 0.22910E+03, 0.13265E+00, 0.15304E-01
 0.10000E+01, 0.25000E+02, 0.26038E+03, 0.14317E+00, 0.15063E-01
 0.20000E+01, 0.25000E+02, 0.26228E+03, 0.15009E+00, 0.14419E-01
 0.30000E+01, 0.25000E+02, 0.26243E+03, 0.14976E+00, 0.14454E-01
 0.40000E+01, 0.25000E+02, 0.29137E+03, 0.14520E+00, 0.15714E-01
 0.50000E+01, 0.25000E+02, 0.32669E+03, 0.14526E+00, 0.16691E-01
 0.60000E+01, 0.25000E+02, 0.32002E+03, 0.14872E+00, 0.16120E-01
 0.70000E+01, 0.25000E+02, 0.29438E+03, 0.14398E+00, 0.15932E-01
 0.80000E+01, 0.25000E+02, 0.22000E+02, 0.30000E+02, 0.00000E+00
 0.90000E+01, 0.25000E+02, 0.28346E+03, 0.94142E+00, 0.23897E-02
 0.10000E+02, 0.25000E+02, 0.33092E+03, 0.48775E+00, 0.50058E-02
 0.11000E+02, 0.25000E+02, 0.29634E+03, 0.63920E+00, 0.36010E-02
 0.12000E+02, 0.25000E+02, 0.25054E+03, 0.11827E+01, 0.17897E-02
 0.13000E+02, 0.25000E+02, 0.24197E+03, 0.15071E+01, 0.13814E-02
 0.14000E+02, 0.25000E+02, 0.24196E+03, 0.15902E+01, 0.13092E-02
 0.15000E+02, 0.25000E+02, 0.24605E+03, 0.93227E+00, 0.22510E-02
 0.16000E+02, 0.25000E+02, 0.24157E+03, 0.41960E+00, 0.49581E-02
 0.17000E+02, 0.25000E+02, 0.23521E+03, 0.46074E+00, 0.44596E-02
 0.18000E+02, 0.25000E+02, 0.23111E+03, 0.83561E+00, 0.24391E-02
 0.19000E+02, 0.25000E+02, 0.24088E+03, 0.41596E+01, 0.49947E-03
 0.20000E+02, 0.25000E+02, 0.24854E+03, 0.46987E+01, 0.44875E-03
 0.21000E+02, 0.25000E+02, 0.24196E+03, 0.42284E+01, 0.49239E-03
 0.22000E+02, 0.25000E+02, 0.23611E+03, 0.39789E+01, 0.51732E-03
 0.23000E+02, 0.25000E+02, 0.24396E+03, 0.40981E+01, 0.51001E-03
 0.24000E+02, 0.25000E+02, 0.25302E+03, 0.43555E+01, 0.48828E-03
 0.25000E+02, 0.25000E+02, 0.26846E+03, 0.47244E+01, 0.46336E-03
 0.26000E+02, 0.25000E+02, 0.27490E+03, 0.53012E+01, 0.41785E-03
 0.27000E+02, 0.25000E+02, 0.28894E+03, 0.55063E+01, 0.41260E-03
 0.28000E+02, 0.25000E+02, 0.28338E+03, 0.54093E+01, 0.41584E-03
 0.29000E+02, 0.25000E+02, 0.29109E+03, 0.64917E+01, 0.35130E-03
 0.30000E+02, 0.25000E+02, 0.29703E+03, 0.13395E+00, 0.17204E-01
 0.31000E+02, 0.25000E+02, 0.31234E+03, 0.14999E+00, 0.15778E-01
 0.32000E+02, 0.25000E+02, 0.33664E+03, 0.19001E+00, 0.12971E-01
 0.33000E+02, 0.25000E+02, 0.33547E+03, 0.19850E+00, 0.12393E-01
 0.34000E+02, 0.25000E+02, 0.34024E+03, 0.16485E+00, 0.15039E-01
 0.35000E+02, 0.25000E+02, 0.34114E+03, 0.20161E+00, 0.12315E-01
 0.36000E+02, 0.25000E+02, 0.34501E+03, 0.19870E+00, 0.12574E-01
 0.37000E+02, 0.25000E+02, 0.35592E+03, 0.21412E+00, 0.11875E-01
 0.38000E+02, 0.25000E+02, 0.36087E+03, 0.20583E+00, 0.12450E-01
 0.39000E+02, 0.25000E+02, 0.36345E+03, 0.19841E+00, 0.12968E-01
 0.40000E+02, 0.25000E+02, 0.36571E+03, 0.19346E+00, 0.13347E-01
 0.41000E+02, 0.25000E+02, 0.36215E+03, 0.22340E+00, 0.11494E-01
 0.42000E+02, 0.25000E+02, 0.36281E+03, 0.23030E+00, 0.11161E-01
 0.43000E+02, 0.25000E+02, 0.36048E+03, 0.25461E+00, 0.10058E-01
 0.44000E+02, 0.25000E+02, 0.36420E+03, 0.23811E+00, 0.10819E-01
 0.45000E+02, 0.25000E+02, 0.36591E+03, 0.24110E+00, 0.10713E-01
 0.46000E+02, 0.25000E+02, 0.35071E+03, 0.21646E+00, 0.11649E-01
 0.47000E+02, 0.25000E+02, 0.31964E+03, 0.17410E+00, 0.13762E-01
 0.48000E+02, 0.25000E+02, 0.31750E+03, 0.99961E-01, 0.23882E-01
 0.49000E+02, 0.25000E+02, 0.32886E+03, 0.10468E+00, 0.23243E-01
 0.50000E+02, 0.25000E+02, 0.32832E+03, 0.10288E+00, 0.23629E-01
 0.51000E+02, 0.25000E+02, 0.32346E+03, 0.10061E+00, 0.23967E-01
 0.52000E+02, 0.25000E+02, 0.32752E+03, 0.10179E+00, 0.23851E-01
 0.53000E+02, 0.25000E+02, 0.32857E+03, 0.10299E+00, 0.23615E-01
 0.54000E+02, 0.25000E+02, 0.32943E+03, 0.10404E+00, 0.23410E-01
 0.55000E+02, 0.25000E+02, 0.32944E+03, 0.94266E-01, 0.25837E-01
 0.56000E+02, 0.25000E+02, 0.32943E+03, 0.98019E-01, 0.24847E-01
 0.57000E+02, 0.25000E+02, 0.32859E+03, 0.10403E+00, 0.23378E-01
 0.58000E+02, 0.25000E+02, 0.32205E+03, 0.11240E+00, 0.21402E-01
 0.59000E+02, 0.25000E+02, 0.22000E+02, 0.30000E+02, 0.00000E+00
 0.60000E+02, 0.25000E+02, 0.32744E+03, 0.73389E+00, 0.33077E-02
 0.61000E+02, 0.25000E+02, 0.33127E+03, 0.59897E+00, 0.40786E-02
 0.62000E+02, 0.25000E+02, 0.33171E+03, 0.63485E+00, 0.38509E-02
 0.63000E+02, 0.25000E+02, 0.32341E+03, 0.59216E+00, 0.40719E-02
 0.64000E+02, 0.25000E+02, 0.31626E+03, 0.44407E+00, 0.53647E-02
 0.65000E+02, 0.25000E+02, 0.31823E+03, 0.42576E+00, 0.56141E-02
 0.00000E+00, 0.26000E+02, 0.23762E+03, 0.10875E+01, 0.18983E-02
 0.10000E+01, 0.26000E+02, 0.23601E+03, 0.10698E+01, 0.19237E-02
 0.20000E+01, 0.26000E+02, 0.22939E+03, 0.10417E+01, 0.19498E-02
 0.30000E+01, 0.26000E+02, 0.24797E+03, 0.11417E+01, 0.18449E-02
 0.40000E+01, 0.26000E+02, 0.24407E+03, 0.11379E+01, 0.18372E-02
 0.50000E+01, 0.26000E+02, 0.24624E+03, 0.11309E+01, 0.18562E-02
 0.60000E+01, 0.26000E+02, 0.23701E+03, 0.10822E+01, 0.19053E-02
 0.70000E+01, 0.26000E+02, 0.22000E+02, 0.30000E+02, 0.00000E+00
 0.80000E+01, 0.26000E+02, 0.27101E+03, 0.11228E+01, 0.19588E-02
 0.90000E+01, 0.26000E+02, 0.27798E+03, 0.88833E+00, 0.25076E-02
 0.10000E+02, 0.26000E+02, 0.32022E+03, 0.52727E+00, 0.45485E-02
 0.11000E+02, 0.26000E+02, 0.32403E+03, 0.45522E+00, 0.53023E-02
 0.12000E+02, 0.26000E+02, 0.25946E+03, 0.96938E+00, 0.22207E-02
 0.13000E+02, 0.26000E+02, 0.24423E+03, 0.12105E+01, 0.17276E-02
 0.14000E+02, 0.26000E+02, 0.24552E+03, 0.12797E+01, 0.16382E-02
 0.15000E+02, 0.26000E+02, 0.24627E+03, 0.93169E+00, 0.22533E-02
 0.16000E+02, 0.26000E+02, 0.24441E+03, 0.72037E+00, 0.29039E-02
 0.17000E+02, 0.26000E+02, 0.23720E+03, 0.40231E+00, 0.51272E-02
 0.18000E+02, 0.26000E+02, 0.22842E+03, 0.97871E+00, 0.20714E-02
 0.19000E+02, 0.26000E+02, 0.24284E+03, 0.38243E+01, 0.54534E-03
 0.20000E+02, 0.26000E+02, 0.25004E+03, 0.47077E+01, 0.44919E-03
 0.21000E+02, 0.26000E+02, 0.25120E+03, 0.48430E+01, 0.43761E-03
 0.22000E+02, 0.26000E+02, 0.24872E+03, 0.44907E+01, 0.46971E-03
 0.23000E+02, 0.26000E+02, 0.26307E+03, 0.46332E+01, 0.46778E-03
 0.24000E+02, 0.26000E+02, 0.26976E+03, 0.50527E+01, 0.43430E-03
 0.25000E+02, 0.26000E+02, 0.27414E+03, 0.53791E+01, 0.41123E-03
 0.26000E+02, 0.26000E+02, 0.28831E+03, 0.54361E+01, 0.41746E-03
 0.27000E+02, 0.26000E+02, 0.29721E+03, 0.55228E+01, 0.41742E-03
 0.28000E+02, 0.26000E+02, 0.29447E+03, 0.58015E+01, 0.39546E-03
 0.29000E+02, 0.26000E+02, 0.29207E+03, 0.64382E+01, 0.35484E-03
 0.30000E+02, 0.26000E+02, 0.28572E+03, 0.13635E+00, 0.16567E-01
 0.31000E+02, 0.26000E+02, 0.30358E+03, 0.14606E+00, 0.15960E-01
 0.32000E+02, 0.26000E+02, 0.32156E+03, 0.16955E+00, 0.14177E-01
 0.33000E+02, 0.26000E+02, 0.33557E+03, 0.18126E+00, 0.13574E-01
 0.34000E+02, 0.26000E+02, 0.34170E+03, 0.19354E+00, 0.12841E-01
 0.35000E+02, 0.26000E+02, 0.33848E+03, 0.20382E+00, 0.12129E-01
 0.36000E+02, 0.26000E+02, 0.33985E+03, 0.23474E+00, 0.10555E-01
 0.37000E+02, 0.26000E+02, 0.34574E+03, 0.25464E+00, 0.98235E-02
 0.38000E+02, 0.26000E+02, 0.35230E+03, 0.22529E+00, 0.11221E-01
 0.39000E+02, 0.26000E+02, 0.34924E+03, 0.21153E+00, 0.11893E-01
 0.40000E+02, 0.26000E+02, 0.34201E+03, 0.20289E+00, 0.12255E-01
 0.41000E+02, 0.26000E+02, 0.35223E+03, 0.22514E+00, 0.11227E-01
 0.42000E+02, 0.26000E+02, 0.35678E+03, 0.22496E+00, 0.11318E-01
 0.43000E+02, 0.26000E+02, 0.35359E+03, 0.23360E+00, 0.10844E-01
 0.44000E+02, 0.26000E+02, 0.36095E+03, 0.23833E+00, 0.10753E-01
 0.45000E+02, 0.26000E+02, 0.35087E+03, 0.23590E+00, 0.10692E-01
 0.46000E+02, 0.26000E+02, 0.33471E+03, 0.23374E+00, 0.10511E-01
 0.47000E+02, 0.26000E+02, 0.31178E+03, 0.20137E+00, 0.11741E-01
 0.48000E+02, 0.26000E+02, 0.30171E+03, 0.91146E-01, 0.25492E-01
 0.49000E+02, 0.26000E+02, 0.32121E+03, 0.10172E+00, 0.23616E-01
 0.50000E+02, 0.26000E+02, 0.32813E+03, 0.10087E+00, 0.24093E-01
 0.51000E+02, 0.26000E+02, 0.32312E+03, 0.97097E-01, 0.24821E-01
 0.52000E+02, 0.26000E+02, 0.32382E+03, 0.96828E-01, 0.24919E-01
 0.53000E+02, 0.26000E+02, 0.31333E+03, 0.95183E-01, 0.24904E-01
 0.54000E+02, 0.26000E+02, 0.32521E+03, 0.96993E-01, 0.24934E-01
 0.55000E+02, 0.26000E+02, 0.32125E+03, 0.93294E-01, 0.25751E-01
 0.56000E+02, 0.26000E+02, 0.31582E+03, 0.91097E-01, 0.26132E-01
 0.57000E+02, 0.26000E+02, 0.31539E+03, 0.92786E-01, 0.25637E-01
 0.58000E+02, 0.26000E+02, 0.30822E+03, 0.12006E+00, 0.19573E-01
 0.59000E+02, 0.26000E+02, 0.22000E+02, 0.30000E+02, 0.00000E+00
 0.60000E+02, 0.26000E+02, 0.33190E+03, 0.67332E+00, 0.36320E-02
 0.61000E+02, 0.26000E+02, 0.33511E+03, 0.69664E+00, 0.35290E-02
 0.62000E+02, 0.26000E+02, 0.33724E+03, 0.67042E+00, 0.36799E-02
 0.63000E+02, 0.26000E+02, 0.33436E+03, 0.63680E+00, 0.38559E-02
 0.64000E+02, 0.26000E+02, 0.31281E+03, 0.42794E+00, 0.55342E-02
 0.65000E+02, 0.26000E+02, 0.32347E+03, 0.43338E+00, 0.55642E-02
 0.00000E+00, 0.27000E+02, 0.23944E+03, 0.11156E+01, 0.18571E-02
 0.10000E+01, 0.27000E+02, 0.23945E+03, 0.11095E+01, 0.18673E-02
 0.20000E+01, 0.27000E+02, 0.23453E+03, 0.10711E+01, 0.19157E-02
 0.30000E+01, 0.27000E+02, 0.25171E+03, 0.11360E+01, 0.18673E-02
 0.40000E+01, 0.27000E+02, 0.25275E+03, 0.11465E+01, 0.18541E-02
 0.50000E+01, 0.27000E+02, 0.25180E+03, 0.11348E+01, 0.18697E-02
 0.60000E+01, 0.27000E+02, 0.24600E+03, 0.10636E+01, 0.19728E-02
 0.70000E+01, 0.27000E+02, 0.22000E+02, 0.30000E+02, 0.00000E+00
 0.80000E+01, 0.27000E+02, 0.28088E+03, 0.97048E+00, 0.23074E-02
 0.90000E+01, 0.27000E+02, 0.31207E+03, 0.56549E+00, 0.41828E-02
 0.10000E+02, 0.27000E+02, 0.34467E+03, 0.42160E+00, 0.59230E-02
 0.11000E+02, 0.27000E+02, 0.33985E+03, 0.37749E+00, 0.65635E-02
 0.12000E+02, 0.27000E+02, 0.29044E+03, 0.55078E+00, 0.41358E-02
 0.13000E+02, 0.27000E+02, 0.24779E+03, 0.86920E+00, 0.24224E-02
 0.14000E+02, 0.27000E+02, 0.24548E+03, 0.78861E+00, 0.26581E-02
 0.15000E+02, 0.27000E+02, 0.24297E+03, 0.50362E+00, 0.41421E-02
 0.16000E+02, 0.27000E+02, 0.24152E+03, 0.74530E+00, 0.27911E-02
 0.17000E+02, 0.27000E+02, 0.23812E+03, 0.39665E+00, 0.52098E-02
 0.18000E+02, 0.27000E+02, 0.22589E+03, 0.67202E+00, 0.30014E-02
 0.19000E+02, 0.27000E+02, 0.24466E+03, 0.14555E+00, 0.14379E-01
 0.20000E+02, 0.27000E+02, 0.25270E+03, 0.15045E+00, 0.14127E-01
 0.21000E+02, 0.27000E+02, 0.26534E+03, 0.15918E+00, 0.13673E-01
 0.22000E+02, 0.27000E+02, 0.26773E+03, 0.17029E+00, 0.12838E-01
 0.23000E+02, 0.27000E+02, 0.26106E+03, 0.16515E+00, 0.13074E-01
 0.24000E+02, 0.27000E+02, 0.26695E+03, 0.15495E+00, 0.14088E-01
 0.25000E+02, 0.27000E+02, 0.27244E+03, 0.13579E+00, 0.16239E-01
 0.26000E+02, 0.27000E+02, 0.26597E+03, 0.12217E+00, 0.17835E-01
 0.27000E+02, 0.27000E+02, 0.25899E+03, 0.10669E+00, 0.20160E-01
 0.28000E+02, 0.27000E+02, 0.24767E+03, 0.10109E+00, 0.20823E-01
 0.29000E+02, 0.27000E+02, 0.24329E+03, 0.99228E-01, 0.21036E-01
 0.30000E+02, 0.27000E+02, 0.32490E+03, 0.13927E+00, 0.17357E-01
 0.31000E+02, 0.27000E+02, 0.33559E+03, 0.14327E+00, 0.17174E-01
 0.32000E+02, 0.27000E+02, 0.34445E+03, 0.15248E+00, 0.16371E-01
 0.33000E+02, 0.27000E+02, 0.34354E+03, 0.15989E+00, 0.15589E-01
 0.34000E+02, 0.27000E+02, 0.33713E+03, 0.16304E+00, 0.15129E-01
 0.35000E+02, 0.27000E+02, 0.32953E+03, 0.15937E+00, 0.15284E-01
 0.36000E+02, 0.27000E+02, 0.32511E+03, 0.16451E+00, 0.14699E-01
 0.37000E+02, 0.27000E+02, 0.31370E+03, 0.17623E+00, 0.13460E-01
 0.38000E+02, 0.27000E+02, 0.29937E+03, 0.17824E+00, 0.12983E-01
 0.39000E+02, 0.27000E+02, 0.29810E+03, 0.17918E+00, 0.12886E-01
 0.40000E+02, 0.27000E+02, 0.29114E+03, 0.18452E+00, 0.12361E-01
 0.41000E+02, 0.27000E+02, 0.28714E+03, 0.19184E+00, 0.11804E-01
 0.42000E+02, 0.27000E+02, 0.28906E+03, 0.19677E+00, 0.11548E-01
 0.43000E+02, 0.27000E+02, 0.29299E+03, 0.19453E+00, 0.11763E-01
 0.44000E+02, 0.27000E+02, 0.28734E+03, 0.19154E+00, 0.11827E-01
 0.45000E+02, 0.27000E+02, 0.25817E+03, 0.19433E+00, 0.11051E-01
 0.46000E+02, 0.27000E+02, 0.24482E+03, 0.18988E+00, 0.11026E-01
 0.47000E+02, 0.27000E+02, 0.23047E+03, 0.16609E+00, 0.12255E-01
 0.48000E+02, 0.27000E+02, 0.30199E+03, 0.80603E-01, 0.28840E-01
 0.49000E+02, 0.27000E+02, 0.33555E+03, 0.83465E-01, 0.29477E-01
 0.50000E+02, 0.27000E+02, 0.32150E+03, 0.82687E-01, 0.29067E-01
 0.51000E+02, 0.27000E+02, 0.33471E+03, 0.85255E-01, 0.28818E-01
 0.52000E+02, 0.27000E+02, 0.34363E+03, 0.86105E-01, 0.28952E-01
 0.53000E+02, 0.27000E+02, 0.35441E+03, 0.89864E-01, 0.28226E-01
 0.54000E+02, 0.27000E+02, 0.35205E+03, 0.92072E-01, 0.27445E-01
 0.55000E+02, 0.27000E+02, 0.34901E+03, 0.90410E-01, 0.27814E-01
 0.56000E+02, 0.27000E+02, 0.34757E+03, 0.92166E-01, 0.27221E-01
 0.57000E+02, 0.27000E+02, 0.35794E+03, 0.96382E-01, 0.26465E-01
 0.58000E+02, 0.27000E+02, 0.33092E+03, 0.91311E-01, 0.26739E-01
 0.59000E+02, 0.27000E+02, 0.22000E+02, 0.30000E+02, 0.00000E+00
 0.60000E+02, 0.27000E+02, 0.32921E+03, 0.67545E+00, 0.36045E-02
 0.61000E+02, 0.27000E+02, 0.33402E+03, 0.66073E+00, 0.37142E-02
 0.62000E+02, 0.27000E+02, 0.33777E+03, 0.66123E+00, 0.37343E-02
 0.63000E+02, 0.27000E+02, 0.33803E+03, 0.63082E+00, 0.39160E-02
 0.64000E+02, 0.27000E+02, 0.31895E+03, 0.48316E+00, 0.49532E-02
 0.65000E+02, 0.27000E+02, 0.32860E+03, 0.45118E+00, 0.53907E-02
 0.00000E+00, 0.28000E+02, 0.23743E+03, 0.11076E+01, 0.18631E-02
 0.10000E+01, 0.28000E+02, 0.23344E+03, 0.10645E+01, 0.19234E-02
 0.20000E+01, 0.28000E+02, 0.22912E+03, 0.10619E+01, 0.19117E-02
 0.30000E+01, 0.28000E+02, 0.25086E+03, 0.11834E+01, 0.17897E-02
 0.40000E+01, 0.28000E+02, 0.24936E+03, 0.10900E+01, 0.19376E-02
 0.50000E+01, 0.28000E+02, 0.24322E+03, 0.11184E+01, 0.18661E-02
 0.60000E+01, 0.28000E+02, 0.23961E+03, 0.10807E+01, 0.19177E-02
 0.70000E+01, 0.28000E+02, 0.23790E+03, 0.11616E+01, 0.17782E-02
 0.80000E+01, 0.28000E+02, 0.22000E+02, 0.30000E+02, 0.00000E+00
 0.90000E+01, 0.28000E+02, 0.30442E+03, 0.57557E+00, 0.40559E-02
 0.10000E+02, 0.28000E+02, 0.34036E+03, 0.41544E+00, 0.59689E-02
 0.11000E+02, 0.28000E+02, 0.33319E+03, 0.38962E+00, 0.62901E-02
 0.12000E+02, 0.28000E+02, 0.28725E+03, 0.55022E+00, 0.41166E-02
 0.13000E+02, 0.28000E+02, 0.24741E+03, 0.86630E+00, 0.24287E-02
 0.14000E+02, 0.28000E+02, 0.24308E+03, 0.90732E+00, 0.22996E-02
 0.15000E+02, 0.28000E+02, 0.24093E+03, 0.51652E+00, 0.40227E-02
 0.16000E+02, 0.28000E+02, 0.23857E+03, 0.44094E+00, 0.46907E-02
 0.17000E+02, 0.28000E+02, 0.24264E+03, 0.30925E+00, 0.67413E-02
 0.18000E+02, 0.28000E+02, 0.22885E+03, 0.43064E+00, 0.47115E-02
 0.19000E+02, 0.28000E+02, 0.28101E+03, 0.19484E+00, 0.11496E-01
 0.20000E+02, 0.28000E+02, 0.28119E+03, 0.17587E+00, 0.12740E-01
 0.21000E+02, 0.28000E+02, 0.28108E+03, 0.17123E+00, 0.13082E-01
 0.22000E+02, 0.28000E+02, 0.27942E+03, 0.16823E+00, 0.13276E-01
 0.23000E+02, 0.28000E+02, 0.27832E+03, 0.19649E+00, 0.11344E-01
 0.24000E+02, 0.28000E+02, 0.27623E+03, 0.19716E+00, 0.11262E-01
 0.25000E+02, 0.28000E+02, 0.28423E+03, 0.13390E+00, 0.16825E-01
 0.26000E+02, 0.28000E+02, 0.27734E+03, 0.12409E+00, 0.17930E-01
 0.27000E+02, 0.28000E+02, 0.27944E+03, 0.11568E+00, 0.19307E-01
 0.28000E+02, 0.28000E+02, 0.27319E+03, 0.10958E+00, 0.20151E-01
 0.29000E+02, 0.28000E+02, 0.25322E+03, 0.10981E+00, 0.19374E-01
 0.30000E+02, 0.28000E+02, 0.33096E+03, 0.14293E+00, 0.17083E-01
 0.31000E+02, 0.28000E+02, 0.34761E+03, 0.15175E+00, 0.16534E-01
 0.32000E+02, 0.28000E+02, 0.33844E+03, 0.16978E+00, 0.14560E-01
 0.33000E+02, 0.28000E+02, 0.34282E+03, 0.17615E+00, 0.14134E-01
 0.34000E+02, 0.28000E+02, 0.34603E+03, 0.18231E+00, 0.13728E-01
 0.35000E+02, 0.28000E+02, 0.31852E+03, 0.19954E+00, 0.11985E-01
 0.36000E+02, 0.28000E+02, 0.31816E+03, 0.19253E+00, 0.12413E-01
 0.37000E+02, 0.28000E+02, 0.32505E+03, 0.18117E+00, 0.13346E-01
 0.38000E+02, 0.28000E+02, 0.30863E+03, 0.17768E+00, 0.13234E-01
 0.39000E+02, 0.28000E+02, 0.27853E+03, 0.18485E+00, 0.12063E-01
 0.40000E+02, 0.28000E+02, 0.27508E+03, 0.19355E+00, 0.11448E-01
 0.41000E+02, 0.28000E+02, 0.26477E+03, 0.20670E+00, 0.10518E-01
 0.42000E+02, 0.28000E+02, 0.26642E+03, 0.20754E+00, 0.10508E-01
 0.43000E+02, 0.28000E+02, 0.26201E+03, 0.20825E+00, 0.10387E-01
 0.44000E+02, 0.28000E+02, 0.25379E+03, 0.20444E+00, 0.10418E-01
 0.45000E+02, 0.28000E+02, 0.24832E+03, 0.19643E+00, 0.10730E-01
 0.46000E+02, 0.28000E+02, 0.24750E+03, 0.18617E+00, 0.11303E-01
 0.47000E+02, 0.28000E+02, 0.24505E+03, 0.16352E+00, 0.12809E-01
 0.48000E+02, 0.28000E+02, 0.34376E+03, 0.86586E-01, 0.28797E-01
 0.49000E+02, 0.28000E+02, 0.37383E+03, 0.90621E-01, 0.28856E-01
 0.50000E+02, 0.28000E+02, 0.36362E+03, 0.87589E-01, 0.29384E-01
 0.51000E+02, 0.28000E+02, 0.36092E+03, 0.87540E-01, 0.29276E-01
 0.52000E+02, 0.28000E+02, 0.37772E+03, 0.91966E-01, 0.28605E-01
 0.53000E+02, 0.28000E+02, 0.38249E+03, 0.10948E+00, 0.24206E-01
 0.54000E+02, 0.28000E+02, 0.37918E+03, 0.12054E+00, 0.21872E-01
 0.55000E+02, 0.28000E+02, 0.37466E+03, 0.13879E+00, 0.18866E-01
 0.56000E+02, 0.28000E+02, 0.36888E+03, 0.15132E+00, 0.17148E-01
 0.57000E+02, 0.28000E+02, 0.37200E+03, 0.15224E+00, 0.17128E-01
 0.58000E+02, 0.28000E+02, 0.37017E+03, 0.12381E+00, 0.21002E-01
 0.59000E+02, 0.28000E+02, 0.22000E+02, 0.30000E+02, 0.00000E+00
 0.60000E+02, 0.28000E+02, 0.32632E+03, 0.71215E+00, 0.34023E-02
 0.61000E+02, 0.28000E+02, 0.33607E+03, 0.59172E+00, 0.41614E-02
 0.62000E+02, 0.28000E+02, 0.33594E+03, 0.56585E+00, 0.43507E-02
 0.63000E+02, 0.28000E+02, 0.33903E+03, 0.60905E+00, 0.40626E-02
 0.64000E+02, 0.28000E+02, 0.32561E+03, 0.50142E+00, 0.48265E-02
 0.65000E+02, 0.28000E+02, 0.30615E+03, 0.39648E+00, 0.59055E-02
 0.00000E+00, 0.29000E+02, 0.22000E+02, 0.30000E+02, 0.00000E+00
 0.10000E+01, 0.29000E+02, 0.22000E+02, 0.30000E+02, 0.00000E+00
 0.20000E+01, 0.29000E+02, 0.22000E+02, 0.30000E+02, 0.00000E+00
 0.30000E+01, 0.29000E+02, 0.22000E+02, 0.30000E+02, 0.00000E+00
 0.40000E+01, 0.29000E+02, 0.22000E+02, 0.30000E+02, 0.00000E+00
 0.50000E+01, 0.29000E+02, 0.22000E+02, 0.30000E+02, 0.00000E+00
 0.60000E+01, 0.29000E+02, 0.22000E+02, 0.30000E+02, 0.00000E+00
 0.70000E+01, 0.29000E+02, 0.22000E+02, 0.30000E+02, 0.00000E+00
 0.80000E+01, 0.29000E+02, 0.22000E+02, 0.30000E+02, 0.00000E+00
 0.90000E+01, 0.29000E+02, 0.30298E+03, 0.55997E+00, 0.41584E-02
 0.10000E+02, 0.29000E+02, 0.29402E+03, 0.58916E+00, 0.38910E-02
 0.11000E+02, 0.29000E+02, 0.31342E+03, 0.44225E+00, 0.53608E-02
 0.12000E+02, 0.29000E+02, 0.28709E+03, 0.51140E+00, 0.44279E-02
 0.13000E+02, 0.29000E+02, 0.25492E+03, 0.63445E+00, 0.33642E-02
 0.14000E+02, 0.29000E+02, 0.23635E+03, 0.43409E+00, 0.47440E-02
 0.15000E+02, 0.29000E+02, 0.24353E+03, 0.32123E+00, 0.65011E-02
 0.16000E+02, 0.29000E+02, 0.25424E+03, 0.26951E+00, 0.79093E-02
 0.17000E+02, 0.29000E+02, 0.24326E+03, 0.33274E+00, 0.62728E-02
 0.18000E+02, 0.29000E+02, 0.24792E+03, 0.30386E+00, 0.69311E-02
 0.19000E+02, 0.29000E+02, 0.28095E+03, 0.18743E+00, 0.11949E-01
 0.20000E+02, 0.29000E+02, 0.28523E+03, 0.17413E+00, 0.12960E-01
 0.21000E+02, 0.29000E+02, 0.28301E+03, 0.14085E+00, 0.15959E-01
 0.22000E+02, 0.29000E+02, 0.27433E+03, 0.14084E+00, 0.15711E-01
 0.23000E+02, 0.29000E+02, 0.27676E+03, 0.14744E+00, 0.15075E-01
 0.24000E+02, 0.29000E+02, 0.27922E+03, 0.16757E+00, 0.13323E-01
 0.25000E+02, 0.29000E+02, 0.28053E+03, 0.12615E+00, 0.17741E-01
 0.26000E+02, 0.29000E+02, 0.28108E+03, 0.11953E+00, 0.18742E-01
 0.27000E+02, 0.29000E+02, 0.27970E+03, 0.11141E+00, 0.20057E-01
 0.28000E+02, 0.29000E+02, 0.27147E+03, 0.11531E+00, 0.19089E-01
 0.29000E+02, 0.29000E+02, 0.26197E+03, 0.11495E+00, 0.18815E-01
 0.30000E+02, 0.29000E+02, 0.31819E+03, 0.15014E+00, 0.15919E-01
 0.31000E+02, 0.29000E+02, 0.32589E+03, 0.16034E+00, 0.15100E-01
 0.32000E+02, 0.29000E+02, 0.29400E+03, 0.18027E+00, 0.12716E-01
 0.33000E+02, 0.29000E+02, 0.35067E+03, 0.17431E+00, 0.14465E-01
 0.34000E+02, 0.29000E+02, 0.36556E+03, 0.17149E+00, 0.15054E-01
 0.35000E+02, 0.29000E+02, 0.33924E+03, 0.19848E+00, 0.12470E-01
 0.36000E+02, 0.29000E+02, 0.29593E+03, 0.20279E+00, 0.11342E-01
 0.37000E+02, 0.29000E+02, 0.28593E+03, 0.18833E+00, 0.11999E-01
 0.38000E+02, 0.29000E+02, 0.27933E+03, 0.18796E+00, 0.11880E-01
 0.39000E+02, 0.29000E+02, 0.26097E+03, 0.19597E+00, 0.11016E-01
 0.40000E+02, 0.29000E+02, 0.26338E+03, 0.20113E+00, 0.10782E-01
 0.41000E+02, 0.29000E+02, 0.25378E+03, 0.21166E+00, 0.10062E-01
 0.42000E+02, 0.29000E+02, 0.25207E+03, 0.21335E+00, 0.99501E-02
 0.43000E+02, 0.29000E+02, 0.24032E+03, 0.21641E+00, 0.95899E-02
 0.44000E+02, 0.29000E+02, 0.24470E+03, 0.20695E+00, 0.10114E-01
 0.45000E+02, 0.29000E+02, 0.24863E+03, 0.19584E+00, 0.10769E-01
 0.46000E+02, 0.29000E+02, 0.24929E+03, 0.17501E+00, 0.12066E-01
 0.47000E+02, 0.29000E+02, 0.25136E+03, 0.16401E+00, 0.12926E-01
 0.48000E+02, 0.29000E+02, 0.36388E+03, 0.95348E-01, 0.27004E-01
 0.49000E+02, 0.29000E+02, 0.38143E+03, 0.95690E-01, 0.27649E-01
 0.50000E+02, 0.29000E+02, 0.38215E+03, 0.92743E-01, 0.28559E-01
 0.51000E+02, 0.29000E+02, 0.38397E+03, 0.93521E-01, 0.28400E-01
 0.52000E+02, 0.29000E+02, 0.37930E+03, 0.93508E-01, 0.28202E-01
 0.53000E+02, 0.29000E+02, 0.38094E+03, 0.97607E-01, 0.27085E-01
 0.54000E+02, 0.29000E+02, 0.38088E+03, 0.11180E+00, 0.23644E-01
 0.55000E+02, 0.29000E+02, 0.38744E+03, 0.10247E+00, 0.26057E-01
 0.56000E+02, 0.29000E+02, 0.39363E+03, 0.12863E+00, 0.20952E-01
 0.57000E+02, 0.29000E+02, 0.39618E+03, 0.11341E+00, 0.23854E-01
 0.58000E+02, 0.29000E+02, 0.37531E+03, 0.18157E+00, 0.14435E-01
 0.59000E+02, 0.29000E+02, 0.22000E+02, 0.30000E+02, 0.00000E+00
 0.60000E+02, 0.29000E+02, 0.32881E+03, 0.61886E+00, 0.39315E-02
 0.61000E+02, 0.29000E+02, 0.31375E+03, 0.48188E+00, 0.49227E-02
 0.62000E+02, 0.29000E+02, 0.31540E+03, 0.45488E+00, 0.52296E-02
 0.63000E+02, 0.29000E+02, 0.33540E+03, 0.48787E+00, 0.50416E-02
 0.64000E+02, 0.29000E+02, 0.31941E+03, 0.45607E+00, 0.52514E-02
 0.65000E+02, 0.29000E+02, 0.31245E+03, 0.39970E+00, 0.59218E-02
 0.00000E+00, 0.30000E+02, 0.69817E+03, 0.27809E+00, 0.14118E-01
 0.10000E+01, 0.30000E+02, 0.53300E+03, 0.21703E+00, 0.15013E-01
 0.20000E+01, 0.30000E+02, 0.40384E+03, 0.22895E+00, 0.11951E-01
 0.30000E+01, 0.30000E+02, 0.52345E+03, 0.14989E+00, 0.21480E-01
 0.40000E+01, 0.30000E+02, 0.54335E+03, 0.14194E+00, 0.23251E-01
 0.50000E+01, 0.30000E+02, 0.51868E+03, 0.13256E+00, 0.24143E-01
 0.60000E+01, 0.30000E+02, 0.24514E+03, 0.31528E+00, 0.66445E-02
 0.70000E+01, 0.30000E+02, 0.23981E+03, 0.30832E+00, 0.67245E-02
 0.80000E+01, 0.30000E+02, 0.25629E+03, 0.67597E+00, 0.31657E-02
 0.90000E+01, 0.30000E+02, 0.28829E+03, 0.63637E+00, 0.35659E-02
 0.10000E+02, 0.30000E+02, 0.28469E+03, 0.66503E+00, 0.33903E-02
 0.11000E+02, 0.30000E+02, 0.29678E+03, 0.49867E+00, 0.46193E-02
 0.12000E+02, 0.30000E+02, 0.27745E+03, 0.49869E+00, 0.44626E-02
 0.13000E+02, 0.30000E+02, 0.25460E+03, 0.40374E+00, 0.52833E-02
 0.14000E+02, 0.30000E+02, 0.23882E+03, 0.51458E+00, 0.40214E-02
 0.15000E+02, 0.30000E+02, 0.24879E+03, 0.32127E+00, 0.65664E-02
 0.16000E+02, 0.30000E+02, 0.25984E+03, 0.29324E+00, 0.73463E-02
 0.17000E+02, 0.30000E+02, 0.25775E+03, 0.22323E+00, 0.96126E-02
 0.18000E+02, 0.30000E+02, 0.25434E+03, 0.21950E+00, 0.97132E-02
 0.19000E+02, 0.30000E+02, 0.28270E+03, 0.17846E+00, 0.12589E-01
 0.20000E+02, 0.30000E+02, 0.28617E+03, 0.15359E+00, 0.14719E-01
 0.21000E+02, 0.30000E+02, 0.28312E+03, 0.14177E+00, 0.15859E-01
 0.22000E+02, 0.30000E+02, 0.28418E+03, 0.14765E+00, 0.15256E-01
 0.23000E+02, 0.30000E+02, 0.28294E+03, 0.14760E+00, 0.15227E-01
 0.24000E+02, 0.30000E+02, 0.28096E+03, 0.14475E+00, 0.15472E-01
 0.25000E+02, 0.30000E+02, 0.27661E+03, 0.13205E+00, 0.16828E-01
 0.26000E+02, 0.30000E+02, 0.27554E+03, 0.13093E+00, 0.16938E-01
 0.27000E+02, 0.30000E+02, 0.27384E+03, 0.14261E+00, 0.15503E-01
 0.28000E+02, 0.30000E+02, 0.27476E+03, 0.13047E+00, 0.16974E-01
 0.29000E+02, 0.30000E+02, 0.26609E+03, 0.12333E+00, 0.17672E-01
 0.30000E+02, 0.30000E+02, 0.30914E+03, 0.15410E+00, 0.15273E-01
 0.31000E+02, 0.30000E+02, 0.30050E+03, 0.16948E+00, 0.13681E-01
 0.32000E+02, 0.30000E+02, 0.30358E+03, 0.18816E+00, 0.12389E-01
 0.33000E+02, 0.30000E+02, 0.32388E+03, 0.20325E+00, 0.11873E-01
 0.34000E+02, 0.30000E+02, 0.35711E+03, 0.18981E+00, 0.13421E-01
 0.35000E+02, 0.30000E+02, 0.33532E+03, 0.19247E+00, 0.12778E-01
 0.36000E+02, 0.30000E+02, 0.28466E+03, 0.22029E+00, 0.10235E-01
 0.37000E+02, 0.30000E+02, 0.26908E+03, 0.20324E+00, 0.10783E-01
 0.38000E+02, 0.30000E+02, 0.25392E+03, 0.20360E+00, 0.10463E-01
 0.39000E+02, 0.30000E+02, 0.25812E+03, 0.20461E+00, 0.10495E-01
 0.40000E+02, 0.30000E+02, 0.25243E+03, 0.21811E+00, 0.97396E-02
 0.41000E+02, 0.30000E+02, 0.25269E+03, 0.21866E+00, 0.97199E-02
 0.42000E+02, 0.30000E+02, 0.24894E+03, 0.21574E+00, 0.97809E-02
 0.43000E+02, 0.30000E+02, 0.24370E+03, 0.21445E+00, 0.97413E-02
 0.44000E+02, 0.30000E+02, 0.24517E+03, 0.20083E+00, 0.10432E-01
 0.45000E+02, 0.30000E+02, 0.24654E+03, 0.17994E+00, 0.11673E-01
 0.46000E+02, 0.30000E+02, 0.25173E+03, 0.16920E+00, 0.12539E-01
 0.47000E+02, 0.30000E+02, 0.25586E+03, 0.16832E+00, 0.12703E-01
 0.48000E+02, 0.30000E+02, 0.38873E+03, 0.11078E+00, 0.24148E-01
 0.49000E+02, 0.30000E+02, 0.39806E+03, 0.12560E+00, 0.21599E-01
 0.50000E+02, 0.30000E+02, 0.38644E+03, 0.12268E+00, 0.21732E-01
 0.51000E+02, 0.30000E+02, 0.38117E+03, 0.10447E+00, 0.25315E-01
 0.52000E+02, 0.30000E+02, 0.38799E+03, 0.10084E+00, 0.26498E-01
 0.53000E+02, 0.30000E+02, 0.38149E+03, 0.10254E+00, 0.25804E-01
 0.54000E+02, 0.30000E+02, 0.38555E+03, 0.10635E+00, 0.25033E-01
 0.55000E+02, 0.30000E+02, 0.39137E+03, 0.10590E+00, 0.25363E-01
 0.56000E+02, 0.30000E+02, 0.40463E+03, 0.10784E+00, 0.25402E-01
 0.57000E+02, 0.30000E+02, 0.40609E+03, 0.11266E+00, 0.24369E-01
 0.58000E+02, 0.30000E+02, 0.37130E+03, 0.16005E+00, 0.16275E-01
 0.59000E+02, 0.30000E+02, 0.22000E+02, 0.30000E+02, 0.00000E+00
 0.60000E+02, 0.30000E+02, 0.30752E+03, 0.38780E+00, 0.60519E-02
 0.61000E+02, 0.30000E+02, 0.29620E+03, 0.32364E+00, 0.71103E-02
 0.62000E+02, 0.30000E+02, 0.30644E+03, 0.35623E+00, 0.65761E-02
 0.63000E+02, 0.30000E+02, 0.33724E+03, 0.48227E+00, 0.51156E-02
 0.64000E+02, 0.30000E+02, 0.32633E+03, 0.45007E+00, 0.53835E-02
 0.65000E+02, 0.30000E+02, 0.32555E+03, 0.42924E+00, 0.56375E-02
 0.00000E+00, 0.31000E+02, 0.89336E+03, 0.25971E+00, 0.18154E-01
 0.10000E+01, 0.31000E+02, 0.40377E+03, 0.38614E+00, 0.70855E-02
 0.20000E+01, 0.31000E+02, 0.36009E+03, 0.31100E+00, 0.82297E-02
 0.30000E+01, 0.31000E+02, 0.51123E+03, 0.17993E+00, 0.17619E-01
 0.40000E+01, 0.31000E+02, 0.55305E+03, 0.15988E+00, 0.20887E-01
 0.50000E+01, 0.31000E+02, 0.54905E+03, 0.13513E+00, 0.24592E-01
 0.60000E+01, 0.31000E+02, 0.23837E+03, 0.30191E+00, 0.68481E-02
 0.70000E+01, 0.31000E+02, 0.24082E+03, 0.30345E+00, 0.68458E-02
 0.80000E+01, 0.31000E+02, 0.25899E+03, 0.67391E+00, 0.31916E-02
 0.90000E+01, 0.31000E+02, 0.28046E+03, 0.63940E+00, 0.34995E-02
 0.10000E+02, 0.31000E+02, 0.28291E+03, 0.49074E+00, 0.45798E-02
 0.11000E+02, 0.31000E+02, 0.29075E+03, 0.48677E+00, 0.46822E-02
 0.12000E+02, 0.31000E+02, 0.26057E+03, 0.28403E+00, 0.75950E-02
 0.13000E+02, 0.31000E+02, 0.26033E+03, 0.28016E+00, 0.76964E-02
 0.14000E+02, 0.31000E+02, 0.27032E+03, 0.24883E+00, 0.88278E-02
 0.15000E+02, 0.31000E+02, 0.25769E+03, 0.26416E+00, 0.81223E-02
 0.16000E+02, 0.31000E+02, 0.26203E+03, 0.24227E+00, 0.89285E-02
 0.17000E+02, 0.31000E+02, 0.26050E+03, 0.20290E+00, 0.10630E-01
 0.18000E+02, 0.31000E+02, 0.26911E+03, 0.21260E+00, 0.10309E-01
 0.19000E+02, 0.31000E+02, 0.28664E+03, 0.20686E+00, 0.10938E-01
 0.20000E+02, 0.31000E+02, 0.28364E+03, 0.21334E+00, 0.10549E-01
 0.21000E+02, 0.31000E+02, 0.28189E+03, 0.17217E+00, 0.13030E-01
 0.22000E+02, 0.31000E+02, 0.28080E+03, 0.15571E+00, 0.14379E-01
 0.23000E+02, 0.31000E+02, 0.27907E+03, 0.15394E+00, 0.14499E-01
 0.24000E+02, 0.31000E+02, 0.27836E+03, 0.14397E+00, 0.15483E-01
 0.25000E+02, 0.31000E+02, 0.27862E+03, 0.14359E+00, 0.15531E-01
 0.26000E+02, 0.31000E+02, 0.27506E+03, 0.14767E+00, 0.15005E-01
 0.27000E+02, 0.31000E+02, 0.26963E+03, 0.15791E+00, 0.13893E-01
 0.28000E+02, 0.31000E+02, 0.27639E+03, 0.13767E+00, 0.16134E-01
 0.29000E+02, 0.31000E+02, 0.26085E+03, 0.12242E+00, 0.17631E-01
 0.30000E+02, 0.31000E+02, 0.30206E+03, 0.16136E+00, 0.14408E-01
 0.31000E+02, 0.31000E+02, 0.28884E+03, 0.17960E+00, 0.12647E-01
 0.32000E+02, 0.31000E+02, 0.31149E+03, 0.20703E+00, 0.11414E-01
 0.33000E+02, 0.31000E+02, 0.34358E+03, 0.21062E+00, 0.11835E-01
 0.34000E+02, 0.31000E+02, 0.30413E+03, 0.22612E+00, 0.10319E-01
 0.35000E+02, 0.31000E+02, 0.28567E+03, 0.22850E+00, 0.98846E-02
 0.36000E+02, 0.31000E+02, 0.26349E+03, 0.24249E+00, 0.89448E-02
 0.37000E+02, 0.31000E+02, 0.26242E+03, 0.22251E+00, 0.97286E-02
 0.38000E+02, 0.31000E+02, 0.26377E+03, 0.23845E+00, 0.91011E-02
 0.39000E+02, 0.31000E+02, 0.25990E+03, 0.23117E+00, 0.93201E-02
 0.40000E+02, 0.31000E+02, 0.25566E+03, 0.22479E+00, 0.95084E-02
 0.41000E+02, 0.31000E+02, 0.25022E+03, 0.23116E+00, 0.91511E-02
 0.42000E+02, 0.31000E+02, 0.25054E+03, 0.22248E+00, 0.95139E-02
 0.43000E+02, 0.31000E+02, 0.25113E+03, 0.21919E+00, 0.96677E-02
 0.44000E+02, 0.31000E+02, 0.24548E+03, 0.18919E+00, 0.11080E-01
 0.45000E+02, 0.31000E+02, 0.24333E+03, 0.18220E+00, 0.11458E-01
 0.46000E+02, 0.31000E+02, 0.25034E+03, 0.18304E+00, 0.11560E-01
 0.47000E+02, 0.31000E+02, 0.25363E+03, 0.16300E+00, 0.13062E-01
 0.48000E+02, 0.31000E+02, 0.38296E+03, 0.12381E+00, 0.21418E-01
 0.49000E+02, 0.31000E+02, 0.38934E+03, 0.12153E+00, 0.22033E-01
 0.50000E+02, 0.31000E+02, 0.39480E+03, 0.14404E+00, 0.18743E-01
 0.51000E+02, 0.31000E+02, 0.38232E+03, 0.14445E+00, 0.18341E-01
 0.52000E+02, 0.31000E+02, 0.37912E+03, 0.11849E+00, 0.22249E-01
 0.53000E+02, 0.31000E+02, 0.39107E+03, 0.11066E+00, 0.24260E-01
 0.54000E+02, 0.31000E+02, 0.38947E+03, 0.10256E+00, 0.26112E-01
 0.55000E+02, 0.31000E+02, 0.39377E+03, 0.10884E+00, 0.24766E-01
 0.56000E+02, 0.31000E+02, 0.39892E+03, 0.11002E+00, 0.24691E-01
 0.57000E+02, 0.31000E+02, 0.40193E+03, 0.11634E+00, 0.23454E-01
 0.58000E+02, 0.31000E+02, 0.37249E+03, 0.17838E+00, 0.14629E-01
 0.59000E+02, 0.31000E+02, 0.22000E+02, 0.30000E+02, 0.00000E+00
 0.60000E+02, 0.31000E+02, 0.31553E+03, 0.39137E+00, 0.60795E-02
 0.61000E+02, 0.31000E+02, 0.31134E+03, 0.37684E+00, 0.62690E-02
 0.62000E+02, 0.31000E+02, 0.31264E+03, 0.39329E+00, 0.60201E-02
 0.63000E+02, 0.31000E+02, 0.33701E+03, 0.47549E+00, 0.51866E-02
 0.64000E+02, 0.31000E+02, 0.33214E+03, 0.46387E+00, 0.52740E-02
 0.65000E+02, 0.31000E+02, 0.33019E+03, 0.43970E+00, 0.55460E-02
 0.00000E+00, 0.32000E+02, 0.74349E+03, 0.30409E+00, 0.13513E-01
 0.10000E+01, 0.32000E+02, 0.53281E+03, 0.49177E+00, 0.66242E-02
 0.20000E+01, 0.32000E+02, 0.39455E+03, 0.38125E+00, 0.70788E-02
 0.30000E+01, 0.32000E+02, 0.47408E+03, 0.19018E+00, 0.15881E-01
 0.40000E+01, 0.32000E+02, 0.61978E+03, 0.15375E+00, 0.23474E-01
 0.50000E+01, 0.32000E+02, 0.60598E+03, 0.13716E+00, 0.25906E-01
 0.60000E+01, 0.32000E+02, 0.23107E+03, 0.29768E+00, 0.68462E-02
 0.70000E+01, 0.32000E+02, 0.23829E+03, 0.30229E+00, 0.68384E-02
 0.80000E+01, 0.32000E+02, 0.27027E+03, 0.46221E+00, 0.47520E-02
 0.90000E+01, 0.32000E+02, 0.27939E+03, 0.45906E+00, 0.48650E-02
 0.10000E+02, 0.32000E+02, 0.30739E+03, 0.27763E+00, 0.84518E-02
 0.11000E+02, 0.32000E+02, 0.29212E+03, 0.33601E+00, 0.67996E-02
 0.12000E+02, 0.32000E+02, 0.27225E+03, 0.32316E+00, 0.68214E-02
 0.13000E+02, 0.32000E+02, 0.26307E+03, 0.26913E+00, 0.80531E-02
 0.14000E+02, 0.32000E+02, 0.26759E+03, 0.26243E+00, 0.83283E-02
 0.15000E+02, 0.32000E+02, 0.25941E+03, 0.29917E+00, 0.71950E-02
 0.16000E+02, 0.32000E+02, 0.26290E+03, 0.26562E+00, 0.81568E-02
 0.17000E+02, 0.32000E+02, 0.26865E+03, 0.27455E+00, 0.79764E-02
 0.18000E+02, 0.32000E+02, 0.27237E+03, 0.22903E+00, 0.96271E-02
 0.19000E+02, 0.32000E+02, 0.28818E+03, 0.22659E+00, 0.10013E-01
 0.20000E+02, 0.32000E+02, 0.29024E+03, 0.16959E+00, 0.13427E-01
 0.21000E+02, 0.32000E+02, 0.28745E+03, 0.18976E+00, 0.11941E-01
 0.22000E+02, 0.32000E+02, 0.28371E+03, 0.18226E+00, 0.12349E-01
 0.23000E+02, 0.32000E+02, 0.28343E+03, 0.16373E+00, 0.13739E-01
 0.24000E+02, 0.32000E+02, 0.28115E+03, 0.14904E+00, 0.15032E-01
 0.25000E+02, 0.32000E+02, 0.28190E+03, 0.14958E+00, 0.14998E-01
 0.26000E+02, 0.32000E+02, 0.28624E+03, 0.15953E+00, 0.14173E-01
 0.27000E+02, 0.32000E+02, 0.28098E+03, 0.15461E+00, 0.14486E-01
 0.28000E+02, 0.32000E+02, 0.27811E+03, 0.13896E+00, 0.16034E-01
 0.29000E+02, 0.32000E+02, 0.25493E+03, 0.12323E+00, 0.17320E-01
 0.30000E+02, 0.32000E+02, 0.30901E+03, 0.19242E+00, 0.12228E-01
 0.31000E+02, 0.32000E+02, 0.29121E+03, 0.17707E+00, 0.12883E-01
 0.32000E+02, 0.32000E+02, 0.31058E+03, 0.21061E+00, 0.11202E-01
 0.33000E+02, 0.32000E+02, 0.41954E+03, 0.17231E+00, 0.16249E-01
 0.34000E+02, 0.32000E+02, 0.32625E+03, 0.22300E+00, 0.10864E-01
 0.35000E+02, 0.32000E+02, 0.27501E+03, 0.28575E+00, 0.77536E-02
 0.36000E+02, 0.32000E+02, 0.27557E+03, 0.28390E+00, 0.78119E-02
 0.37000E+02, 0.32000E+02, 0.27832E+03, 0.28493E+00, 0.78226E-02
 0.38000E+02, 0.32000E+02, 0.29761E+03, 0.28181E+00, 0.81862E-02
 0.39000E+02, 0.32000E+02, 0.27139E+03, 0.25823E+00, 0.85231E-02
 0.40000E+02, 0.32000E+02, 0.23751E+03, 0.24403E+00, 0.84580E-02
 0.41000E+02, 0.32000E+02, 0.24588E+03, 0.23435E+00, 0.89518E-02
 0.42000E+02, 0.32000E+02, 0.24902E+03, 0.22600E+00, 0.93385E-02
 0.43000E+02, 0.32000E+02, 0.24584E+03, 0.21766E+00, 0.96375E-02
 0.44000E+02, 0.32000E+02, 0.24486E+03, 0.19298E+00, 0.10850E-01
 0.45000E+02, 0.32000E+02, 0.24759E+03, 0.18861E+00, 0.11159E-01
 0.46000E+02, 0.32000E+02, 0.23942E+03, 0.18017E+00, 0.11499E-01
 0.47000E+02, 0.32000E+02, 0.24995E+03, 0.16583E+00, 0.12749E-01
 0.48000E+02, 0.32000E+02, 0.38753E+03, 0.14035E+00, 0.19026E-01
 0.49000E+02, 0.32000E+02, 0.39325E+03, 0.13273E+00, 0.20293E-01
 0.50000E+02, 0.32000E+02, 0.38829E+03, 0.11685E+00, 0.22879E-01
 0.51000E+02, 0.32000E+02, 0.39578E+03, 0.14479E+00, 0.18674E-01
 0.52000E+02, 0.32000E+02, 0.38717E+03, 0.13819E+00, 0.19314E-01
 0.53000E+02, 0.32000E+02, 0.38807E+03, 0.13321E+00, 0.20063E-01
 0.54000E+02, 0.32000E+02, 0.39177E+03, 0.13599E+00, 0.19763E-01
 0.55000E+02, 0.32000E+02, 0.39610E+03, 0.12674E+00, 0.21343E-01
 0.56000E+02, 0.32000E+02, 0.39658E+03, 0.11778E+00, 0.22983E-01
 0.57000E+02, 0.32000E+02, 0.39903E+03, 0.13248E+00, 0.20507E-01
 0.58000E+02, 0.32000E+02, 0.37898E+03, 0.12766E+00, 0.20648E-01
 0.59000E+02, 0.32000E+02, 0.22000E+02, 0.30000E+02, 0.00000E+00
 0.60000E+02, 0.32000E+02, 0.31349E+03, 0.43870E+00, 0.54048E-02
 0.61000E+02, 0.32000E+02, 0.30929E+03, 0.41876E+00, 0.56216E-02
 0.62000E+02, 0.32000E+02, 0.32471E+03, 0.48986E+00, 0.49330E-02
 0.63000E+02, 0.32000E+02, 0.33375E+03, 0.47516E+00, 0.51624E-02
 0.64000E+02, 0.32000E+02, 0.33050E+03, 0.47039E+00, 0.51868E-02
 0.65000E+02, 0.32000E+02, 0.32599E+03, 0.40087E+00, 0.60410E-02
 0.00000E+00, 0.33000E+02, 0.91574E+03, 0.19316E+00, 0.24878E-01
 0.10000E+01, 0.33000E+02, 0.91649E+03, 0.22564E+00, 0.21309E-01
 0.20000E+01, 0.33000E+02, 0.45523E+03, 0.38710E+00, 0.76052E-02
 0.30000E+01, 0.33000E+02, 0.48016E+03, 0.21850E+00, 0.13935E-01
 0.40000E+01, 0.33000E+02, 0.52017E+03, 0.19097E+00, 0.16791E-01
 0.50000E+01, 0.33000E+02, 0.63781E+03, 0.12695E+00, 0.29003E-01
 0.60000E+01, 0.33000E+02, 0.23120E+03, 0.30853E+00, 0.66070E-02
 0.70000E+01, 0.33000E+02, 0.23645E+03, 0.30314E+00, 0.67947E-02
 0.80000E+01, 0.33000E+02, 0.29114E+03, 0.29692E+00, 0.76814E-02
 0.90000E+01, 0.33000E+02, 0.31307E+03, 0.28636E+00, 0.82743E-02
 0.10000E+02, 0.33000E+02, 0.30889E+03, 0.30151E+00, 0.78023E-02
 0.11000E+02, 0.33000E+02, 0.28811E+03, 0.29831E+00, 0.76046E-02
 0.12000E+02, 0.33000E+02, 0.28533E+03, 0.27220E+00, 0.82927E-02
 0.13000E+02, 0.33000E+02, 0.29237E+03, 0.26083E+00, 0.87633E-02
 0.14000E+02, 0.33000E+02, 0.27165E+03, 0.30726E+00, 0.71665E-02
 0.15000E+02, 0.33000E+02, 0.26788E+03, 0.30923E+00, 0.70717E-02
 0.16000E+02, 0.33000E+02, 0.26958E+03, 0.31517E+00, 0.69603E-02
 0.17000E+02, 0.33000E+02, 0.26544E+03, 0.27236E+00, 0.79926E-02
 0.18000E+02, 0.33000E+02, 0.26749E+03, 0.19935E+00, 0.10961E-01
 0.19000E+02, 0.33000E+02, 0.26856E+03, 0.15028E+00, 0.14569E-01
 0.20000E+02, 0.33000E+02, 0.27637E+03, 0.15158E+00, 0.14652E-01
 0.21000E+02, 0.33000E+02, 0.28818E+03, 0.17491E+00, 0.12971E-01
 0.22000E+02, 0.33000E+02, 0.28938E+03, 0.19154E+00, 0.11870E-01
 0.23000E+02, 0.33000E+02, 0.28671E+03, 0.25403E+00, 0.89079E-02
 0.24000E+02, 0.33000E+02, 0.28755E+03, 0.22450E+00, 0.10094E-01
 0.25000E+02, 0.33000E+02, 0.28699E+03, 0.18900E+00, 0.11979E-01
 0.26000E+02, 0.33000E+02, 0.29053E+03, 0.16042E+00, 0.14202E-01
 0.27000E+02, 0.33000E+02, 0.28746E+03, 0.14889E+00, 0.15218E-01
 0.28000E+02, 0.33000E+02, 0.28274E+03, 0.13605E+00, 0.16515E-01
 0.29000E+02, 0.33000E+02, 0.24934E+03, 0.13141E+00, 0.16070E-01
 0.30000E+02, 0.33000E+02, 0.42753E+03, 0.22578E+00, 0.12543E-01
 0.31000E+02, 0.33000E+02, 0.32958E+03, 0.20958E+00, 0.11624E-01
 0.32000E+02, 0.33000E+02, 0.30338E+03, 0.21631E+00, 0.10772E-01
 0.33000E+02, 0.33000E+02, 0.41809E+03, 0.17301E+00, 0.16148E-01
 0.34000E+02, 0.33000E+02, 0.35903E+03, 0.20825E+00, 0.12269E-01
 0.35000E+02, 0.33000E+02, 0.28362E+03, 0.31806E+00, 0.70752E-02
 0.36000E+02, 0.33000E+02, 0.26587E+03, 0.32056E+00, 0.67964E-02
 0.37000E+02, 0.33000E+02, 0.29142E+03, 0.29928E+00, 0.76246E-02
 0.38000E+02, 0.33000E+02, 0.36664E+03, 0.28797E+00, 0.89800E-02
 0.39000E+02, 0.33000E+02, 0.33322E+03, 0.27503E+00, 0.89113E-02
 0.40000E+02, 0.33000E+02, 0.26143E+03, 0.24061E+00, 0.89802E-02
 0.41000E+02, 0.33000E+02, 0.24917E+03, 0.23125E+00, 0.91292E-02
 0.42000E+02, 0.33000E+02, 0.25363E+03, 0.22313E+00, 0.95423E-02
 0.43000E+02, 0.33000E+02, 0.24801E+03, 0.20845E+00, 0.10105E-01
 0.44000E+02, 0.33000E+02, 0.24473E+03, 0.19593E+00, 0.10683E-01
 0.45000E+02, 0.33000E+02, 0.23923E+03, 0.18962E+00, 0.10921E-01
 0.46000E+02, 0.33000E+02, 0.24284E+03, 0.17672E+00, 0.11801E-01
 0.47000E+02, 0.33000E+02, 0.24474E+03, 0.17028E+00, 0.12293E-01
 0.48000E+02, 0.33000E+02, 0.39085E+03, 0.14412E+00, 0.18621E-01
 0.49000E+02, 0.33000E+02, 0.39811E+03, 0.14070E+00, 0.19283E-01
 0.50000E+02, 0.33000E+02, 0.39715E+03, 0.13510E+00, 0.20053E-01
 0.51000E+02, 0.33000E+02, 0.39328E+03, 0.14555E+00, 0.18507E-01
 0.52000E+02, 0.33000E+02, 0.38965E+03, 0.14964E+00, 0.17902E-01
 0.53000E+02, 0.33000E+02, 0.38303E+03, 0.14490E+00, 0.18303E-01
 0.54000E+02, 0.33000E+02, 0.38888E+03, 0.14758E+00, 0.18131E-01
 0.55000E+02, 0.33000E+02, 0.39068E+03, 0.13011E+00, 0.20622E-01
 0.56000E+02, 0.33000E+02, 0.39016E+03, 0.12585E+00, 0.21303E-01
 0.57000E+02, 0.33000E+02, 0.39372E+03, 0.12545E+00, 0.21485E-01
 0.58000E+02, 0.33000E+02, 0.35892E+03, 0.14285E+00, 0.17885E-01
 0.59000E+02, 0.33000E+02, 0.22000E+02, 0.30000E+02, 0.00000E+00
 0.60000E+02, 0.33000E+02, 0.29654E+03, 0.35793E+00, 0.64332E-02
 0.61000E+02, 0.33000E+02, 0.29953E+03, 0.37337E+00, 0.61994E-02
 0.62000E+02, 0.33000E+02, 0.32138E+03, 0.46542E+00, 0.51630E-02
 0.63000E+02, 0.33000E+02, 0.33097E+03, 0.48267E+00, 0.50589E-02
 0.64000E+02, 0.33000E+02, 0.32571E+03, 0.43712E+00, 0.55373E-02
 0.65000E+02, 0.33000E+02, 0.32252E+03, 0.38732E+00, 0.62160E-02
 0.00000E+00, 0.34000E+02, 0.76062E+03, 0.24866E+00, 0.16804E-01
 0.10000E+01, 0.34000E+02, 0.64737E+03, 0.30537E+00, 0.12184E-01
 0.20000E+01, 0.34000E+02, 0.44763E+03, 0.40028E+00, 0.72780E-02
 0.30000E+01, 0.34000E+02, 0.44665E+03, 0.28465E+00, 0.10221E-01
 0.40000E+01, 0.34000E+02, 0.50596E+03, 0.19073E+00, 0.16511E-01
 0.50000E+01, 0.34000E+02, 0.70772E+03, 0.17470E+00, 0.22692E-01
 0.60000E+01, 0.34000E+02, 0.23653E+03, 0.32150E+00, 0.64076E-02
 0.70000E+01, 0.34000E+02, 0.23786E+03, 0.31057E+00, 0.66504E-02
 0.80000E+01, 0.34000E+02, 0.31154E+03, 0.27414E+00, 0.86205E-02
 0.90000E+01, 0.34000E+02, 0.30842E+03, 0.31363E+00, 0.74948E-02
 0.10000E+02, 0.34000E+02, 0.30943E+03, 0.31707E+00, 0.74265E-02
 0.11000E+02, 0.34000E+02, 0.30744E+03, 0.30151E+00, 0.77830E-02
 0.12000E+02, 0.34000E+02, 0.31852E+03, 0.28370E+00, 0.84294E-02
 0.13000E+02, 0.34000E+02, 0.30137E+03, 0.28301E+00, 0.82051E-02
 0.14000E+02, 0.34000E+02, 0.27638E+03, 0.33363E+00, 0.66573E-02
 0.15000E+02, 0.34000E+02, 0.33116E+03, 0.32260E+00, 0.75712E-02
 0.16000E+02, 0.34000E+02, 0.30535E+03, 0.35396E+00, 0.66057E-02
 0.17000E+02, 0.34000E+02, 0.29747E+03, 0.39831E+00, 0.57904E-02
 0.18000E+02, 0.34000E+02, 0.26090E+03, 0.48742E+00, 0.44285E-02
 0.19000E+02, 0.34000E+02, 0.29091E+03, 0.16824E+00, 0.13551E-01
 0.20000E+02, 0.34000E+02, 0.28924E+03, 0.17541E+00, 0.12959E-01
 0.21000E+02, 0.34000E+02, 0.29013E+03, 0.17327E+00, 0.13139E-01
 0.22000E+02, 0.34000E+02, 0.28775E+03, 0.18093E+00, 0.12530E-01
 0.23000E+02, 0.34000E+02, 0.28262E+03, 0.18221E+00, 0.12328E-01
 0.24000E+02, 0.34000E+02, 0.28662E+03, 0.19936E+00, 0.11349E-01
 0.25000E+02, 0.34000E+02, 0.27626E+03, 0.17757E+00, 0.12505E-01
 0.26000E+02, 0.34000E+02, 0.27341E+03, 0.16258E+00, 0.13588E-01
 0.27000E+02, 0.34000E+02, 0.28524E+03, 0.14606E+00, 0.15452E-01
 0.28000E+02, 0.34000E+02, 0.27400E+03, 0.14732E+00, 0.15012E-01
 0.29000E+02, 0.34000E+02, 0.24888E+03, 0.14393E+00, 0.14660E-01
 0.30000E+02, 0.34000E+02, 0.53346E+03, 0.24415E+00, 0.13353E-01
 0.31000E+02, 0.34000E+02, 0.36936E+03, 0.24774E+00, 0.10482E-01
 0.32000E+02, 0.34000E+02, 0.31270E+03, 0.24098E+00, 0.98263E-02
 0.33000E+02, 0.34000E+02, 0.40168E+03, 0.18342E+00, 0.14870E-01
 0.34000E+02, 0.34000E+02, 0.33313E+03, 0.22057E+00, 0.11110E-01
 0.35000E+02, 0.34000E+02, 0.28589E+03, 0.31016E+00, 0.72850E-02
 0.36000E+02, 0.34000E+02, 0.27749E+03, 0.36865E+00, 0.60372E-02
 0.37000E+02, 0.34000E+02, 0.32675E+03, 0.35428E+00, 0.68439E-02
 0.38000E+02, 0.34000E+02, 0.42691E+03, 0.28930E+00, 0.97806E-02
 0.39000E+02, 0.34000E+02, 0.33531E+03, 0.28112E+00, 0.87483E-02
 0.40000E+02, 0.34000E+02, 0.29405E+03, 0.24173E+00, 0.94837E-02
 0.41000E+02, 0.34000E+02, 0.25018E+03, 0.21521E+00, 0.98288E-02
 0.42000E+02, 0.34000E+02, 0.24568E+03, 0.20834E+00, 0.10065E-01
 0.43000E+02, 0.34000E+02, 0.24143E+03, 0.19614E+00, 0.10604E-01
 0.44000E+02, 0.34000E+02, 0.23802E+03, 0.19363E+00, 0.10670E-01
 0.45000E+02, 0.34000E+02, 0.23685E+03, 0.19005E+00, 0.10846E-01
 0.46000E+02, 0.34000E+02, 0.24115E+03, 0.17696E+00, 0.11746E-01
 0.47000E+02, 0.34000E+02, 0.23858E+03, 0.17143E+00, 0.12065E-01
 0.48000E+02, 0.34000E+02, 0.36691E+03, 0.14394E+00, 0.17972E-01
 0.49000E+02, 0.34000E+02, 0.37560E+03, 0.14340E+00, 0.18285E-01
 0.50000E+02, 0.34000E+02, 0.37922E+03, 0.14369E+00, 0.18351E-01
 0.51000E+02, 0.34000E+02, 0.37592E+03, 0.14710E+00, 0.17834E-01
 0.52000E+02, 0.34000E+02, 0.37325E+03, 0.15178E+00, 0.17214E-01
 0.53000E+02, 0.34000E+02, 0.37557E+03, 0.15726E+00, 0.16674E-01
 0.54000E+02, 0.34000E+02, 0.38122E+03, 0.15435E+00, 0.17136E-01
 0.55000E+02, 0.34000E+02, 0.38095E+03, 0.14950E+00, 0.17684E-01
 0.56000E+02, 0.34000E+02, 0.38232E+03, 0.14520E+00, 0.18246E-01
 0.57000E+02, 0.34000E+02, 0.38479E+03, 0.13733E+00, 0.19365E-01
 0.58000E+02, 0.34000E+02, 0.34867E+03, 0.12283E+00, 0.20461E-01
 0.59000E+02, 0.34000E+02, 0.22000E+02, 0.30000E+02, 0.00000E+00
 0.60000E+02, 0.34000E+02, 0.29702E+03, 0.38202E+00, 0.60325E-02
 0.61000E+02, 0.34000E+02, 0.30467E+03, 0.39131E+00, 0.59682E-02
 0.62000E+02, 0.34000E+02, 0.31841E+03, 0.45702E+00, 0.52317E-02
 0.63000E+02, 0.34000E+02, 0.32193E+03, 0.48236E+00, 0.49863E-02
 0.64000E+02, 0.34000E+02, 0.31424E+03, 0.40965E+00, 0.57955E-02
 0.65000E+02, 0.34000E+02, 0.31744E+03, 0.37244E+00, 0.64093E-02
 0.00000E+00, 0.35000E+02, 0.76159E+03, 0.32158E+00, 0.13005E-01
 0.10000E+01, 0.35000E+02, 0.63970E+03, 0.41844E+00, 0.88175E-02
 0.20000E+01, 0.35000E+02, 0.42980E+03, 0.46196E+00, 0.61503E-02
 0.30000E+01, 0.35000E+02, 0.46824E+03, 0.28949E+00, 0.10351E-01
 0.40000E+01, 0.35000E+02, 0.53321E+03, 0.22399E+00, 0.14551E-01
 0.50000E+01, 0.35000E+02, 0.68310E+03, 0.15134E+00, 0.25539E-01
 0.60000E+01, 0.35000E+02, 0.23048E+03, 0.32900E+00, 0.61872E-02
 0.70000E+01, 0.35000E+02, 0.24825E+03, 0.32263E+00, 0.65320E-02
 0.80000E+01, 0.35000E+02, 0.32665E+03, 0.30069E+00, 0.80623E-02
 0.90000E+01, 0.35000E+02, 0.31975E+03, 0.30945E+00, 0.77441E-02
 0.10000E+02, 0.35000E+02, 0.31723E+03, 0.32321E+00, 0.73827E-02
 0.11000E+02, 0.35000E+02, 0.35951E+03, 0.30672E+00, 0.83369E-02
 0.12000E+02, 0.35000E+02, 0.35646E+03, 0.30038E+00, 0.84718E-02
 0.13000E+02, 0.35000E+02, 0.35293E+03, 0.30578E+00, 0.82755E-02
 0.14000E+02, 0.35000E+02, 0.38729E+03, 0.30470E+00, 0.87606E-02
 0.15000E+02, 0.35000E+02, 0.39991E+03, 0.30401E+00, 0.89484E-02
 0.16000E+02, 0.35000E+02, 0.38628E+03, 0.31352E+00, 0.85011E-02
 0.17000E+02, 0.35000E+02, 0.42289E+03, 0.28937E+00, 0.97219E-02
 0.18000E+02, 0.35000E+02, 0.44752E+03, 0.28533E+00, 0.10209E-01
 0.19000E+02, 0.35000E+02, 0.45507E+03, 0.30301E+00, 0.97138E-02
 0.20000E+02, 0.35000E+02, 0.45376E+03, 0.32111E+00, 0.91497E-02
 0.21000E+02, 0.35000E+02, 0.45141E+03, 0.40023E+00, 0.73171E-02
 0.22000E+02, 0.35000E+02, 0.44286E+03, 0.50898E+00, 0.56859E-02
 0.23000E+02, 0.35000E+02, 0.43977E+03, 0.53605E+00, 0.53754E-02
 0.24000E+02, 0.35000E+02, 0.45164E+03, 0.54233E+00, 0.54017E-02
 0.25000E+02, 0.35000E+02, 0.46563E+03, 0.54549E+00, 0.54740E-02
 0.26000E+02, 0.35000E+02, 0.50313E+03, 0.46802E+00, 0.67040E-02
 0.27000E+02, 0.35000E+02, 0.60022E+03, 0.43481E+00, 0.81186E-02
 0.28000E+02, 0.35000E+02, 0.70917E+03, 0.20839E+00, 0.19053E-01
 0.29000E+02, 0.35000E+02, 0.77904E+03, 0.18421E+00, 0.23086E-01
 0.30000E+02, 0.35000E+02, 0.57321E+03, 0.21882E+00, 0.15633E-01
 0.31000E+02, 0.35000E+02, 0.48301E+03, 0.17387E+00, 0.17578E-01
 0.32000E+02, 0.35000E+02, 0.46958E+03, 0.22168E+00, 0.13542E-01
 0.33000E+02, 0.35000E+02, 0.48143E+03, 0.22522E+00, 0.13542E-01
 0.34000E+02, 0.35000E+02, 0.52237E+03, 0.24534E+00, 0.13106E-01
 0.35000E+02, 0.35000E+02, 0.54505E+03, 0.23231E+00, 0.14236E-01
 0.36000E+02, 0.35000E+02, 0.54764E+03, 0.32241E+00, 0.10290E-01
 0.37000E+02, 0.35000E+02, 0.62268E+03, 0.43101E+00, 0.84006E-02
 0.38000E+02, 0.35000E+02, 0.81210E+03, 0.20179E+00, 0.21737E-01
 0.39000E+02, 0.35000E+02, 0.49111E+03, 0.25048E+00, 0.12332E-01
 0.40000E+02, 0.35000E+02, 0.38140E+03, 0.20807E+00, 0.12715E-01
 0.41000E+02, 0.35000E+02, 0.35358E+03, 0.19897E+00, 0.12731E-01
 0.42000E+02, 0.35000E+02, 0.32346E+03, 0.21191E+00, 0.11379E-01
 0.43000E+02, 0.35000E+02, 0.31067E+03, 0.23684E+00, 0.99633E-02
 0.44000E+02, 0.35000E+02, 0.31146E+03, 0.24152E+00, 0.97834E-02
 0.45000E+02, 0.35000E+02, 0.31137E+03, 0.23794E+00, 0.99291E-02
 0.46000E+02, 0.35000E+02, 0.32576E+03, 0.18622E+00, 0.12999E-01
 0.47000E+02, 0.35000E+02, 0.31674E+03, 0.20850E+00, 0.11435E-01
 0.48000E+02, 0.35000E+02, 0.27701E+03, 0.34330E+00, 0.64774E-02
 0.49000E+02, 0.35000E+02, 0.26611E+03, 0.34730E+00, 0.62759E-02
 0.50000E+02, 0.35000E+02, 0.26107E+03, 0.36076E+00, 0.59852E-02
 0.51000E+02, 0.35000E+02, 0.25874E+03, 0.45992E+00, 0.46743E-02
 0.52000E+02, 0.35000E+02, 0.25623E+03, 0.53313E+00, 0.40134E-02
 0.53000E+02, 0.35000E+02, 0.26053E+03, 0.51687E+00, 0.41733E-02
 0.54000E+02, 0.35000E+02, 0.25946E+03, 0.63144E+00, 0.34092E-02
 0.55000E+02, 0.35000E+02, 0.25983E+03, 0.66836E+00, 0.32231E-02
 0.56000E+02, 0.35000E+02, 0.26111E+03, 0.63424E+00, 0.34047E-02
 0.57000E+02, 0.35000E+02, 0.25928E+03, 0.69469E+00, 0.30978E-02
 0.58000E+02, 0.35000E+02, 0.26203E+03, 0.61672E+00, 0.35074E-02
 0.59000E+02, 0.35000E+02, 0.26708E+03, 0.65933E+00, 0.33117E-02
 0.60000E+02, 0.35000E+02, 0.30920E+03, 0.52249E+00, 0.45049E-02
 0.61000E+02, 0.35000E+02, 0.31564E+03, 0.49659E+00, 0.47922E-02
 0.62000E+02, 0.35000E+02, 0.31839E+03, 0.48157E+00, 0.49648E-02
 0.63000E+02, 0.35000E+02, 0.31516E+03, 0.41239E+00, 0.57660E-02
 0.64000E+02, 0.35000E+02, 0.31307E+03, 0.35585E+00, 0.66585E-02
 0.65000E+02, 0.35000E+02, 0.31786E+03, 0.36562E+00, 0.65334E-02
 0.00000E+00, 0.36000E+02, 0.93357E+03, 0.21749E+00, 0.22426E-01
 0.10000E+01, 0.36000E+02, 0.46226E+03, 0.62973E+00, 0.47201E-02
 0.20000E+01, 0.36000E+02, 0.41215E+03, 0.44779E+00, 0.61855E-02
 0.30000E+01, 0.36000E+02, 0.46232E+03, 0.28449E+00, 0.10449E-01
 0.40000E+01, 0.36000E+02, 0.55085E+03, 0.19460E+00, 0.17115E-01
 0.50000E+01, 0.36000E+02, 0.61478E+03, 0.16049E+00, 0.22362E-01
 0.60000E+01, 0.36000E+02, 0.25511E+03, 0.36413E+00, 0.58636E-02
 0.70000E+01, 0.36000E+02, 0.25294E+03, 0.33614E+00, 0.63259E-02
 0.80000E+01, 0.36000E+02, 0.32938E+03, 0.31108E+00, 0.78287E-02
 0.90000E+01, 0.36000E+02, 0.34390E+03, 0.32752E+00, 0.76148E-02
 0.10000E+02, 0.36000E+02, 0.34640E+03, 0.32782E+00, 0.76387E-02
 0.11000E+02, 0.36000E+02, 0.35341E+03, 0.31087E+00, 0.81462E-02
 0.12000E+02, 0.36000E+02, 0.34643E+03, 0.30369E+00, 0.82461E-02
 0.13000E+02, 0.36000E+02, 0.34748E+03, 0.30150E+00, 0.83201E-02
 0.14000E+02, 0.36000E+02, 0.39726E+03, 0.27971E+00, 0.96874E-02
 0.15000E+02, 0.36000E+02, 0.41459E+03, 0.27545E+00, 0.10092E-01
 0.16000E+02, 0.36000E+02, 0.42902E+03, 0.27042E+00, 0.10495E-01
 0.17000E+02, 0.36000E+02, 0.43787E+03, 0.32426E+00, 0.88628E-02
 0.18000E+02, 0.36000E+02, 0.43512E+03, 0.38408E+00, 0.74535E-02
 0.19000E+02, 0.36000E+02, 0.43822E+03, 0.39313E+00, 0.73137E-02
 0.20000E+02, 0.36000E+02, 0.46325E+03, 0.31318E+00, 0.95038E-02
 0.21000E+02, 0.36000E+02, 0.46723E+03, 0.31186E+00, 0.95957E-02
 0.22000E+02, 0.36000E+02, 0.46068E+03, 0.34933E+00, 0.84907E-02
 0.23000E+02, 0.36000E+02, 0.45160E+03, 0.44644E+00, 0.65615E-02
 0.24000E+02, 0.36000E+02, 0.47036E+03, 0.44505E+00, 0.67523E-02
 0.25000E+02, 0.36000E+02, 0.48459E+03, 0.42907E+00, 0.71379E-02
 0.26000E+02, 0.36000E+02, 0.48433E+03, 0.42744E+00, 0.71627E-02
 0.27000E+02, 0.36000E+02, 0.55513E+03, 0.34055E+00, 0.98305E-02
 0.28000E+02, 0.36000E+02, 0.59752E+03, 0.26044E+00, 0.13512E-01
 0.29000E+02, 0.36000E+02, 0.66495E+03, 0.22521E+00, 0.16836E-01
 0.30000E+02, 0.36000E+02, 0.50944E+03, 0.26959E+00, 0.11733E-01
 0.31000E+02, 0.36000E+02, 0.46712E+03, 0.23051E+00, 0.12980E-01
 0.32000E+02, 0.36000E+02, 0.45650E+03, 0.29789E+00, 0.99000E-02
 0.33000E+02, 0.36000E+02, 0.48484E+03, 0.22719E+00, 0.13485E-01
 0.34000E+02, 0.36000E+02, 0.50661E+03, 0.27063E+00, 0.11646E-01
 0.35000E+02, 0.36000E+02, 0.56055E+03, 0.30851E+00, 0.10922E-01
 0.36000E+02, 0.36000E+02, 0.62467E+03, 0.31821E+00, 0.11404E-01
 0.37000E+02, 0.36000E+02, 0.63957E+03, 0.31678E+00, 0.11646E-01
 0.38000E+02, 0.36000E+02, 0.73918E+03, 0.21580E+00, 0.18961E-01
 0.39000E+02, 0.36000E+02, 0.46567E+03, 0.27013E+00, 0.11054E-01
 0.40000E+02, 0.36000E+02, 0.40415E+03, 0.21664E+00, 0.12636E-01
 0.41000E+02, 0.36000E+02, 0.38537E+03, 0.20834E+00, 0.12775E-01
 0.42000E+02, 0.36000E+02, 0.35696E+03, 0.22966E+00, 0.11090E-01
 0.43000E+02, 0.36000E+02, 0.31874E+03, 0.26372E+00, 0.90713E-02
 0.44000E+02, 0.36000E+02, 0.32574E+03, 0.22628E+00, 0.10698E-01
 0.45000E+02, 0.36000E+02, 0.31322E+03, 0.24136E+00, 0.98196E-02
 0.46000E+02, 0.36000E+02, 0.32369E+03, 0.19926E+00, 0.12106E-01
 0.47000E+02, 0.36000E+02, 0.31910E+03, 0.19881E+00, 0.12040E-01
 0.48000E+02, 0.36000E+02, 0.30791E+03, 0.22442E+00, 0.10465E-01
 0.49000E+02, 0.36000E+02, 0.27675E+03, 0.26437E+00, 0.84070E-02
 0.50000E+02, 0.36000E+02, 0.27101E+03, 0.22858E+00, 0.96219E-02
 0.51000E+02, 0.36000E+02, 0.25927E+03, 0.25425E+00, 0.84638E-02
 0.52000E+02, 0.36000E+02, 0.25651E+03, 0.60679E+00, 0.35281E-02
 0.53000E+02, 0.36000E+02, 0.26227E+03, 0.60326E+00, 0.35873E-02
 0.54000E+02, 0.36000E+02, 0.26628E+03, 0.56228E+00, 0.38775E-02
 0.55000E+02, 0.36000E+02, 0.26696E+03, 0.56752E+00, 0.38466E-02
 0.56000E+02, 0.36000E+02, 0.27094E+03, 0.52183E+00, 0.42142E-02
 0.57000E+02, 0.36000E+02, 0.27651E+03, 0.52522E+00, 0.42299E-02
 0.58000E+02, 0.36000E+02, 0.27562E+03, 0.59109E+00, 0.37525E-02
 0.59000E+02, 0.36000E+02, 0.28174E+03, 0.69762E+00, 0.32149E-02
 0.60000E+02, 0.36000E+02, 0.31173E+03, 0.62743E+00, 0.37677E-02
 0.61000E+02, 0.36000E+02, 0.31781E+03, 0.52946E+00, 0.45113E-02
 0.62000E+02, 0.36000E+02, 0.31878E+03, 0.46303E+00, 0.51671E-02
 0.63000E+02, 0.36000E+02, 0.32088E+03, 0.38241E+00, 0.62786E-02
 0.64000E+02, 0.36000E+02, 0.32100E+03, 0.36559E+00, 0.65687E-02
 0.65000E+02, 0.36000E+02, 0.31755E+03, 0.36345E+00, 0.65690E-02
 0.00000E+00, 0.37000E+02, 0.82950E+03, 0.20845E+00, 0.21381E-01
 0.10000E+01, 0.37000E+02, 0.40769E+03, 0.68279E+00, 0.40303E-02
 0.20000E+01, 0.37000E+02, 0.43269E+03, 0.43176E+00, 0.66075E-02
 0.30000E+01, 0.37000E+02, 0.44518E+03, 0.30573E+00, 0.94964E-02
 0.40000E+01, 0.37000E+02, 0.47769E+03, 0.20105E+00, 0.15094E-01
 0.50000E+01, 0.37000E+02, 0.59747E+03, 0.15914E+00, 0.22112E-01
 0.60000E+01, 0.37000E+02, 0.28792E+03, 0.35101E+00, 0.64606E-02
 0.70000E+01, 0.37000E+02, 0.27219E+03, 0.34721E+00, 0.63483E-02
 0.80000E+01, 0.37000E+02, 0.33404E+03, 0.33930E+00, 0.72330E-02
 0.90000E+01, 0.37000E+02, 0.33901E+03, 0.35414E+00, 0.69866E-02
 0.10000E+02, 0.37000E+02, 0.33872E+03, 0.34559E+00, 0.71562E-02
 0.11000E+02, 0.37000E+02, 0.32568E+03, 0.34520E+00, 0.70114E-02
 0.12000E+02, 0.37000E+02, 0.32636E+03, 0.36995E+00, 0.65498E-02
 0.13000E+02, 0.37000E+02, 0.33195E+03, 0.32549E+00, 0.75139E-02
 0.14000E+02, 0.37000E+02, 0.36318E+03, 0.32079E+00, 0.80176E-02
 0.15000E+02, 0.37000E+02, 0.41386E+03, 0.23907E+00, 0.11615E-01
 0.16000E+02, 0.37000E+02, 0.42348E+03, 0.24081E+00, 0.11693E-01
 0.17000E+02, 0.37000E+02, 0.41686E+03, 0.29329E+00, 0.95088E-02
 0.18000E+02, 0.37000E+02, 0.42109E+03, 0.39064E+00, 0.71832E-02
 0.19000E+02, 0.37000E+02, 0.42191E+03, 0.39815E+00, 0.70559E-02
 0.20000E+02, 0.37000E+02, 0.43914E+03, 0.37859E+00, 0.76044E-02
 0.21000E+02, 0.37000E+02, 0.45946E+03, 0.33376E+00, 0.88720E-02
 0.22000E+02, 0.37000E+02, 0.47006E+03, 0.35498E+00, 0.84622E-02
 0.23000E+02, 0.37000E+02, 0.47936E+03, 0.39898E+00, 0.76231E-02
 0.24000E+02, 0.37000E+02, 0.51062E+03, 0.34289E+00, 0.92388E-02
 0.25000E+02, 0.37000E+02, 0.50461E+03, 0.39646E+00, 0.79291E-02
 0.26000E+02, 0.37000E+02, 0.49584E+03, 0.39990E+00, 0.77723E-02
 0.27000E+02, 0.37000E+02, 0.48610E+03, 0.31040E+00, 0.98863E-02
 0.28000E+02, 0.37000E+02, 0.49453E+03, 0.28037E+00, 0.11067E-01
 0.29000E+02, 0.37000E+02, 0.46564E+03, 0.40074E+00, 0.74514E-02
 0.30000E+02, 0.37000E+02, 0.43302E+03, 0.48405E+00, 0.58965E-02
 0.31000E+02, 0.37000E+02, 0.44926E+03, 0.39974E+00, 0.73044E-02
 0.32000E+02, 0.37000E+02, 0.47076E+03, 0.29499E+00, 0.10193E-01
 0.33000E+02, 0.37000E+02, 0.46737E+03, 0.29191E+00, 0.10254E-01
 0.34000E+02, 0.37000E+02, 0.51090E+03, 0.24089E+00, 0.13155E-01
 0.35000E+02, 0.37000E+02, 0.54907E+03, 0.24657E+00, 0.13478E-01
 0.36000E+02, 0.37000E+02, 0.55623E+03, 0.26971E+00, 0.12429E-01
 0.37000E+02, 0.37000E+02, 0.58920E+03, 0.24863E+00, 0.14019E-01
 0.38000E+02, 0.37000E+02, 0.60030E+03, 0.25823E+00, 0.13671E-01
 0.39000E+02, 0.37000E+02, 0.42970E+03, 0.27612E+00, 0.10288E-01
 0.40000E+02, 0.37000E+02, 0.39540E+03, 0.23461E+00, 0.11518E-01
 0.41000E+02, 0.37000E+02, 0.39889E+03, 0.21981E+00, 0.12358E-01
 0.42000E+02, 0.37000E+02, 0.38117E+03, 0.21845E+00, 0.12107E-01
 0.43000E+02, 0.37000E+02, 0.39072E+03, 0.19507E+00, 0.13756E-01
 0.44000E+02, 0.37000E+02, 0.36457E+03, 0.18506E+00, 0.13929E-01
 0.45000E+02, 0.37000E+02, 0.33240E+03, 0.20782E+00, 0.11777E-01
 0.46000E+02, 0.37000E+02, 0.30878E+03, 0.24123E+00, 0.97502E-02
 0.47000E+02, 0.37000E+02, 0.30868E+03, 0.21997E+00, 0.10691E-01
 0.48000E+02, 0.37000E+02, 0.30857E+03, 0.22293E+00, 0.10547E-01
 0.49000E+02, 0.37000E+02, 0.27467E+03, 0.26735E+00, 0.82819E-02
 0.50000E+02, 0.37000E+02, 0.25580E+03, 0.32132E+00, 0.66537E-02
 0.51000E+02, 0.37000E+02, 0.25205E+03, 0.50410E+00, 0.42109E-02
 0.52000E+02, 0.37000E+02, 0.25231E+03, 0.57106E+00, 0.37190E-02
 0.53000E+02, 0.37000E+02, 0.26409E+03, 0.57174E+00, 0.37979E-02
 0.54000E+02, 0.37000E+02, 0.27175E+03, 0.52478E+00, 0.41968E-02
 0.55000E+02, 0.37000E+02, 0.26985E+03, 0.48398E+00, 0.45347E-02
 0.56000E+02, 0.37000E+02, 0.27222E+03, 0.48535E+00, 0.45416E-02
 0.57000E+02, 0.37000E+02, 0.27818E+03, 0.48537E+00, 0.45911E-02
 0.58000E+02, 0.37000E+02, 0.28487E+03, 0.60148E+00, 0.37498E-02
 0.59000E+02, 0.37000E+02, 0.28246E+03, 0.70222E+00, 0.31980E-02
 0.60000E+02, 0.37000E+02, 0.31017E+03, 0.67665E+00, 0.34843E-02
 0.61000E+02, 0.37000E+02, 0.31352E+03, 0.62688E+00, 0.37825E-02
 0.62000E+02, 0.37000E+02, 0.31912E+03, 0.46328E+00, 0.51671E-02
 0.63000E+02, 0.37000E+02, 0.32207E+03, 0.39383E+00, 0.61086E-02
 0.64000E+02, 0.37000E+02, 0.32423E+03, 0.36418E+00, 0.66299E-02
 0.65000E+02, 0.37000E+02, 0.32367E+03, 0.33564E+00, 0.71871E-02
 0.00000E+00, 0.38000E+02, 0.66613E+03, 0.24144E+00, 0.15724E-01
 0.10000E+01, 0.38000E+02, 0.40996E+03, 0.57205E+00, 0.48265E-02
 0.20000E+01, 0.38000E+02, 0.40096E+03, 0.37268E+00, 0.73109E-02
 0.30000E+01, 0.38000E+02, 0.41072E+03, 0.28095E+00, 0.98385E-02
 0.40000E+01, 0.38000E+02, 0.39648E+03, 0.26198E+00, 0.10331E-01
 0.50000E+01, 0.38000E+02, 0.49008E+03, 0.19123E+00, 0.16131E-01
 0.60000E+01, 0.38000E+02, 0.30113E+03, 0.34384E+00, 0.67506E-02
 0.70000E+01, 0.38000E+02, 0.30513E+03, 0.34214E+00, 0.68314E-02
 0.80000E+01, 0.38000E+02, 0.33369E+03, 0.34801E+00, 0.70480E-02
 0.90000E+01, 0.38000E+02, 0.33514E+03, 0.36238E+00, 0.67845E-02
 0.10000E+02, 0.38000E+02, 0.32270E+03, 0.36939E+00, 0.65198E-02
 0.11000E+02, 0.38000E+02, 0.34227E+03, 0.39866E+00, 0.62394E-02
 0.12000E+02, 0.38000E+02, 0.34654E+03, 0.42291E+00, 0.59225E-02
 0.13000E+02, 0.38000E+02, 0.32427E+03, 0.40077E+00, 0.60250E-02
 0.14000E+02, 0.38000E+02, 0.33764E+03, 0.36607E+00, 0.67439E-02
 0.15000E+02, 0.38000E+02, 0.34804E+03, 0.30856E+00, 0.81369E-02
 0.16000E+02, 0.38000E+02, 0.37105E+03, 0.32089E+00, 0.81141E-02
 0.17000E+02, 0.38000E+02, 0.38311E+03, 0.38916E+00, 0.68160E-02
 0.18000E+02, 0.38000E+02, 0.39465E+03, 0.39106E+00, 0.69020E-02
 0.19000E+02, 0.38000E+02, 0.40583E+03, 0.37712E+00, 0.72771E-02
 0.20000E+02, 0.38000E+02, 0.41092E+03, 0.42325E+00, 0.65325E-02
 0.21000E+02, 0.38000E+02, 0.43515E+03, 0.36791E+00, 0.77814E-02
 0.22000E+02, 0.38000E+02, 0.46431E+03, 0.33986E+00, 0.87702E-02
 0.23000E+02, 0.38000E+02, 0.49407E+03, 0.36051E+00, 0.86016E-02
 0.24000E+02, 0.38000E+02, 0.52835E+03, 0.27491E+00, 0.11784E-01
 0.25000E+02, 0.38000E+02, 0.52661E+03, 0.32330E+00, 0.99986E-02
 0.26000E+02, 0.38000E+02, 0.48173E+03, 0.32178E+00, 0.94818E-02
 0.27000E+02, 0.38000E+02, 0.49150E+03, 0.23884E+00, 0.12940E-01
 0.28000E+02, 0.38000E+02, 0.49246E+03, 0.23512E+00, 0.13161E-01
 0.29000E+02, 0.38000E+02, 0.44825E+03, 0.35676E+00, 0.81728E-02
 0.30000E+02, 0.38000E+02, 0.40903E+03, 0.42472E+00, 0.64919E-02
 0.31000E+02, 0.38000E+02, 0.42457E+03, 0.36994E+00, 0.76231E-02
 0.32000E+02, 0.38000E+02, 0.45807E+03, 0.32877E+00, 0.89893E-02
 0.33000E+02, 0.38000E+02, 0.44016E+03, 0.29260E+00, 0.98532E-02
 0.34000E+02, 0.38000E+02, 0.43565E+03, 0.27930E+00, 0.10257E-01
 0.35000E+02, 0.38000E+02, 0.43152E+03, 0.28553E+00, 0.99750E-02
 0.36000E+02, 0.38000E+02, 0.43584E+03, 0.28528E+00, 0.10045E-01
 0.37000E+02, 0.38000E+02, 0.56346E+03, 0.22579E+00, 0.14976E-01
 0.38000E+02, 0.38000E+02, 0.50634E+03, 0.27103E+00, 0.11624E-01
 0.39000E+02, 0.38000E+02, 0.44185E+03, 0.24551E+00, 0.11771E-01
 0.40000E+02, 0.38000E+02, 0.45611E+03, 0.22127E+00, 0.13321E-01
 0.41000E+02, 0.38000E+02, 0.44737E+03, 0.21377E+00, 0.13623E-01
 0.42000E+02, 0.38000E+02, 0.39709E+03, 0.21983E+00, 0.12323E-01
 0.43000E+02, 0.38000E+02, 0.35380E+03, 0.21930E+00, 0.11555E-01
 0.44000E+02, 0.38000E+02, 0.38883E+03, 0.19815E+00, 0.13503E-01
 0.45000E+02, 0.38000E+02, 0.36233E+03, 0.19856E+00, 0.12936E-01
 0.46000E+02, 0.38000E+02, 0.31199E+03, 0.24053E+00, 0.98327E-02
 0.47000E+02, 0.38000E+02, 0.31242E+03, 0.21292E+00, 0.11116E-01
 0.48000E+02, 0.38000E+02, 0.29033E+03, 0.28289E+00, 0.80507E-02
 0.49000E+02, 0.38000E+02, 0.27559E+03, 0.27164E+00, 0.81649E-02
 0.50000E+02, 0.38000E+02, 0.25763E+03, 0.26884E+00, 0.79799E-02
 0.51000E+02, 0.38000E+02, 0.25892E+03, 0.49824E+00, 0.43163E-02
 0.52000E+02, 0.38000E+02, 0.26673E+03, 0.51729E+00, 0.42184E-02
 0.53000E+02, 0.38000E+02, 0.27117E+03, 0.51822E+00, 0.42454E-02
 0.54000E+02, 0.38000E+02, 0.27271E+03, 0.44700E+00, 0.49358E-02
 0.55000E+02, 0.38000E+02, 0.27277E+03, 0.44584E+00, 0.49491E-02
 0.56000E+02, 0.38000E+02, 0.27761E+03, 0.45488E+00, 0.48937E-02
 0.57000E+02, 0.38000E+02, 0.29020E+03, 0.49698E+00, 0.45816E-02
 0.58000E+02, 0.38000E+02, 0.28895E+03, 0.70073E+00, 0.32422E-02
 0.59000E+02, 0.38000E+02, 0.29410E+03, 0.72044E+00, 0.31824E-02
 0.60000E+02, 0.38000E+02, 0.30975E+03, 0.66466E+00, 0.35446E-02
 0.61000E+02, 0.38000E+02, 0.31331E+03, 0.58498E+00, 0.40520E-02
 0.62000E+02, 0.38000E+02, 0.31995E+03, 0.43066E+00, 0.55663E-02
 0.63000E+02, 0.38000E+02, 0.32326E+03, 0.38456E+00, 0.62684E-02
 0.64000E+02, 0.38000E+02, 0.32480E+03, 0.36053E+00, 0.67036E-02
 0.65000E+02, 0.38000E+02, 0.32153E+03, 0.33380E+00, 0.72007E-02
 0.00000E+00, 0.39000E+02, 0.53230E+03, 0.35860E+00, 0.90783E-02
 0.10000E+01, 0.39000E+02, 0.42883E+03, 0.40978E+00, 0.69239E-02
 0.20000E+01, 0.39000E+02, 0.45066E+03, 0.31425E+00, 0.93095E-02
 0.30000E+01, 0.39000E+02, 0.32152E+03, 0.36564E+00, 0.65734E-02
 0.40000E+01, 0.39000E+02, 0.31234E+03, 0.37071E+00, 0.63836E-02
 0.50000E+01, 0.39000E+02, 0.31711E+03, 0.36423E+00, 0.65501E-02
 0.60000E+01, 0.39000E+02, 0.31141E+03, 0.38117E+00, 0.61985E-02
 0.70000E+01, 0.39000E+02, 0.31314E+03, 0.37614E+00, 0.63001E-02
 0.80000E+01, 0.39000E+02, 0.32216E+03, 0.34979E+00, 0.68787E-02
 0.90000E+01, 0.39000E+02, 0.32092E+03, 0.38934E+00, 0.61672E-02
 0.10000E+02, 0.39000E+02, 0.33163E+03, 0.39213E+00, 0.62337E-02
 0.11000E+02, 0.39000E+02, 0.32836E+03, 0.40688E+00, 0.59752E-02
 0.12000E+02, 0.39000E+02, 0.32635E+03, 0.40930E+00, 0.59200E-02
 0.13000E+02, 0.39000E+02, 0.34729E+03, 0.42383E+00, 0.59167E-02
 0.14000E+02, 0.39000E+02, 0.34982E+03, 0.44314E+00, 0.56820E-02
 0.15000E+02, 0.39000E+02, 0.35629E+03, 0.42798E+00, 0.59444E-02
 0.16000E+02, 0.39000E+02, 0.36927E+03, 0.46902E+00, 0.55362E-02
 0.17000E+02, 0.39000E+02, 0.36714E+03, 0.47080E+00, 0.54969E-02
 0.18000E+02, 0.39000E+02, 0.39200E+03, 0.40489E+00, 0.66398E-02
 0.19000E+02, 0.39000E+02, 0.41090E+03, 0.36798E+00, 0.75134E-02
 0.20000E+02, 0.39000E+02, 0.43211E+03, 0.31111E+00, 0.91623E-02
 0.21000E+02, 0.39000E+02, 0.43965E+03, 0.32078E+00, 0.89814E-02
 0.22000E+02, 0.39000E+02, 0.45603E+03, 0.30572E+00, 0.96403E-02
 0.23000E+02, 0.39000E+02, 0.48819E+03, 0.33186E+00, 0.92727E-02
 0.24000E+02, 0.39000E+02, 0.51915E+03, 0.28225E+00, 0.11346E-01
 0.25000E+02, 0.39000E+02, 0.52327E+03, 0.25249E+00, 0.12749E-01
 0.26000E+02, 0.39000E+02, 0.46087E+03, 0.28270E+00, 0.10494E-01
 0.27000E+02, 0.39000E+02, 0.47358E+03, 0.23542E+00, 0.12820E-01
 0.28000E+02, 0.39000E+02, 0.46934E+03, 0.23634E+00, 0.12698E-01
 0.29000E+02, 0.39000E+02, 0.42579E+03, 0.31823E+00, 0.88771E-02
 0.30000E+02, 0.39000E+02, 0.41189E+03, 0.31702E+00, 0.87339E-02
 0.31000E+02, 0.39000E+02, 0.42101E+03, 0.27638E+00, 0.10151E-01
 0.32000E+02, 0.39000E+02, 0.44528E+03, 0.32616E+00, 0.89030E-02
 0.33000E+02, 0.39000E+02, 0.45771E+03, 0.30101E+00, 0.98138E-02
 0.34000E+02, 0.39000E+02, 0.46927E+03, 0.27091E+00, 0.11076E-01
 0.35000E+02, 0.39000E+02, 0.44085E+03, 0.27859E+00, 0.10359E-01
 0.36000E+02, 0.39000E+02, 0.41262E+03, 0.28825E+00, 0.96160E-02
 0.37000E+02, 0.39000E+02, 0.39829E+03, 0.30267E+00, 0.89664E-02
 0.38000E+02, 0.39000E+02, 0.43714E+03, 0.25443E+00, 0.11284E-01
 0.39000E+02, 0.39000E+02, 0.45521E+03, 0.23804E+00, 0.12367E-01
 0.40000E+02, 0.39000E+02, 0.47173E+03, 0.22250E+00, 0.13531E-01
 0.41000E+02, 0.39000E+02, 0.46065E+03, 0.21858E+00, 0.13569E-01
 0.42000E+02, 0.39000E+02, 0.43859E+03, 0.21190E+00, 0.13576E-01
 0.43000E+02, 0.39000E+02, 0.35735E+03, 0.21550E+00, 0.11825E-01
 0.44000E+02, 0.39000E+02, 0.32250E+03, 0.21447E+00, 0.11225E-01
 0.45000E+02, 0.39000E+02, 0.32554E+03, 0.21346E+00, 0.11336E-01
 0.46000E+02, 0.39000E+02, 0.31006E+03, 0.22426E+00, 0.10511E-01
 0.47000E+02, 0.39000E+02, 0.30581E+03, 0.22655E+00, 0.10329E-01
 0.48000E+02, 0.39000E+02, 0.28411E+03, 0.26187E+00, 0.86011E-02
 0.49000E+02, 0.39000E+02, 0.27021E+03, 0.26374E+00, 0.83271E-02
 0.50000E+02, 0.39000E+02, 0.26895E+03, 0.23624E+00, 0.92748E-02
 0.51000E+02, 0.39000E+02, 0.26407E+03, 0.27091E+00, 0.80152E-02
 0.52000E+02, 0.39000E+02, 0.26592E+03, 0.38035E+00, 0.57285E-02
 0.53000E+02, 0.39000E+02, 0.26920E+03, 0.40592E+00, 0.54003E-02
 0.54000E+02, 0.39000E+02, 0.27755E+03, 0.43586E+00, 0.51067E-02
 0.55000E+02, 0.39000E+02, 0.27950E+03, 0.44344E+00, 0.50372E-02
 0.56000E+02, 0.39000E+02, 0.27716E+03, 0.43539E+00, 0.51086E-02
 0.57000E+02, 0.39000E+02, 0.29246E+03, 0.48280E+00, 0.47351E-02
 0.58000E+02, 0.39000E+02, 0.29393E+03, 0.69565E+00, 0.32948E-02
 0.59000E+02, 0.39000E+02, 0.30186E+03, 0.70108E+00, 0.33150E-02
 0.60000E+02, 0.39000E+02, 0.31403E+03, 0.55272E+00, 0.42938E-02
 0.61000E+02, 0.39000E+02, 0.31831E+03, 0.49507E+00, 0.48287E-02
 0.62000E+02, 0.39000E+02, 0.32212E+03, 0.44364E+00, 0.54233E-02
 0.63000E+02, 0.39000E+02, 0.32806E+03, 0.38556E+00, 0.63026E-02
 0.64000E+02, 0.39000E+02, 0.32992E+03, 0.35738E+00, 0.68204E-02
 0.65000E+02, 0.39000E+02, 0.31201E+03, 0.32611E+00, 0.72524E-02
 0.00000E+00, 0.40000E+02, 0.39446E+03, 0.36407E+00, 0.74117E-02
 0.10000E+01, 0.40000E+02, 0.36982E+03, 0.32340E+00, 0.80357E-02
 0.20000E+01, 0.40000E+02, 0.34421E+03, 0.34299E+00, 0.72751E-02
 0.30000E+01, 0.40000E+02, 0.31144E+03, 0.37911E+00, 0.62326E-02
 0.40000E+01, 0.40000E+02, 0.33604E+03, 0.30509E+00, 0.80705E-02
 0.50000E+01, 0.40000E+02, 0.32129E+03, 0.29541E+00, 0.81331E-02
 0.60000E+01, 0.40000E+02, 0.29330E+03, 0.39638E+00, 0.57760E-02
 0.70000E+01, 0.40000E+02, 0.29438E+03, 0.39168E+00, 0.58565E-02
 0.80000E+01, 0.40000E+02, 0.31486E+03, 0.36339E+00, 0.65403E-02
 0.90000E+01, 0.40000E+02, 0.31608E+03, 0.39769E+00, 0.59885E-02
 0.10000E+02, 0.40000E+02, 0.31182E+03, 0.39751E+00, 0.59479E-02
 0.11000E+02, 0.40000E+02, 0.31104E+03, 0.40136E+00, 0.58829E-02
 0.12000E+02, 0.40000E+02, 0.33912E+03, 0.39493E+00, 0.62661E-02
 0.13000E+02, 0.40000E+02, 0.36183E+03, 0.37110E+00, 0.69160E-02
 0.14000E+02, 0.40000E+02, 0.36356E+03, 0.43328E+00, 0.59395E-02
 0.15000E+02, 0.40000E+02, 0.34865E+03, 0.49884E+00, 0.50381E-02
 0.16000E+02, 0.40000E+02, 0.33535E+03, 0.54433E+00, 0.45183E-02
 0.17000E+02, 0.40000E+02, 0.34788E+03, 0.51899E+00, 0.48365E-02
 0.18000E+02, 0.40000E+02, 0.39585E+03, 0.37942E+00, 0.71266E-02
 0.19000E+02, 0.40000E+02, 0.41472E+03, 0.29307E+00, 0.94867E-02
 0.20000E+02, 0.40000E+02, 0.43944E+03, 0.26045E+00, 0.11059E-01
 0.21000E+02, 0.40000E+02, 0.46025E+03, 0.27617E+00, 0.10734E-01
 0.22000E+02, 0.40000E+02, 0.46836E+03, 0.30550E+00, 0.98103E-02
 0.23000E+02, 0.40000E+02, 0.47312E+03, 0.30537E+00, 0.98774E-02
 0.24000E+02, 0.40000E+02, 0.51245E+03, 0.27907E+00, 0.11378E-01
 0.25000E+02, 0.40000E+02, 0.52237E+03, 0.25193E+00, 0.12763E-01
 0.26000E+02, 0.40000E+02, 0.48681E+03, 0.26323E+00, 0.11669E-01
 0.27000E+02, 0.40000E+02, 0.45105E+03, 0.26045E+00, 0.11239E-01
 0.28000E+02, 0.40000E+02, 0.43391E+03, 0.25924E+00, 0.11024E-01
 0.29000E+02, 0.40000E+02, 0.42660E+03, 0.23850E+00, 0.11858E-01
 0.30000E+02, 0.40000E+02, 0.42811E+03, 0.25380E+00, 0.11168E-01
 0.31000E+02, 0.40000E+02, 0.44392E+03, 0.25286E+00, 0.11462E-01
 0.32000E+02, 0.40000E+02, 0.45422E+03, 0.28093E+00, 0.10465E-01
 0.33000E+02, 0.40000E+02, 0.45552E+03, 0.27700E+00, 0.10633E-01
 0.34000E+02, 0.40000E+02, 0.46718E+03, 0.28294E+00, 0.10576E-01
 0.35000E+02, 0.40000E+02, 0.47137E+03, 0.25257E+00, 0.11914E-01
 0.36000E+02, 0.40000E+02, 0.43821E+03, 0.23585E+00, 0.12191E-01
 0.37000E+02, 0.40000E+02, 0.43750E+03, 0.23971E+00, 0.11983E-01
 0.38000E+02, 0.40000E+02, 0.45790E+03, 0.23751E+00, 0.12441E-01
 0.39000E+02, 0.40000E+02, 0.43314E+03, 0.23237E+00, 0.12285E-01
 0.40000E+02, 0.40000E+02, 0.42327E+03, 0.22836E+00, 0.12326E-01
 0.41000E+02, 0.40000E+02, 0.35320E+03, 0.23890E+00, 0.10597E-01
 0.42000E+02, 0.40000E+02, 0.35405E+03, 0.23143E+00, 0.10954E-01
 0.43000E+02, 0.40000E+02, 0.32294E+03, 0.21765E+00, 0.11070E-01
 0.44000E+02, 0.40000E+02, 0.31530E+03, 0.22039E+00, 0.10792E-01
 0.45000E+02, 0.40000E+02, 0.30238E+03, 0.23717E+00, 0.98079E-02
 0.46000E+02, 0.40000E+02, 0.28892E+03, 0.27156E+00, 0.83657E-02
 0.47000E+02, 0.40000E+02, 0.28700E+03, 0.28673E+00, 0.78961E-02
 0.48000E+02, 0.40000E+02, 0.28236E+03, 0.23249E+00, 0.96575E-02
 0.49000E+02, 0.40000E+02, 0.26918E+03, 0.28633E+00, 0.76555E-02
 0.50000E+02, 0.40000E+02, 0.26133E+03, 0.31378E+00, 0.68847E-02
 0.51000E+02, 0.40000E+02, 0.26381E+03, 0.27341E+00, 0.79378E-02
 0.52000E+02, 0.40000E+02, 0.26383E+03, 0.31131E+00, 0.69717E-02
 0.53000E+02, 0.40000E+02, 0.27304E+03, 0.40575E+00, 0.54408E-02
 0.54000E+02, 0.40000E+02, 0.28107E+03, 0.43179E+00, 0.51878E-02
 0.55000E+02, 0.40000E+02, 0.28970E+03, 0.46468E+00, 0.48956E-02
 0.56000E+02, 0.40000E+02, 0.28285E+03, 0.44560E+00, 0.50432E-02
 0.57000E+02, 0.40000E+02, 0.29076E+03, 0.48072E+00, 0.47413E-02
 0.58000E+02, 0.40000E+02, 0.29604E+03, 0.58808E+00, 0.39120E-02
 0.59000E+02, 0.40000E+02, 0.30183E+03, 0.65291E+00, 0.35594E-02
 0.60000E+02, 0.40000E+02, 0.31175E+03, 0.51159E+00, 0.46210E-02
 0.61000E+02, 0.40000E+02, 0.31622E+03, 0.54176E+00, 0.43970E-02
 0.62000E+02, 0.40000E+02, 0.32895E+03, 0.45071E+00, 0.53995E-02
 0.63000E+02, 0.40000E+02, 0.32929E+03, 0.38619E+00, 0.63051E-02
 0.64000E+02, 0.40000E+02, 0.32964E+03, 0.35286E+00, 0.69046E-02
 0.65000E+02, 0.40000E+02, 0.31523E+03, 0.32035E+00, 0.74236E-02
 0.00000E+00, 0.41000E+02, 0.34406E+03, 0.32251E+00, 0.77352E-02
 0.10000E+01, 0.41000E+02, 0.31695E+03, 0.36145E+00, 0.65987E-02
 0.20000E+01, 0.41000E+02, 0.30721E+03, 0.37782E+00, 0.62086E-02
 0.30000E+01, 0.41000E+02, 0.31649E+03, 0.35716E+00, 0.66727E-02
 0.40000E+01, 0.41000E+02, 0.35162E+03, 0.29952E+00, 0.84308E-02
 0.50000E+01, 0.41000E+02, 0.35043E+03, 0.25706E+00, 0.98049E-02
 0.60000E+01, 0.41000E+02, 0.27386E+03, 0.39172E+00, 0.56442E-02
 0.70000E+01, 0.41000E+02, 0.27077E+03, 0.38551E+00, 0.57027E-02
 0.80000E+01, 0.41000E+02, 0.31270E+03, 0.36497E+00, 0.64879E-02
 0.90000E+01, 0.41000E+02, 0.30542E+03, 0.49370E+00, 0.47366E-02
 0.10000E+02, 0.41000E+02, 0.29997E+03, 0.43196E+00, 0.53627E-02
 0.11000E+02, 0.41000E+02, 0.29524E+03, 0.42581E+00, 0.53952E-02
 0.12000E+02, 0.41000E+02, 0.32573E+03, 0.45692E+00, 0.52976E-02
 0.13000E+02, 0.41000E+02, 0.34890E+03, 0.44973E+00, 0.55905E-02
 0.14000E+02, 0.41000E+02, 0.34557E+03, 0.45060E+00, 0.55498E-02
 0.15000E+02, 0.41000E+02, 0.31473E+03, 0.58136E+00, 0.40872E-02
 0.16000E+02, 0.41000E+02, 0.30564E+03, 0.67333E+00, 0.34743E-02
 0.17000E+02, 0.41000E+02, 0.33903E+03, 0.63014E+00, 0.39267E-02
 0.18000E+02, 0.41000E+02, 0.40169E+03, 0.33773E+00, 0.80763E-02
 0.19000E+02, 0.41000E+02, 0.41976E+03, 0.26689E+00, 0.10494E-01
 0.20000E+02, 0.41000E+02, 0.42382E+03, 0.25717E+00, 0.10954E-01
 0.21000E+02, 0.41000E+02, 0.43656E+03, 0.26113E+00, 0.10985E-01
 0.22000E+02, 0.41000E+02, 0.46232E+03, 0.28162E+00, 0.10556E-01
 0.23000E+02, 0.41000E+02, 0.47952E+03, 0.29942E+00, 0.10160E-01
 0.24000E+02, 0.41000E+02, 0.51457E+03, 0.27298E+00, 0.11663E-01
 0.25000E+02, 0.41000E+02, 0.52749E+03, 0.25018E+00, 0.12935E-01
 0.26000E+02, 0.41000E+02, 0.52535E+03, 0.22473E+00, 0.14361E-01
 0.27000E+02, 0.41000E+02, 0.46481E+03, 0.24937E+00, 0.11961E-01
 0.28000E+02, 0.41000E+02, 0.44231E+03, 0.23029E+00, 0.12557E-01
 0.29000E+02, 0.41000E+02, 0.43990E+03, 0.22920E+00, 0.12574E-01
 0.30000E+02, 0.41000E+02, 0.44914E+03, 0.24149E+00, 0.12089E-01
 0.31000E+02, 0.41000E+02, 0.42978E+03, 0.25314E+00, 0.11224E-01
 0.32000E+02, 0.41000E+02, 0.40238E+03, 0.24084E+00, 0.11337E-01
 0.33000E+02, 0.41000E+02, 0.40634E+03, 0.22203E+00, 0.12370E-01
 0.34000E+02, 0.41000E+02, 0.40905E+03, 0.21378E+00, 0.12898E-01
 0.35000E+02, 0.41000E+02, 0.40003E+03, 0.24397E+00, 0.11152E-01
 0.36000E+02, 0.41000E+02, 0.40943E+03, 0.22888E+00, 0.12054E-01
 0.37000E+02, 0.41000E+02, 0.44956E+03, 0.22127E+00, 0.13201E-01
 0.38000E+02, 0.41000E+02, 0.43425E+03, 0.22017E+00, 0.12986E-01
 0.39000E+02, 0.41000E+02, 0.34683E+03, 0.26574E+00, 0.94296E-02
 0.40000E+02, 0.41000E+02, 0.34363E+03, 0.24702E+00, 0.10092E-01
 0.41000E+02, 0.41000E+02, 0.32884E+03, 0.23325E+00, 0.10432E-01
 0.42000E+02, 0.41000E+02, 0.32476E+03, 0.21963E+00, 0.11003E-01
 0.43000E+02, 0.41000E+02, 0.31704E+03, 0.21657E+00, 0.11015E-01
 0.44000E+02, 0.41000E+02, 0.31084E+03, 0.22404E+00, 0.10535E-01
 0.45000E+02, 0.41000E+02, 0.30604E+03, 0.23785E+00, 0.98422E-02
 0.46000E+02, 0.41000E+02, 0.29117E+03, 0.25480E+00, 0.89518E-02
 0.47000E+02, 0.41000E+02, 0.28874E+03, 0.24325E+00, 0.93365E-02
 0.48000E+02, 0.41000E+02, 0.28389E+03, 0.24451E+00, 0.92080E-02
 0.49000E+02, 0.41000E+02, 0.27580E+03, 0.25940E+00, 0.85536E-02
 0.50000E+02, 0.41000E+02, 0.26903E+03, 0.38414E+00, 0.57046E-02
 0.51000E+02, 0.41000E+02, 0.27240E+03, 0.37063E+00, 0.59494E-02
 0.52000E+02, 0.41000E+02, 0.27700E+03, 0.44734E+00, 0.49708E-02
 0.53000E+02, 0.41000E+02, 0.27107E+03, 0.43458E+00, 0.50615E-02
 0.54000E+02, 0.41000E+02, 0.27715E+03, 0.42488E+00, 0.52350E-02
 0.55000E+02, 0.41000E+02, 0.29697E+03, 0.46937E+00, 0.49094E-02
 0.56000E+02, 0.41000E+02, 0.29215E+03, 0.47523E+00, 0.48079E-02
 0.57000E+02, 0.41000E+02, 0.28536E+03, 0.45643E+00, 0.49458E-02
 0.58000E+02, 0.41000E+02, 0.27781E+03, 0.43441E+00, 0.51262E-02
 0.59000E+02, 0.41000E+02, 0.29325E+03, 0.47962E+00, 0.47732E-02
 0.60000E+02, 0.41000E+02, 0.31374E+03, 0.41613E+00, 0.57003E-02
 0.61000E+02, 0.41000E+02, 0.31150E+03, 0.53971E+00, 0.43784E-02
 0.62000E+02, 0.41000E+02, 0.33168E+03, 0.42586E+00, 0.57404E-02
 0.63000E+02, 0.41000E+02, 0.32991E+03, 0.37948E+00, 0.64232E-02
 0.64000E+02, 0.41000E+02, 0.33116E+03, 0.34277E+00, 0.71259E-02
 0.65000E+02, 0.41000E+02, 0.32604E+03, 0.31003E+00, 0.78114E-02
 0.00000E+00, 0.42000E+02, 0.35031E+03, 0.32406E+00, 0.77762E-02
 0.10000E+01, 0.42000E+02, 0.35565E+03, 0.30512E+00, 0.83294E-02
 0.20000E+01, 0.42000E+02, 0.36274E+03, 0.29886E+00, 0.85998E-02
 0.30000E+01, 0.42000E+02, 0.36699E+03, 0.28501E+00, 0.90781E-02
 0.40000E+01, 0.42000E+02, 0.36640E+03, 0.25733E+00, 0.10045E-01
 0.50000E+01, 0.42000E+02, 0.34693E+03, 0.24932E+00, 0.10052E-01
 0.60000E+01, 0.42000E+02, 0.26791E+03, 0.39504E+00, 0.55358E-02
 0.70000E+01, 0.42000E+02, 0.25641E+03, 0.38258E+00, 0.55947E-02
 0.80000E+01, 0.42000E+02, 0.30857E+03, 0.36529E+00, 0.64365E-02
 0.90000E+01, 0.42000E+02, 0.31220E+03, 0.47696E+00, 0.49603E-02
 0.10000E+02, 0.42000E+02, 0.30129E+03, 0.51926E+00, 0.44713E-02
 0.11000E+02, 0.42000E+02, 0.30419E+03, 0.45865E+00, 0.50878E-02
 0.12000E+02, 0.42000E+02, 0.32234E+03, 0.48730E+00, 0.49391E-02
 0.13000E+02, 0.42000E+02, 0.34423E+03, 0.48284E+00, 0.51680E-02
 0.14000E+02, 0.42000E+02, 0.33098E+03, 0.50486E+00, 0.48365E-02
 0.15000E+02, 0.42000E+02, 0.30702E+03, 0.57916E+00, 0.40489E-02
 0.16000E+02, 0.42000E+02, 0.33071E+03, 0.64493E+00, 0.37844E-02
 0.17000E+02, 0.42000E+02, 0.37014E+03, 0.45035E+00, 0.57734E-02
 0.18000E+02, 0.42000E+02, 0.40738E+03, 0.29324E+00, 0.93799E-02
 0.19000E+02, 0.42000E+02, 0.41533E+03, 0.26018E+00, 0.10696E-01
 0.20000E+02, 0.42000E+02, 0.42132E+03, 0.25471E+00, 0.11020E-01
 0.21000E+02, 0.42000E+02, 0.43521E+03, 0.26232E+00, 0.10914E-01
 0.22000E+02, 0.42000E+02, 0.45150E+03, 0.26557E+00, 0.11029E-01
 0.23000E+02, 0.42000E+02, 0.46057E+03, 0.28696E+00, 0.10334E-01
 0.24000E+02, 0.42000E+02, 0.49407E+03, 0.27968E+00, 0.11088E-01
 0.25000E+02, 0.42000E+02, 0.51012E+03, 0.25259E+00, 0.12533E-01
 0.26000E+02, 0.42000E+02, 0.52122E+03, 0.24512E+00, 0.13098E-01
 0.27000E+02, 0.42000E+02, 0.48628E+03, 0.23213E+00, 0.13223E-01
 0.28000E+02, 0.42000E+02, 0.44715E+03, 0.22774E+00, 0.12783E-01
 0.29000E+02, 0.42000E+02, 0.44775E+03, 0.22667E+00, 0.12855E-01
 0.30000E+02, 0.42000E+02, 0.44392E+03, 0.22416E+00, 0.12929E-01
 0.31000E+02, 0.42000E+02, 0.40029E+03, 0.21794E+00, 0.12490E-01
 0.32000E+02, 0.42000E+02, 0.37731E+03, 0.27114E+00, 0.96962E-02
 0.33000E+02, 0.42000E+02, 0.36735E+03, 0.33186E+00, 0.78008E-02
 0.34000E+02, 0.42000E+02, 0.37915E+03, 0.29223E+00, 0.90218E-02
 0.35000E+02, 0.42000E+02, 0.38213E+03, 0.25914E+00, 0.10221E-01
 0.36000E+02, 0.42000E+02, 0.40448E+03, 0.23951E+00, 0.11435E-01
 0.37000E+02, 0.42000E+02, 0.45511E+03, 0.22377E+00, 0.13154E-01
 0.38000E+02, 0.42000E+02, 0.38158E+03, 0.25537E+00, 0.10363E-01
 0.39000E+02, 0.42000E+02, 0.35623E+03, 0.26994E+00, 0.94237E-02
 0.40000E+02, 0.42000E+02, 0.35005E+03, 0.25834E+00, 0.97500E-02
 0.41000E+02, 0.42000E+02, 0.34123E+03, 0.26644E+00, 0.93199E-02
 0.42000E+02, 0.42000E+02, 0.33281E+03, 0.26848E+00, 0.91222E-02
 0.43000E+02, 0.42000E+02, 0.32043E+03, 0.23413E+00, 0.10247E-01
 0.44000E+02, 0.42000E+02, 0.31501E+03, 0.23914E+00, 0.99406E-02
 0.45000E+02, 0.42000E+02, 0.30925E+03, 0.23899E+00, 0.98495E-02
 0.46000E+02, 0.42000E+02, 0.30403E+03, 0.22792E+00, 0.10235E-01
 0.47000E+02, 0.42000E+02, 0.29514E+03, 0.23536E+00, 0.97590E-02
 0.48000E+02, 0.42000E+02, 0.28090E+03, 0.26847E+00, 0.83414E-02
 0.49000E+02, 0.42000E+02, 0.27070E+03, 0.30643E+00, 0.71734E-02
 0.50000E+02, 0.42000E+02, 0.27152E+03, 0.36853E+00, 0.59736E-02
 0.51000E+02, 0.42000E+02, 0.27411E+03, 0.40354E+00, 0.54813E-02
 0.52000E+02, 0.42000E+02, 0.27617E+03, 0.43264E+00, 0.51319E-02
 0.53000E+02, 0.42000E+02, 0.28133E+03, 0.39562E+00, 0.56648E-02
 0.54000E+02, 0.42000E+02, 0.29297E+03, 0.41442E+00, 0.55214E-02
 0.55000E+02, 0.42000E+02, 0.29970E+03, 0.41650E+00, 0.55591E-02
 0.56000E+02, 0.42000E+02, 0.29553E+03, 0.43663E+00, 0.52642E-02
 0.57000E+02, 0.42000E+02, 0.29083E+03, 0.44714E+00, 0.50980E-02
 0.58000E+02, 0.42000E+02, 0.29469E+03, 0.43291E+00, 0.53016E-02
 0.59000E+02, 0.42000E+02, 0.29442E+03, 0.41558E+00, 0.55200E-02
 0.60000E+02, 0.42000E+02, 0.29675E+03, 0.45770E+00, 0.50327E-02
 0.61000E+02, 0.42000E+02, 0.31360E+03, 0.52097E+00, 0.45522E-02
 0.62000E+02, 0.42000E+02, 0.32443E+03, 0.48208E+00, 0.50102E-02
 0.63000E+02, 0.42000E+02, 0.32882E+03, 0.43891E+00, 0.55433E-02
 0.64000E+02, 0.42000E+02, 0.33057E+03, 0.37215E+00, 0.65568E-02
 0.65000E+02, 0.42000E+02, 0.32478E+03, 0.29681E+00, 0.81423E-02
 0.00000E+00, 0.43000E+02, 0.36209E+03, 0.32800E+00, 0.78279E-02
 0.10000E+01, 0.43000E+02, 0.35560E+03, 0.32035E+00, 0.79328E-02
 0.20000E+01, 0.43000E+02, 0.36144E+03, 0.29588E+00, 0.86688E-02
 0.30000E+01, 0.43000E+02, 0.37551E+03, 0.24899E+00, 0.10530E-01
 0.40000E+01, 0.43000E+02, 0.36514E+03, 0.23358E+00, 0.11045E-01
 0.50000E+01, 0.43000E+02, 0.34304E+03, 0.22739E+00, 0.10952E-01
 0.60000E+01, 0.43000E+02, 0.25193E+03, 0.39944E+00, 0.53131E-02
 0.70000E+01, 0.43000E+02, 0.25061E+03, 0.37115E+00, 0.57037E-02
 0.80000E+01, 0.43000E+02, 0.30359E+03, 0.32216E+00, 0.72359E-02
 0.90000E+01, 0.43000E+02, 0.31351E+03, 0.44322E+00, 0.53499E-02
 0.10000E+02, 0.43000E+02, 0.30336E+03, 0.50535E+00, 0.46110E-02
 0.11000E+02, 0.43000E+02, 0.30198E+03, 0.50944E+00, 0.45631E-02
 0.12000E+02, 0.43000E+02, 0.31863E+03, 0.50953E+00, 0.46942E-02
 0.13000E+02, 0.43000E+02, 0.33622E+03, 0.50127E+00, 0.49135E-02
 0.14000E+02, 0.43000E+02, 0.35161E+03, 0.46375E+00, 0.54450E-02
 0.15000E+02, 0.43000E+02, 0.35700E+03, 0.48871E+00, 0.52116E-02
 0.16000E+02, 0.43000E+02, 0.36465E+03, 0.49785E+00, 0.51780E-02
 0.17000E+02, 0.43000E+02, 0.38814E+03, 0.33833E+00, 0.79000E-02
 0.18000E+02, 0.43000E+02, 0.40651E+03, 0.27041E+00, 0.10159E-01
 0.19000E+02, 0.43000E+02, 0.40947E+03, 0.25438E+00, 0.10846E-01
 0.20000E+02, 0.43000E+02, 0.42586E+03, 0.24723E+00, 0.11428E-01
 0.21000E+02, 0.43000E+02, 0.43584E+03, 0.25787E+00, 0.11113E-01
 0.22000E+02, 0.43000E+02, 0.44524E+03, 0.26474E+00, 0.10968E-01
 0.23000E+02, 0.43000E+02, 0.45313E+03, 0.28069E+00, 0.10458E-01
 0.24000E+02, 0.43000E+02, 0.47531E+03, 0.26155E+00, 0.11566E-01
 0.25000E+02, 0.43000E+02, 0.48684E+03, 0.25465E+00, 0.12063E-01
 0.26000E+02, 0.43000E+02, 0.50808E+03, 0.23637E+00, 0.13359E-01
 0.27000E+02, 0.43000E+02, 0.47839E+03, 0.22746E+00, 0.13355E-01
 0.28000E+02, 0.43000E+02, 0.43805E+03, 0.23150E+00, 0.12417E-01
 0.29000E+02, 0.43000E+02, 0.44263E+03, 0.23165E+00, 0.12489E-01
 0.30000E+02, 0.43000E+02, 0.43704E+03, 0.22973E+00, 0.12495E-01
 0.31000E+02, 0.43000E+02, 0.40003E+03, 0.23600E+00, 0.11529E-01
 0.32000E+02, 0.43000E+02, 0.37312E+03, 0.24928E+00, 0.10479E-01
 0.33000E+02, 0.43000E+02, 0.35811E+03, 0.31570E+00, 0.80819E-02
 0.34000E+02, 0.43000E+02, 0.36360E+03, 0.32605E+00, 0.78933E-02
 0.35000E+02, 0.43000E+02, 0.36488E+03, 0.30360E+00, 0.84940E-02
 0.36000E+02, 0.43000E+02, 0.39728E+03, 0.24242E+00, 0.11178E-01
 0.37000E+02, 0.43000E+02, 0.43340E+03, 0.21919E+00, 0.13029E-01
 0.38000E+02, 0.43000E+02, 0.39818E+03, 0.24517E+00, 0.11067E-01
 0.39000E+02, 0.43000E+02, 0.40292E+03, 0.23982E+00, 0.11394E-01
 0.40000E+02, 0.43000E+02, 0.41078E+03, 0.23773E+00, 0.11628E-01
 0.41000E+02, 0.43000E+02, 0.40245E+03, 0.24534E+00, 0.11130E-01
 0.42000E+02, 0.43000E+02, 0.39931E+03, 0.24514E+00, 0.11087E-01
 0.43000E+02, 0.43000E+02, 0.35365E+03, 0.25641E+00, 0.98802E-02
 0.44000E+02, 0.43000E+02, 0.35965E+03, 0.23290E+00, 0.10982E-01
 0.45000E+02, 0.43000E+02, 0.44823E+03, 0.18721E+00, 0.15574E-01
 0.46000E+02, 0.43000E+02, 0.48837E+03, 0.18801E+00, 0.16371E-01
 0.47000E+02, 0.43000E+02, 0.28937E+03, 0.29547E+00, 0.76949E-02
 0.48000E+02, 0.43000E+02, 0.27223E+03, 0.34424E+00, 0.64036E-02
 0.49000E+02, 0.43000E+02, 0.27679E+03, 0.36755E+00, 0.60476E-02
 0.50000E+02, 0.43000E+02, 0.27816E+03, 0.34323E+00, 0.64921E-02
 0.51000E+02, 0.43000E+02, 0.27857E+03, 0.36830E+00, 0.60548E-02
 0.52000E+02, 0.43000E+02, 0.27983E+03, 0.37252E+00, 0.59998E-02
 0.53000E+02, 0.43000E+02, 0.28152E+03, 0.37630E+00, 0.59578E-02
 0.54000E+02, 0.43000E+02, 0.28557E+03, 0.39936E+00, 0.56546E-02
 0.55000E+02, 0.43000E+02, 0.29427E+03, 0.42320E+00, 0.54192E-02
 0.56000E+02, 0.43000E+02, 0.30025E+03, 0.40947E+00, 0.56599E-02
 0.57000E+02, 0.43000E+02, 0.30051E+03, 0.40911E+00, 0.56675E-02
 0.58000E+02, 0.43000E+02, 0.30112E+03, 0.47256E+00, 0.49118E-02
 0.59000E+02, 0.43000E+02, 0.29596E+03, 0.43409E+00, 0.52990E-02
 0.60000E+02, 0.43000E+02, 0.29370E+03, 0.42217E+00, 0.54271E-02
 0.61000E+02, 0.43000E+02, 0.30146E+03, 0.43145E+00, 0.53829E-02
 0.62000E+02, 0.43000E+02, 0.30446E+03, 0.52471E+00, 0.44492E-02
 0.63000E+02, 0.43000E+02, 0.31068E+03, 0.50724E+00, 0.46521E-02
 0.64000E+02, 0.43000E+02, 0.32208E+03, 0.41959E+00, 0.57337E-02
 0.65000E+02, 0.43000E+02, 0.32042E+03, 0.30878E+00, 0.77697E-02
 0.00000E+00, 0.44000E+02, 0.39671E+03, 0.31795E+00, 0.85154E-02
 0.10000E+01, 0.44000E+02, 0.36585E+03, 0.28943E+00, 0.89237E-02
 0.20000E+01, 0.44000E+02, 0.37625E+03, 0.24787E+00, 0.10589E-01
 0.30000E+01, 0.44000E+02, 0.36354E+03, 0.25043E+00, 0.10276E-01
 0.40000E+01, 0.44000E+02, 0.36512E+03, 0.22432E+00, 0.11501E-01
 0.50000E+01, 0.44000E+02, 0.35140E+03, 0.21399E+00, 0.11797E-01
 0.60000E+01, 0.44000E+02, 0.24508E+03, 0.36879E+00, 0.56797E-02
 0.70000E+01, 0.44000E+02, 0.25598E+03, 0.37111E+00, 0.57627E-02
 0.80000E+01, 0.44000E+02, 0.30331E+03, 0.27695E+00, 0.84129E-02
 0.90000E+01, 0.44000E+02, 0.31409E+03, 0.44704E+00, 0.53094E-02
 0.10000E+02, 0.44000E+02, 0.30553E+03, 0.49991E+00, 0.46787E-02
 0.11000E+02, 0.44000E+02, 0.31101E+03, 0.49417E+00, 0.47779E-02
 0.12000E+02, 0.44000E+02, 0.32622E+03, 0.48237E+00, 0.50221E-02
 0.13000E+02, 0.44000E+02, 0.33737E+03, 0.48169E+00, 0.51229E-02
 0.14000E+02, 0.44000E+02, 0.33990E+03, 0.51493E+00, 0.48120E-02
 0.15000E+02, 0.44000E+02, 0.33981E+03, 0.57477E+00, 0.43103E-02
 0.16000E+02, 0.44000E+02, 0.36957E+03, 0.36477E+00, 0.71217E-02
 0.17000E+02, 0.44000E+02, 0.38817E+03, 0.29276E+00, 0.91300E-02
 0.18000E+02, 0.44000E+02, 0.39402E+03, 0.27316E+00, 0.98717E-02
 0.19000E+02, 0.44000E+02, 0.40402E+03, 0.25517E+00, 0.10726E-01
 0.20000E+02, 0.44000E+02, 0.41210E+03, 0.25579E+00, 0.10828E-01
 0.21000E+02, 0.44000E+02, 0.42826E+03, 0.25506E+00, 0.11115E-01
 0.22000E+02, 0.44000E+02, 0.44677E+03, 0.25336E+00, 0.11485E-01
 0.23000E+02, 0.44000E+02, 0.45382E+03, 0.26839E+00, 0.10948E-01
 0.24000E+02, 0.44000E+02, 0.44477E+03, 0.23609E+00, 0.12291E-01
 0.25000E+02, 0.44000E+02, 0.45090E+03, 0.22078E+00, 0.13255E-01
 0.26000E+02, 0.44000E+02, 0.46571E+03, 0.21204E+00, 0.14084E-01
 0.27000E+02, 0.44000E+02, 0.46333E+03, 0.21368E+00, 0.13931E-01
 0.28000E+02, 0.44000E+02, 0.41927E+03, 0.23294E+00, 0.12015E-01
 0.29000E+02, 0.44000E+02, 0.40921E+03, 0.23727E+00, 0.11624E-01
 0.30000E+02, 0.44000E+02, 0.40537E+03, 0.23511E+00, 0.11665E-01
 0.31000E+02, 0.44000E+02, 0.38222E+03, 0.23700E+00, 0.11177E-01
 0.32000E+02, 0.44000E+02, 0.35113E+03, 0.30430E+00, 0.82920E-02
 0.33000E+02, 0.44000E+02, 0.33841E+03, 0.29523E+00, 0.83727E-02
 0.34000E+02, 0.44000E+02, 0.34872E+03, 0.32851E+00, 0.76511E-02
 0.35000E+02, 0.44000E+02, 0.34593E+03, 0.37294E+00, 0.67093E-02
 0.36000E+02, 0.44000E+02, 0.36087E+03, 0.32173E+00, 0.79650E-02
 0.37000E+02, 0.44000E+02, 0.37421E+03, 0.29232E+00, 0.89510E-02
 0.38000E+02, 0.44000E+02, 0.40377E+03, 0.24919E+00, 0.10980E-01
 0.39000E+02, 0.44000E+02, 0.39622E+03, 0.25898E+00, 0.10447E-01
 0.40000E+02, 0.44000E+02, 0.40451E+03, 0.24854E+00, 0.11020E-01
 0.41000E+02, 0.44000E+02, 0.41327E+03, 0.24439E+00, 0.11352E-01
 0.42000E+02, 0.44000E+02, 0.40741E+03, 0.23639E+00, 0.11636E-01
 0.43000E+02, 0.44000E+02, 0.45610E+03, 0.20069E+00, 0.14687E-01
 0.44000E+02, 0.44000E+02, 0.53536E+03, 0.17215E+00, 0.18983E-01
 0.45000E+02, 0.44000E+02, 0.63674E+03, 0.16682E+00, 0.22045E-01
 0.46000E+02, 0.44000E+02, 0.48726E+03, 0.24380E+00, 0.12606E-01
 0.47000E+02, 0.44000E+02, 0.30378E+03, 0.28314E+00, 0.82357E-02
 0.48000E+02, 0.44000E+02, 0.27762E+03, 0.33213E+00, 0.67027E-02
 0.49000E+02, 0.44000E+02, 0.27509E+03, 0.38122E+00, 0.58126E-02
 0.50000E+02, 0.44000E+02, 0.27986E+03, 0.37035E+00, 0.60353E-02
 0.51000E+02, 0.44000E+02, 0.27611E+03, 0.37547E+00, 0.59126E-02
 0.52000E+02, 0.44000E+02, 0.27451E+03, 0.43009E+00, 0.51467E-02
 0.53000E+02, 0.44000E+02, 0.28326E+03, 0.44102E+00, 0.50993E-02
 0.54000E+02, 0.44000E+02, 0.29169E+03, 0.45110E+00, 0.50609E-02
 0.55000E+02, 0.44000E+02, 0.29884E+03, 0.46159E+00, 0.50085E-02
 0.56000E+02, 0.44000E+02, 0.30240E+03, 0.46661E+00, 0.49854E-02
 0.57000E+02, 0.44000E+02, 0.30291E+03, 0.42387E+00, 0.54931E-02
 0.58000E+02, 0.44000E+02, 0.30182E+03, 0.49000E+00, 0.47427E-02
 0.59000E+02, 0.44000E+02, 0.30079E+03, 0.45529E+00, 0.50952E-02
 0.60000E+02, 0.44000E+02, 0.30095E+03, 0.46043E+00, 0.50396E-02
 0.61000E+02, 0.44000E+02, 0.30044E+03, 0.44354E+00, 0.52270E-02
 0.62000E+02, 0.44000E+02, 0.29586E+03, 0.47574E+00, 0.48342E-02
 0.63000E+02, 0.44000E+02, 0.29613E+03, 0.45998E+00, 0.50023E-02
 0.64000E+02, 0.44000E+02, 0.30147E+03, 0.47152E+00, 0.49256E-02
 0.65000E+02, 0.44000E+02, 0.31614E+03, 0.36563E+00, 0.65141E-02
 0.00000E+00, 0.45000E+02, 0.41820E+03, 0.31401E+00, 0.88989E-02
 0.10000E+01, 0.45000E+02, 0.37162E+03, 0.27767E+00, 0.93855E-02
 0.20000E+01, 0.45000E+02, 0.36768E+03, 0.26218E+00, 0.98791E-02
 0.30000E+01, 0.45000E+02, 0.34611E+03, 0.26660E+00, 0.93883E-02
 0.40000E+01, 0.45000E+02, 0.34485E+03, 0.22822E+00, 0.10945E-01
 0.50000E+01, 0.45000E+02, 0.34840E+03, 0.20827E+00, 0.12062E-01
 0.60000E+01, 0.45000E+02, 0.24713E+03, 0.37245E+00, 0.56460E-02
 0.70000E+01, 0.45000E+02, 0.25329E+03, 0.37429E+00, 0.56849E-02
 0.80000E+01, 0.45000E+02, 0.30135E+03, 0.27432E+00, 0.84648E-02
 0.90000E+01, 0.45000E+02, 0.31642E+03, 0.38569E+00, 0.61784E-02
 0.10000E+02, 0.45000E+02, 0.31310E+03, 0.41897E+00, 0.56556E-02
 0.11000E+02, 0.45000E+02, 0.31886E+03, 0.41008E+00, 0.58349E-02
 0.12000E+02, 0.45000E+02, 0.34188E+03, 0.32157E+00, 0.77304E-02
 0.13000E+02, 0.45000E+02, 0.34950E+03, 0.28216E+00, 0.89191E-02
 0.14000E+02, 0.45000E+02, 0.35502E+03, 0.29727E+00, 0.85408E-02
 0.15000E+02, 0.45000E+02, 0.35311E+03, 0.32047E+00, 0.78985E-02
 0.16000E+02, 0.45000E+02, 0.35851E+03, 0.29498E+00, 0.86550E-02
 0.17000E+02, 0.45000E+02, 0.36794E+03, 0.26174E+00, 0.98999E-02
 0.18000E+02, 0.45000E+02, 0.37724E+03, 0.26523E+00, 0.99112E-02
 0.19000E+02, 0.45000E+02, 0.36947E+03, 0.25818E+00, 0.10060E-01
 0.20000E+02, 0.45000E+02, 0.37247E+03, 0.25916E+00, 0.10069E-01
 0.21000E+02, 0.45000E+02, 0.38330E+03, 0.25309E+00, 0.10483E-01
 0.22000E+02, 0.45000E+02, 0.42102E+03, 0.24596E+00, 0.11407E-01
 0.23000E+02, 0.45000E+02, 0.42366E+03, 0.23285E+00, 0.12095E-01
 0.24000E+02, 0.45000E+02, 0.41073E+03, 0.21928E+00, 0.12605E-01
 0.25000E+02, 0.45000E+02, 0.39626E+03, 0.22897E+00, 0.11817E-01
 0.26000E+02, 0.45000E+02, 0.37720E+03, 0.21362E+00, 0.12305E-01
 0.27000E+02, 0.45000E+02, 0.40074E+03, 0.20729E+00, 0.13140E-01
 0.28000E+02, 0.45000E+02, 0.36994E+03, 0.24027E+00, 0.10818E-01
 0.29000E+02, 0.45000E+02, 0.33723E+03, 0.26078E+00, 0.94605E-02
 0.30000E+02, 0.45000E+02, 0.33974E+03, 0.27283E+00, 0.90795E-02
 0.31000E+02, 0.45000E+02, 0.34423E+03, 0.29420E+00, 0.84818E-02
 0.32000E+02, 0.45000E+02, 0.33161E+03, 0.30434E+00, 0.80316E-02
 0.33000E+02, 0.45000E+02, 0.33483E+03, 0.29536E+00, 0.83198E-02
 0.34000E+02, 0.45000E+02, 0.33355E+03, 0.30745E+00, 0.79758E-02
 0.35000E+02, 0.45000E+02, 0.32703E+03, 0.31159E+00, 0.77854E-02
 0.36000E+02, 0.45000E+02, 0.34926E+03, 0.35452E+00, 0.70960E-02
 0.37000E+02, 0.45000E+02, 0.36189E+03, 0.32083E+00, 0.80003E-02
 0.38000E+02, 0.45000E+02, 0.36812E+03, 0.28174E+00, 0.91995E-02
 0.39000E+02, 0.45000E+02, 0.36850E+03, 0.27142E+00, 0.95551E-02
 0.40000E+02, 0.45000E+02, 0.38498E+03, 0.27570E+00, 0.96484E-02
 0.41000E+02, 0.45000E+02, 0.43835E+03, 0.22673E+00, 0.12683E-01
 0.42000E+02, 0.45000E+02, 0.51286E+03, 0.18998E+00, 0.16722E-01
 0.43000E+02, 0.45000E+02, 0.50885E+03, 0.15716E+00, 0.20111E-01
 0.44000E+02, 0.45000E+02, 0.53902E+03, 0.17859E+00, 0.18381E-01
 0.45000E+02, 0.45000E+02, 0.64834E+03, 0.17138E+00, 0.21732E-01
 0.46000E+02, 0.45000E+02, 0.59054E+03, 0.21914E+00, 0.15930E-01
 0.47000E+02, 0.45000E+02, 0.34061E+03, 0.26293E+00, 0.94348E-02
 0.48000E+02, 0.45000E+02, 0.27530E+03, 0.36189E+00, 0.61255E-02
 0.49000E+02, 0.45000E+02, 0.26536E+03, 0.39859E+00, 0.54607E-02
 0.50000E+02, 0.45000E+02, 0.26703E+03, 0.39890E+00, 0.54733E-02
 0.51000E+02, 0.45000E+02, 0.26794E+03, 0.40296E+00, 0.54272E-02
 0.52000E+02, 0.45000E+02, 0.26874E+03, 0.45856E+00, 0.47764E-02
 0.53000E+02, 0.45000E+02, 0.27773E+03, 0.46962E+00, 0.47413E-02
 0.54000E+02, 0.45000E+02, 0.28265E+03, 0.48452E+00, 0.46365E-02
 0.55000E+02, 0.45000E+02, 0.28424E+03, 0.46925E+00, 0.48010E-02
 0.56000E+02, 0.45000E+02, 0.28617E+03, 0.47162E+00, 0.47934E-02
 0.57000E+02, 0.45000E+02, 0.29243E+03, 0.48764E+00, 0.46878E-02
 0.58000E+02, 0.45000E+02, 0.29295E+03, 0.49402E+00, 0.46316E-02
 0.59000E+02, 0.45000E+02, 0.29304E+03, 0.49658E+00, 0.46084E-02
 0.60000E+02, 0.45000E+02, 0.29469E+03, 0.49219E+00, 0.46630E-02
 0.61000E+02, 0.45000E+02, 0.29964E+03, 0.47657E+00, 0.48579E-02
 0.62000E+02, 0.45000E+02, 0.29948E+03, 0.47860E+00, 0.48360E-02
 0.63000E+02, 0.45000E+02, 0.28803E+03, 0.46183E+00, 0.49113E-02
 0.64000E+02, 0.45000E+02, 0.29598E+03, 0.45428E+00, 0.50636E-02
 0.65000E+02, 0.45000E+02, 0.31489E+03, 0.38732E+00, 0.61364E-02
 0.00000E+00, 0.46000E+02, 0.19807E+03, 0.12895E+00, 0.14770E-01
 0.10000E+01, 0.46000E+02, 0.22642E+03, 0.13054E+00, 0.15468E-01
 0.20000E+01, 0.46000E+02, 0.23121E+03, 0.12820E+00, 0.15901E-01
 0.30000E+01, 0.46000E+02, 0.23038E+03, 0.12637E+00, 0.16105E-01
 0.40000E+01, 0.46000E+02, 0.23121E+03, 0.13452E+00, 0.15154E-01
 0.50000E+01, 0.46000E+02, 0.23503E+03, 0.13819E+00, 0.14863E-01
 0.60000E+01, 0.46000E+02, 0.24698E+03, 0.15026E+00, 0.13991E-01
 0.70000E+01, 0.46000E+02, 0.25898E+03, 0.24119E+00, 0.89176E-02
 0.80000E+01, 0.46000E+02, 0.26450E+03, 0.24903E+00, 0.87264E-02
 0.90000E+01, 0.46000E+02, 0.27303E+03, 0.28651E+00, 0.77051E-02
 0.10000E+02, 0.46000E+02, 0.29725E+03, 0.37913E+00, 0.60810E-02
 0.11000E+02, 0.46000E+02, 0.30382E+03, 0.32545E+00, 0.71654E-02
 0.12000E+02, 0.46000E+02, 0.27947E+03, 0.27216E+00, 0.82069E-02
 0.13000E+02, 0.46000E+02, 0.26734E+03, 0.26661E+00, 0.81937E-02
 0.14000E+02, 0.46000E+02, 0.25530E+03, 0.24786E+00, 0.86175E-02
 0.15000E+02, 0.46000E+02, 0.24461E+03, 0.22708E+00, 0.92156E-02
 0.16000E+02, 0.46000E+02, 0.23195E+03, 0.21689E+00, 0.94125E-02
 0.17000E+02, 0.46000E+02, 0.22652E+03, 0.21084E+00, 0.95787E-02
 0.18000E+02, 0.46000E+02, 0.19529E+03, 0.18800E+00, 0.10071E-01
 0.19000E+02, 0.46000E+02, 0.20628E+03, 0.19777E+00, 0.97981E-02
 0.20000E+02, 0.46000E+02, 0.21036E+03, 0.24345E+00, 0.80274E-02
 0.21000E+02, 0.46000E+02, 0.20843E+03, 0.27552E+00, 0.70646E-02
 0.22000E+02, 0.46000E+02, 0.29422E+03, 0.22011E+00, 0.10418E-01
 0.23000E+02, 0.46000E+02, 0.29993E+03, 0.22195E+00, 0.10436E-01
 0.24000E+02, 0.46000E+02, 0.28978E+03, 0.20687E+00, 0.10998E-01
 0.25000E+02, 0.46000E+02, 0.30592E+03, 0.23095E+00, 0.10134E-01
 0.26000E+02, 0.46000E+02, 0.29664E+03, 0.21414E+00, 0.10755E-01
 0.27000E+02, 0.46000E+02, 0.32695E+03, 0.21582E+00, 0.11239E-01
 0.28000E+02, 0.46000E+02, 0.33920E+03, 0.13042E+00, 0.18978E-01
 0.29000E+02, 0.46000E+02, 0.38469E+03, 0.16622E+00, 0.15997E-01
 0.30000E+02, 0.46000E+02, 0.38542E+03, 0.20715E+00, 0.12850E-01
 0.31000E+02, 0.46000E+02, 0.23009E+03, 0.19158E+00, 0.10617E-01
 0.32000E+02, 0.46000E+02, 0.23437E+03, 0.19253E+00, 0.10654E-01
 0.33000E+02, 0.46000E+02, 0.22078E+03, 0.17920E+00, 0.11141E-01
 0.34000E+02, 0.46000E+02, 0.22000E+02, 0.30000E+02, 0.00000E+00
 0.35000E+02, 0.46000E+02, 0.28284E+03, 0.17796E+00, 0.12628E-01
 0.36000E+02, 0.46000E+02, 0.27452E+03, 0.17149E+00, 0.12908E-01
 0.37000E+02, 0.46000E+02, 0.33834E+03, 0.24574E+00, 0.10057E-01
 0.38000E+02, 0.46000E+02, 0.35604E+03, 0.22283E+00, 0.11413E-01
 0.39000E+02, 0.46000E+02, 0.35102E+03, 0.14029E+00, 0.17983E-01
 0.40000E+02, 0.46000E+02, 0.34762E+03, 0.11746E+00, 0.21361E-01
 0.41000E+02, 0.46000E+02, 0.34045E+03, 0.10071E+00, 0.24625E-01
 0.42000E+02, 0.46000E+02, 0.35005E+03, 0.10157E+00, 0.24800E-01
 0.43000E+02, 0.46000E+02, 0.32999E+03, 0.10520E+00, 0.23172E-01
 0.44000E+02, 0.46000E+02, 0.70359E+03, 0.17752E+00, 0.22239E-01
 0.45000E+02, 0.46000E+02, 0.80487E+03, 0.15351E+00, 0.28384E-01
 0.46000E+02, 0.46000E+02, 0.71203E+03, 0.17261E+00, 0.23068E-01
 0.47000E+02, 0.46000E+02, 0.59840E+03, 0.15862E+00, 0.22208E-01
 0.48000E+02, 0.46000E+02, 0.63439E+03, 0.12455E+00, 0.29450E-01
 0.49000E+02, 0.46000E+02, 0.54778E+03, 0.13086E+00, 0.25356E-01
 0.50000E+02, 0.46000E+02, 0.42817E+03, 0.11625E+00, 0.24384E-01
 0.51000E+02, 0.46000E+02, 0.39192E+03, 0.11825E+00, 0.22732E-01
 0.52000E+02, 0.46000E+02, 0.35501E+03, 0.11817E+00, 0.21485E-01
 0.53000E+02, 0.46000E+02, 0.35407E+03, 0.11483E+00, 0.22077E-01
 0.54000E+02, 0.46000E+02, 0.35803E+03, 0.10606E+00, 0.24054E-01
 0.55000E+02, 0.46000E+02, 0.19024E+03, 0.26199E+00, 0.71490E-02
 0.56000E+02, 0.46000E+02, 0.20649E+03, 0.26740E+00, 0.72499E-02
 0.57000E+02, 0.46000E+02, 0.20682E+03, 0.30537E+00, 0.63528E-02
 0.58000E+02, 0.46000E+02, 0.20650E+03, 0.33537E+00, 0.57806E-02
 0.59000E+02, 0.46000E+02, 0.21021E+03, 0.33626E+00, 0.58101E-02
 0.60000E+02, 0.46000E+02, 0.20739E+03, 0.38534E+00, 0.50404E-02
 0.61000E+02, 0.46000E+02, 0.20723E+03, 0.37248E+00, 0.52127E-02
 0.62000E+02, 0.46000E+02, 0.21391E+03, 0.37472E+00, 0.52535E-02
 0.63000E+02, 0.46000E+02, 0.23767E+03, 0.37314E+00, 0.55332E-02
 0.64000E+02, 0.46000E+02, 0.28817E+03, 0.45053E+00, 0.50357E-02
 0.65000E+02, 0.46000E+02, 0.31077E+03, 0.41828E+00, 0.56424E-02
 0.00000E+00, 0.47000E+02, 0.20799E+03, 0.13034E+00, 0.14920E-01
 0.10000E+01, 0.47000E+02, 0.23103E+03, 0.13108E+00, 0.15546E-01
 0.20000E+01, 0.47000E+02, 0.23326E+03, 0.12732E+00, 0.16076E-01
 0.30000E+01, 0.47000E+02, 0.23075E+03, 0.12448E+00, 0.16361E-01
 0.40000E+01, 0.47000E+02, 0.23086E+03, 0.12689E+00, 0.16054E-01
 0.50000E+01, 0.47000E+02, 0.23057E+03, 0.12611E+00, 0.16144E-01
 0.60000E+01, 0.47000E+02, 0.26790E+03, 0.22788E+00, 0.95962E-02
 0.70000E+01, 0.47000E+02, 0.26568E+03, 0.19771E+00, 0.11016E-01
 0.80000E+01, 0.47000E+02, 0.28172E+03, 0.28721E+00, 0.78087E-02
 0.90000E+01, 0.47000E+02, 0.28947E+03, 0.33261E+00, 0.68370E-02
 0.10000E+02, 0.47000E+02, 0.31432E+03, 0.39556E+00, 0.60028E-02
 0.11000E+02, 0.47000E+02, 0.29954E+03, 0.31458E+00, 0.73582E-02
 0.12000E+02, 0.47000E+02, 0.26997E+03, 0.27551E+00, 0.79677E-02
 0.13000E+02, 0.47000E+02, 0.25827E+03, 0.26511E+00, 0.81018E-02
 0.14000E+02, 0.47000E+02, 0.25637E+03, 0.26159E+00, 0.81815E-02
 0.15000E+02, 0.47000E+02, 0.24960E+03, 0.22835E+00, 0.92529E-02
 0.16000E+02, 0.47000E+02, 0.24027E+03, 0.21933E+00, 0.94613E-02
 0.17000E+02, 0.47000E+02, 0.23884E+03, 0.21618E+00, 0.95725E-02
 0.18000E+02, 0.47000E+02, 0.19111E+03, 0.16591E+00, 0.11310E-01
 0.19000E+02, 0.47000E+02, 0.20351E+03, 0.19004E+00, 0.10138E-01
 0.20000E+02, 0.47000E+02, 0.20972E+03, 0.21246E+00, 0.91862E-02
 0.21000E+02, 0.47000E+02, 0.21385E+03, 0.24770E+00, 0.79468E-02
 0.22000E+02, 0.47000E+02, 0.30811E+03, 0.25563E+00, 0.91905E-02
 0.23000E+02, 0.47000E+02, 0.30953E+03, 0.25222E+00, 0.93372E-02
 0.24000E+02, 0.47000E+02, 0.30029E+03, 0.22759E+00, 0.10184E-01
 0.25000E+02, 0.47000E+02, 0.31849E+03, 0.24908E+00, 0.96007E-02
 0.26000E+02, 0.47000E+02, 0.32478E+03, 0.23687E+00, 0.10203E-01
 0.27000E+02, 0.47000E+02, 0.33175E+03, 0.22580E+00, 0.10828E-01
 0.28000E+02, 0.47000E+02, 0.34605E+03, 0.13332E+00, 0.18772E-01
 0.29000E+02, 0.47000E+02, 0.35760E+03, 0.14974E+00, 0.17025E-01
 0.30000E+02, 0.47000E+02, 0.37213E+03, 0.19255E+00, 0.13545E-01
 0.31000E+02, 0.47000E+02, 0.21063E+03, 0.17860E+00, 0.10948E-01
 0.32000E+02, 0.47000E+02, 0.21287E+03, 0.17152E+00, 0.11453E-01
 0.33000E+02, 0.47000E+02, 0.20647E+03, 0.16605E+00, 0.11674E-01
 0.34000E+02, 0.47000E+02, 0.22000E+02, 0.30000E+02, 0.00000E+00
 0.35000E+02, 0.47000E+02, 0.28328E+03, 0.18008E+00, 0.12489E-01
 0.36000E+02, 0.47000E+02, 0.26865E+03, 0.17060E+00, 0.12836E-01
 0.37000E+02, 0.47000E+02, 0.32528E+03, 0.19392E+00, 0.12473E-01
 0.38000E+02, 0.47000E+02, 0.34578E+03, 0.13313E+00, 0.18790E-01
 0.39000E+02, 0.47000E+02, 0.34904E+03, 0.11039E+00, 0.22782E-01
 0.40000E+02, 0.47000E+02, 0.34664E+03, 0.97606E-01, 0.25665E-01
 0.41000E+02, 0.47000E+02, 0.33563E+03, 0.91201E-01, 0.26980E-01
 0.42000E+02, 0.47000E+02, 0.35299E+03, 0.10243E+00, 0.24708E-01
 0.43000E+02, 0.47000E+02, 0.33259E+03, 0.11256E+00, 0.21751E-01
 0.44000E+02, 0.47000E+02, 0.73150E+03, 0.16452E+00, 0.24682E-01
 0.45000E+02, 0.47000E+02, 0.73133E+03, 0.15399E+00, 0.26366E-01
 0.46000E+02, 0.47000E+02, 0.65614E+03, 0.18648E+00, 0.20142E-01
 0.47000E+02, 0.47000E+02, 0.53569E+03, 0.15353E+00, 0.21293E-01
 0.48000E+02, 0.47000E+02, 0.58500E+03, 0.13342E+00, 0.25996E-01
 0.49000E+02, 0.47000E+02, 0.52454E+03, 0.11434E+00, 0.28197E-01
 0.50000E+02, 0.47000E+02, 0.35635E+03, 0.10901E+00, 0.23340E-01
 0.51000E+02, 0.47000E+02, 0.33730E+03, 0.10931E+00, 0.22572E-01
 0.52000E+02, 0.47000E+02, 0.33746E+03, 0.11638E+00, 0.21205E-01
 0.53000E+02, 0.47000E+02, 0.35755E+03, 0.11180E+00, 0.22802E-01
 0.54000E+02, 0.47000E+02, 0.39089E+03, 0.10087E+00, 0.26609E-01
 0.55000E+02, 0.47000E+02, 0.19627E+03, 0.26447E+00, 0.71740E-02
 0.56000E+02, 0.47000E+02, 0.20643E+03, 0.25247E+00, 0.76776E-02
 0.57000E+02, 0.47000E+02, 0.20670E+03, 0.26608E+00, 0.72889E-02
 0.58000E+02, 0.47000E+02, 0.20697E+03, 0.30693E+00, 0.63225E-02
 0.59000E+02, 0.47000E+02, 0.20751E+03, 0.33246E+00, 0.58435E-02
 0.60000E+02, 0.47000E+02, 0.20913E+03, 0.34740E+00, 0.56111E-02
 0.61000E+02, 0.47000E+02, 0.20909E+03, 0.44549E+00, 0.43753E-02
 0.62000E+02, 0.47000E+02, 0.20900E+03, 0.42609E+00, 0.45737E-02
 0.63000E+02, 0.47000E+02, 0.20933E+03, 0.35696E+00, 0.54630E-02
 0.64000E+02, 0.47000E+02, 0.27815E+03, 0.44121E+00, 0.50503E-02
 0.65000E+02, 0.47000E+02, 0.29852E+03, 0.42961E+00, 0.53784E-02
 0.00000E+00, 0.48000E+02, 0.20913E+03, 0.12934E+00, 0.15072E-01
 0.10000E+01, 0.48000E+02, 0.23532E+03, 0.12735E+00, 0.16138E-01
 0.20000E+01, 0.48000E+02, 0.23387E+03, 0.12830E+00, 0.15973E-01
 0.30000E+01, 0.48000E+02, 0.23199E+03, 0.12785E+00, 0.15969E-01
 0.40000E+01, 0.48000E+02, 0.22830E+03, 0.12574E+00, 0.16118E-01
 0.50000E+01, 0.48000E+02, 0.22711E+03, 0.12414E+00, 0.16288E-01
 0.60000E+01, 0.48000E+02, 0.23692E+03, 0.13702E+00, 0.15046E-01
 0.70000E+01, 0.48000E+02, 0.26096E+03, 0.16652E+00, 0.12964E-01
 0.80000E+01, 0.48000E+02, 0.26983E+03, 0.20594E+00, 0.10657E-01
 0.90000E+01, 0.48000E+02, 0.29624E+03, 0.37137E+00, 0.61970E-02
 0.10000E+02, 0.48000E+02, 0.30810E+03, 0.37620E+00, 0.62449E-02
 0.11000E+02, 0.48000E+02, 0.27257E+03, 0.29143E+00, 0.75685E-02
 0.12000E+02, 0.48000E+02, 0.26331E+03, 0.27134E+00, 0.79912E-02
 0.13000E+02, 0.48000E+02, 0.25342E+03, 0.25834E+00, 0.82384E-02
 0.14000E+02, 0.48000E+02, 0.25282E+03, 0.25765E+00, 0.82511E-02
 0.15000E+02, 0.48000E+02, 0.25194E+03, 0.26127E+00, 0.81232E-02
 0.16000E+02, 0.48000E+02, 0.25396E+03, 0.25619E+00, 0.83160E-02
 0.17000E+02, 0.48000E+02, 0.25214E+03, 0.23081E+00, 0.91985E-02
 0.18000E+02, 0.48000E+02, 0.20212E+03, 0.19655E+00, 0.97733E-02
 0.19000E+02, 0.48000E+02, 0.20763E+03, 0.21340E+00, 0.91059E-02
 0.20000E+02, 0.48000E+02, 0.21551E+03, 0.23393E+00, 0.84428E-02
 0.21000E+02, 0.48000E+02, 0.21954E+03, 0.24949E+00, 0.79819E-02
 0.22000E+02, 0.48000E+02, 0.31844E+03, 0.27864E+00, 0.85812E-02
 0.23000E+02, 0.48000E+02, 0.31547E+03, 0.27846E+00, 0.85438E-02
 0.24000E+02, 0.48000E+02, 0.31813E+03, 0.27334E+00, 0.87433E-02
 0.25000E+02, 0.48000E+02, 0.32518E+03, 0.25575E+00, 0.94561E-02
 0.26000E+02, 0.48000E+02, 0.32334E+03, 0.24510E+00, 0.98366E-02
 0.27000E+02, 0.48000E+02, 0.32630E+03, 0.24289E+00, 0.99753E-02
 0.28000E+02, 0.48000E+02, 0.34846E+03, 0.13403E+00, 0.18746E-01
 0.29000E+02, 0.48000E+02, 0.37915E+03, 0.13827E+00, 0.19068E-01
 0.30000E+02, 0.48000E+02, 0.40492E+03, 0.14032E+00, 0.19532E-01
 0.31000E+02, 0.48000E+02, 0.25782E+03, 0.11922E+00, 0.18000E-01
 0.32000E+02, 0.48000E+02, 0.22907E+03, 0.11872E+00, 0.17098E-01
 0.33000E+02, 0.48000E+02, 0.19977E+03, 0.12020E+00, 0.15903E-01
 0.34000E+02, 0.48000E+02, 0.22000E+02, 0.30000E+02, 0.00000E+00
 0.35000E+02, 0.48000E+02, 0.30694E+03, 0.21719E+00, 0.10795E-01
 0.36000E+02, 0.48000E+02, 0.27612E+03, 0.18073E+00, 0.12284E-01
 0.37000E+02, 0.48000E+02, 0.32204E+03, 0.18161E+00, 0.13246E-01
 0.38000E+02, 0.48000E+02, 0.34191E+03, 0.11699E+00, 0.21249E-01
 0.39000E+02, 0.48000E+02, 0.33527E+03, 0.90155E-01, 0.27277E-01
 0.40000E+02, 0.48000E+02, 0.33325E+03, 0.88110E-01, 0.27817E-01
 0.41000E+02, 0.48000E+02, 0.33358E+03, 0.90437E-01, 0.27116E-01
 0.42000E+02, 0.48000E+02, 0.34833E+03, 0.96084E-01, 0.26143E-01
 0.43000E+02, 0.48000E+02, 0.34131E+03, 0.11233E+00, 0.22109E-01
 0.44000E+02, 0.48000E+02, 0.72539E+03, 0.14737E+00, 0.27386E-01
 0.45000E+02, 0.48000E+02, 0.69209E+03, 0.14394E+00, 0.27103E-01
 0.46000E+02, 0.48000E+02, 0.62738E+03, 0.18030E+00, 0.20187E-01
 0.47000E+02, 0.48000E+02, 0.50381E+03, 0.14383E+00, 0.21834E-01
 0.48000E+02, 0.48000E+02, 0.52178E+03, 0.13397E+00, 0.23983E-01
 0.49000E+02, 0.48000E+02, 0.53229E+03, 0.11531E+00, 0.28232E-01
 0.50000E+02, 0.48000E+02, 0.36152E+03, 0.10758E+00, 0.23845E-01
 0.51000E+02, 0.48000E+02, 0.33441E+03, 0.10350E+00, 0.23726E-01
 0.52000E+02, 0.48000E+02, 0.32762E+03, 0.10623E+00, 0.22858E-01
 0.53000E+02, 0.48000E+02, 0.34665E+03, 0.10673E+00, 0.23472E-01
 0.54000E+02, 0.48000E+02, 0.38877E+03, 0.10202E+00, 0.26223E-01
 0.55000E+02, 0.48000E+02, 0.19120E+03, 0.25251E+00, 0.74327E-02
 0.56000E+02, 0.48000E+02, 0.20718E+03, 0.24083E+00, 0.80613E-02
 0.57000E+02, 0.48000E+02, 0.20454E+03, 0.26381E+00, 0.73187E-02
 0.58000E+02, 0.48000E+02, 0.20542E+03, 0.31157E+00, 0.62081E-02
 0.59000E+02, 0.48000E+02, 0.20595E+03, 0.45100E+00, 0.42937E-02
 0.60000E+02, 0.48000E+02, 0.20743E+03, 0.32877E+00, 0.59083E-02
 0.61000E+02, 0.48000E+02, 0.21141E+03, 0.34427E+00, 0.56890E-02
 0.62000E+02, 0.48000E+02, 0.20987E+03, 0.45606E+00, 0.42808E-02
 0.63000E+02, 0.48000E+02, 0.20722E+03, 0.40637E+00, 0.47778E-02
 0.64000E+02, 0.48000E+02, 0.27736E+03, 0.43492E+00, 0.51160E-02
 0.65000E+02, 0.48000E+02, 0.27836E+03, 0.42197E+00, 0.52826E-02
 0.00000E+00, 0.49000E+02, 0.21539E+03, 0.12679E+00, 0.15574E-01
 0.10000E+01, 0.49000E+02, 0.23569E+03, 0.12697E+00, 0.16197E-01
 0.20000E+01, 0.49000E+02, 0.23702E+03, 0.12903E+00, 0.15981E-01
 0.30000E+01, 0.49000E+02, 0.23525E+03, 0.12959E+00, 0.15856E-01
 0.40000E+01, 0.49000E+02, 0.23140E+03, 0.12597E+00, 0.16188E-01
 0.50000E+01, 0.49000E+02, 0.24347E+03, 0.14131E+00, 0.14777E-01
 0.60000E+01, 0.49000E+02, 0.23890E+03, 0.13478E+00, 0.15356E-01
 0.70000E+01, 0.49000E+02, 0.24703E+03, 0.13883E+00, 0.15144E-01
 0.80000E+01, 0.49000E+02, 0.26562E+03, 0.20458E+00, 0.10644E-01
 0.90000E+01, 0.49000E+02, 0.26654E+03, 0.21168E+00, 0.10305E-01
 0.10000E+02, 0.49000E+02, 0.27715E+03, 0.32587E+00, 0.68254E-02
 0.11000E+02, 0.49000E+02, 0.26302E+03, 0.25192E+00, 0.86025E-02
 0.12000E+02, 0.49000E+02, 0.25664E+03, 0.27980E+00, 0.76530E-02
 0.13000E+02, 0.49000E+02, 0.25354E+03, 0.25597E+00, 0.83166E-02
 0.14000E+02, 0.49000E+02, 0.24984E+03, 0.26090E+00, 0.81021E-02
 0.15000E+02, 0.49000E+02, 0.24635E+03, 0.27180E+00, 0.77252E-02
 0.16000E+02, 0.49000E+02, 0.24804E+03, 0.26905E+00, 0.78297E-02
 0.17000E+02, 0.49000E+02, 0.25348E+03, 0.24044E+00, 0.88527E-02
 0.18000E+02, 0.49000E+02, 0.20900E+03, 0.21688E+00, 0.89855E-02
 0.19000E+02, 0.49000E+02, 0.21695E+03, 0.23430E+00, 0.84547E-02
 0.20000E+02, 0.49000E+02, 0.22300E+03, 0.25236E+00, 0.79464E-02
 0.21000E+02, 0.49000E+02, 0.22282E+03, 0.25522E+00, 0.78545E-02
 0.22000E+02, 0.49000E+02, 0.32445E+03, 0.28840E+00, 0.83751E-02
 0.23000E+02, 0.49000E+02, 0.32095E+03, 0.28781E+00, 0.83431E-02
 0.24000E+02, 0.49000E+02, 0.31872E+03, 0.27972E+00, 0.85523E-02
 0.25000E+02, 0.49000E+02, 0.32702E+03, 0.26308E+00, 0.92207E-02
 0.26000E+02, 0.49000E+02, 0.32643E+03, 0.25059E+00, 0.96709E-02
 0.27000E+02, 0.49000E+02, 0.33156E+03, 0.24042E+00, 0.10166E-01
 0.28000E+02, 0.49000E+02, 0.35866E+03, 0.12754E+00, 0.20022E-01
 0.29000E+02, 0.49000E+02, 0.39737E+03, 0.12038E+00, 0.22513E-01
 0.30000E+02, 0.49000E+02, 0.37024E+03, 0.10905E+00, 0.23848E-01
 0.31000E+02, 0.49000E+02, 0.20734E+03, 0.11526E+00, 0.16849E-01
 0.32000E+02, 0.49000E+02, 0.21264E+03, 0.11617E+00, 0.16902E-01
 0.33000E+02, 0.49000E+02, 0.21019E+03, 0.11830E+00, 0.16514E-01
 0.34000E+02, 0.49000E+02, 0.22000E+02, 0.30000E+02, 0.00000E+00
 0.35000E+02, 0.49000E+02, 0.30616E+03, 0.21927E+00, 0.10679E-01
 0.36000E+02, 0.49000E+02, 0.26696E+03, 0.17372E+00, 0.12567E-01
 0.37000E+02, 0.49000E+02, 0.31726E+03, 0.18273E+00, 0.13059E-01
 0.38000E+02, 0.49000E+02, 0.33406E+03, 0.11706E+00, 0.20965E-01
 0.39000E+02, 0.49000E+02, 0.33407E+03, 0.89879E-01, 0.27307E-01
 0.40000E+02, 0.49000E+02, 0.33139E+03, 0.88379E-01, 0.27647E-01
 0.41000E+02, 0.49000E+02, 0.33001E+03, 0.92887E-01, 0.26245E-01
 0.42000E+02, 0.49000E+02, 0.34481E+03, 0.96833E-01, 0.25794E-01
 0.43000E+02, 0.49000E+02, 0.34756E+03, 0.10172E+00, 0.24663E-01
 0.44000E+02, 0.49000E+02, 0.70213E+03, 0.14167E+00, 0.27824E-01
 0.45000E+02, 0.49000E+02, 0.67343E+03, 0.16503E+00, 0.23184E-01
 0.46000E+02, 0.49000E+02, 0.51397E+03, 0.14808E+00, 0.21485E-01
 0.47000E+02, 0.49000E+02, 0.50488E+03, 0.13738E+00, 0.22889E-01
 0.48000E+02, 0.49000E+02, 0.45679E+03, 0.12511E+00, 0.23581E-01
 0.49000E+02, 0.49000E+02, 0.47708E+03, 0.11739E+00, 0.25831E-01
 0.50000E+02, 0.49000E+02, 0.36891E+03, 0.11027E+00, 0.23534E-01
 0.51000E+02, 0.49000E+02, 0.34739E+03, 0.10271E+00, 0.24420E-01
 0.52000E+02, 0.49000E+02, 0.33535E+03, 0.10172E+00, 0.24178E-01
 0.53000E+02, 0.49000E+02, 0.34811E+03, 0.10600E+00, 0.23689E-01
 0.54000E+02, 0.49000E+02, 0.37420E+03, 0.10323E+00, 0.25347E-01
 0.55000E+02, 0.49000E+02, 0.19366E+03, 0.24549E+00, 0.76857E-02
 0.56000E+02, 0.49000E+02, 0.20687E+03, 0.24364E+00, 0.79632E-02
 0.57000E+02, 0.49000E+02, 0.20333E+03, 0.33041E+00, 0.58287E-02
 0.58000E+02, 0.49000E+02, 0.20378E+03, 0.41937E+00, 0.45966E-02
 0.59000E+02, 0.49000E+02, 0.20836E+03, 0.40933E+00, 0.47545E-02
 0.60000E+02, 0.49000E+02, 0.20904E+03, 0.38320E+00, 0.50859E-02
 0.61000E+02, 0.49000E+02, 0.21124E+03, 0.33983E+00, 0.57611E-02
 0.62000E+02, 0.49000E+02, 0.21310E+03, 0.32789E+00, 0.59939E-02
 0.63000E+02, 0.49000E+02, 0.20708E+03, 0.33723E+00, 0.57557E-02
 0.64000E+02, 0.49000E+02, 0.27092E+03, 0.42792E+00, 0.51390E-02
 0.65000E+02, 0.49000E+02, 0.28546E+03, 0.42905E+00, 0.52623E-02
 0.00000E+00, 0.50000E+02, 0.21882E+03, 0.12306E+00, 0.16159E-01
 0.10000E+01, 0.50000E+02, 0.23507E+03, 0.12753E+00, 0.16107E-01
 0.20000E+01, 0.50000E+02, 0.24091E+03, 0.12973E+00, 0.16016E-01
 0.30000E+01, 0.50000E+02, 0.24064E+03, 0.12724E+00, 0.16321E-01
 0.40000E+01, 0.50000E+02, 0.24187E+03, 0.12842E+00, 0.16209E-01
 0.50000E+01, 0.50000E+02, 0.25139E+03, 0.15061E+00, 0.14077E-01
 0.60000E+01, 0.50000E+02, 0.26370E+03, 0.17745E+00, 0.12228E-01
 0.70000E+01, 0.50000E+02, 0.25526E+03, 0.15109E+00, 0.14135E-01
 0.80000E+01, 0.50000E+02, 0.25517E+03, 0.16108E+00, 0.13257E-01
 0.90000E+01, 0.50000E+02, 0.25863E+03, 0.16744E+00, 0.12837E-01
 0.10000E+02, 0.50000E+02, 0.25415E+03, 0.19357E+00, 0.11010E-01
 0.11000E+02, 0.50000E+02, 0.25823E+03, 0.25241E+00, 0.85088E-02
 0.12000E+02, 0.50000E+02, 0.26528E+03, 0.23455E+00, 0.92784E-02
 0.13000E+02, 0.50000E+02, 0.25829E+03, 0.21508E+00, 0.99870E-02
 0.14000E+02, 0.50000E+02, 0.25453E+03, 0.21826E+00, 0.97719E-02
 0.15000E+02, 0.50000E+02, 0.25360E+03, 0.21369E+00, 0.99632E-02
 0.16000E+02, 0.50000E+02, 0.24679E+03, 0.25799E+00, 0.81459E-02
 0.17000E+02, 0.50000E+02, 0.24992E+03, 0.24176E+00, 0.87447E-02
 0.18000E+02, 0.50000E+02, 0.22052E+03, 0.23795E+00, 0.83854E-02
 0.19000E+02, 0.50000E+02, 0.22467E+03, 0.24904E+00, 0.80793E-02
 0.20000E+02, 0.50000E+02, 0.22406E+03, 0.25282E+00, 0.79490E-02
 0.21000E+02, 0.50000E+02, 0.22732E+03, 0.25592E+00, 0.79041E-02
 0.22000E+02, 0.50000E+02, 0.33069E+03, 0.29385E+00, 0.83056E-02
 0.23000E+02, 0.50000E+02, 0.32934E+03, 0.29100E+00, 0.83682E-02
 0.24000E+02, 0.50000E+02, 0.32689E+03, 0.27834E+00, 0.87133E-02
 0.25000E+02, 0.50000E+02, 0.33295E+03, 0.26022E+00, 0.94140E-02
 0.26000E+02, 0.50000E+02, 0.32875E+03, 0.24890E+00, 0.97739E-02
 0.27000E+02, 0.50000E+02, 0.33802E+03, 0.23911E+00, 0.10331E-01
 0.28000E+02, 0.50000E+02, 0.35781E+03, 0.10902E+00, 0.23393E-01
 0.29000E+02, 0.50000E+02, 0.38655E+03, 0.10967E+00, 0.24313E-01
 0.30000E+02, 0.50000E+02, 0.35389E+03, 0.10503E+00, 0.24130E-01
 0.31000E+02, 0.50000E+02, 0.18975E+03, 0.11422E+00, 0.16381E-01
 0.32000E+02, 0.50000E+02, 0.20982E+03, 0.11320E+00, 0.17245E-01
 0.33000E+02, 0.50000E+02, 0.21974E+03, 0.11324E+00, 0.17592E-01
 0.34000E+02, 0.50000E+02, 0.22000E+02, 0.30000E+02, 0.00000E+00
 0.35000E+02, 0.50000E+02, 0.29588E+03, 0.21732E+00, 0.10583E-01
 0.36000E+02, 0.50000E+02, 0.26448E+03, 0.17222E+00, 0.12618E-01
 0.37000E+02, 0.50000E+02, 0.30972E+03, 0.14171E+00, 0.16625E-01
 0.38000E+02, 0.50000E+02, 0.33281E+03, 0.92606E-01, 0.26447E-01
 0.39000E+02, 0.50000E+02, 0.32989E+03, 0.89727E-01, 0.27164E-01
 0.40000E+02, 0.50000E+02, 0.33354E+03, 0.87871E-01, 0.27906E-01
 0.41000E+02, 0.50000E+02, 0.32925E+03, 0.93977E-01, 0.25908E-01
 0.42000E+02, 0.50000E+02, 0.33969E+03, 0.10143E+00, 0.24420E-01
 0.43000E+02, 0.50000E+02, 0.34535E+03, 0.95635E-01, 0.26140E-01
 0.44000E+02, 0.50000E+02, 0.75350E+03, 0.13859E+00, 0.29942E-01
 0.45000E+02, 0.50000E+02, 0.57516E+03, 0.16881E+00, 0.20311E-01
 0.46000E+02, 0.50000E+02, 0.47845E+03, 0.14237E+00, 0.21338E-01
 0.47000E+02, 0.50000E+02, 0.43381E+03, 0.13230E+00, 0.21599E-01
 0.48000E+02, 0.50000E+02, 0.41610E+03, 0.12535E+00, 0.22224E-01
 0.49000E+02, 0.50000E+02, 0.40294E+03, 0.11824E+00, 0.23111E-01
 0.50000E+02, 0.50000E+02, 0.36971E+03, 0.10679E+00, 0.24330E-01
 0.51000E+02, 0.50000E+02, 0.36742E+03, 0.10642E+00, 0.24330E-01
 0.52000E+02, 0.50000E+02, 0.36770E+03, 0.10537E+00, 0.24582E-01
 0.53000E+02, 0.50000E+02, 0.36391E+03, 0.10487E+00, 0.24552E-01
 0.54000E+02, 0.50000E+02, 0.36355E+03, 0.10028E+00, 0.25661E-01
 0.55000E+02, 0.50000E+02, 0.19646E+03, 0.24861E+00, 0.76348E-02
 0.56000E+02, 0.50000E+02, 0.19996E+03, 0.25972E+00, 0.73626E-02
 0.57000E+02, 0.50000E+02, 0.20095E+03, 0.26328E+00, 0.72784E-02
 0.58000E+02, 0.50000E+02, 0.20285E+03, 0.33454E+00, 0.57509E-02
 0.59000E+02, 0.50000E+02, 0.20729E+03, 0.44348E+00, 0.43787E-02
 0.60000E+02, 0.50000E+02, 0.21329E+03, 0.36559E+00, 0.53779E-02
 0.61000E+02, 0.50000E+02, 0.21476E+03, 0.32241E+00, 0.61166E-02
 0.62000E+02, 0.50000E+02, 0.21601E+03, 0.32594E+00, 0.60658E-02
 0.63000E+02, 0.50000E+02, 0.20709E+03, 0.32541E+00, 0.59649E-02
 0.64000E+02, 0.50000E+02, 0.24043E+03, 0.36271E+00, 0.57230E-02
 0.65000E+02, 0.50000E+02, 0.25566E+03, 0.37564E+00, 0.56899E-02
 0.00000E+00, 0.51000E+02, 0.21741E+03, 0.12398E+00, 0.15992E-01
 0.10000E+01, 0.51000E+02, 0.23345E+03, 0.12925E+00, 0.15842E-01
 0.20000E+01, 0.51000E+02, 0.24340E+03, 0.13052E+00, 0.15995E-01
 0.30000E+01, 0.51000E+02, 0.24697E+03, 0.12913E+00, 0.16280E-01
 0.40000E+01, 0.51000E+02, 0.25419E+03, 0.13305E+00, 0.16019E-01
 0.50000E+01, 0.51000E+02, 0.26122E+03, 0.17260E+00, 0.12514E-01
 0.60000E+01, 0.51000E+02, 0.26757E+03, 0.19372E+00, 0.11282E-01
 0.70000E+01, 0.51000E+02, 0.26374E+03, 0.17400E+00, 0.12472E-01
 0.80000E+01, 0.51000E+02, 0.26447E+03, 0.18500E+00, 0.11746E-01
 0.90000E+01, 0.51000E+02, 0.25838E+03, 0.17480E+00, 0.12290E-01
 0.10000E+02, 0.51000E+02, 0.25124E+03, 0.16867E+00, 0.12566E-01
 0.11000E+02, 0.51000E+02, 0.26591E+03, 0.25900E+00, 0.84122E-02
 0.12000E+02, 0.51000E+02, 0.26798E+03, 0.25400E+00, 0.86108E-02
 0.13000E+02, 0.51000E+02, 0.26055E+03, 0.19713E+00, 0.10943E-01
 0.14000E+02, 0.51000E+02, 0.25757E+03, 0.19017E+00, 0.11279E-01
 0.15000E+02, 0.51000E+02, 0.25847E+03, 0.17955E+00, 0.11967E-01
 0.16000E+02, 0.51000E+02, 0.25756E+03, 0.18944E+00, 0.11323E-01
 0.17000E+02, 0.51000E+02, 0.25384E+03, 0.21475E+00, 0.99184E-02
 0.18000E+02, 0.51000E+02, 0.21505E+03, 0.22834E+00, 0.86416E-02
 0.19000E+02, 0.51000E+02, 0.22551E+03, 0.24562E+00, 0.82058E-02
 0.20000E+02, 0.51000E+02, 0.22464E+03, 0.25065E+00, 0.80270E-02
 0.21000E+02, 0.51000E+02, 0.23098E+03, 0.24781E+00, 0.82224E-02
 0.22000E+02, 0.51000E+02, 0.33144E+03, 0.29836E+00, 0.81903E-02
 0.23000E+02, 0.51000E+02, 0.33122E+03, 0.28680E+00, 0.85173E-02
 0.24000E+02, 0.51000E+02, 0.33429E+03, 0.27361E+00, 0.89733E-02
 0.25000E+02, 0.51000E+02, 0.33747E+03, 0.26803E+00, 0.92082E-02
 0.26000E+02, 0.51000E+02, 0.33051E+03, 0.25108E+00, 0.97174E-02
 0.27000E+02, 0.51000E+02, 0.33863E+03, 0.24007E+00, 0.10300E-01
 0.28000E+02, 0.51000E+02, 0.19952E+03, 0.10090E+00, 0.18934E-01
 0.29000E+02, 0.51000E+02, 0.23768E+03, 0.10353E+00, 0.19943E-01
 0.30000E+02, 0.51000E+02, 0.29847E+03, 0.10184E+00, 0.22687E-01
 0.31000E+02, 0.51000E+02, 0.24794E+03, 0.10350E+00, 0.20350E-01
 0.32000E+02, 0.51000E+02, 0.20464E+03, 0.10123E+00, 0.19077E-01
 0.33000E+02, 0.51000E+02, 0.18571E+03, 0.10017E+00, 0.18515E-01
 0.34000E+02, 0.51000E+02, 0.22000E+02, 0.30000E+02, 0.00000E+00
 0.35000E+02, 0.51000E+02, 0.26860E+03, 0.18144E+00, 0.12068E-01
 0.36000E+02, 0.51000E+02, 0.25491E+03, 0.16298E+00, 0.13096E-01
 0.37000E+02, 0.51000E+02, 0.31632E+03, 0.96538E-01, 0.24680E-01
 0.38000E+02, 0.51000E+02, 0.32880E+03, 0.92676E-01, 0.26252E-01
 0.39000E+02, 0.51000E+02, 0.33166E+03, 0.91253E-01, 0.26789E-01
 0.40000E+02, 0.51000E+02, 0.32988E+03, 0.90223E-01, 0.27015E-01
 0.41000E+02, 0.51000E+02, 0.32988E+03, 0.87463E-01, 0.27867E-01
 0.42000E+02, 0.51000E+02, 0.32916E+03, 0.91880E-01, 0.26496E-01
 0.43000E+02, 0.51000E+02, 0.33370E+03, 0.90588E-01, 0.27076E-01
 0.44000E+02, 0.51000E+02, 0.66825E+03, 0.13628E+00, 0.27920E-01
 0.45000E+02, 0.51000E+02, 0.57963E+03, 0.17309E+00, 0.19913E-01
 0.46000E+02, 0.51000E+02, 0.46256E+03, 0.14412E+00, 0.20632E-01
 0.47000E+02, 0.51000E+02, 0.43983E+03, 0.13426E+00, 0.21464E-01
 0.48000E+02, 0.51000E+02, 0.44261E+03, 0.13129E+00, 0.22035E-01
 0.49000E+02, 0.51000E+02, 0.39453E+03, 0.11444E+00, 0.23582E-01
 0.50000E+02, 0.51000E+02, 0.37747E+03, 0.10887E+00, 0.24155E-01
 0.51000E+02, 0.51000E+02, 0.37979E+03, 0.10579E+00, 0.24946E-01
 0.52000E+02, 0.51000E+02, 0.38111E+03, 0.10424E+00, 0.25369E-01
 0.53000E+02, 0.51000E+02, 0.38383E+03, 0.10301E+00, 0.25777E-01
 0.54000E+02, 0.51000E+02, 0.36631E+03, 0.10177E+00, 0.25397E-01
 0.55000E+02, 0.51000E+02, 0.19425E+03, 0.24970E+00, 0.75657E-02
 0.56000E+02, 0.51000E+02, 0.19676E+03, 0.26919E+00, 0.70558E-02
 0.57000E+02, 0.51000E+02, 0.19981E+03, 0.30532E+00, 0.62611E-02
 0.58000E+02, 0.51000E+02, 0.20933E+03, 0.36505E+00, 0.53421E-02
 0.59000E+02, 0.51000E+02, 0.21564E+03, 0.34820E+00, 0.56737E-02
 0.60000E+02, 0.51000E+02, 0.21641E+03, 0.31803E+00, 0.62219E-02
 0.61000E+02, 0.51000E+02, 0.21895E+03, 0.32107E+00, 0.61949E-02
 0.62000E+02, 0.51000E+02, 0.21792E+03, 0.32506E+00, 0.61061E-02
 0.63000E+02, 0.51000E+02, 0.20646E+03, 0.31437E+00, 0.61663E-02
 0.64000E+02, 0.51000E+02, 0.23453E+03, 0.34477E+00, 0.59517E-02
 0.65000E+02, 0.51000E+02, 0.21595E+03, 0.30166E+00, 0.65533E-02
 0.00000E+00, 0.52000E+02, 0.21263E+03, 0.12487E+00, 0.15724E-01
 0.10000E+01, 0.52000E+02, 0.23831E+03, 0.13002E+00, 0.15899E-01
 0.20000E+01, 0.52000E+02, 0.24592E+03, 0.13348E+00, 0.15717E-01
 0.30000E+01, 0.52000E+02, 0.25123E+03, 0.13355E+00, 0.15870E-01
 0.40000E+01, 0.52000E+02, 0.25696E+03, 0.13844E+00, 0.15477E-01
 0.50000E+01, 0.52000E+02, 0.26688E+03, 0.19600E+00, 0.11136E-01
 0.60000E+01, 0.52000E+02, 0.26810E+03, 0.19567E+00, 0.11180E-01
 0.70000E+01, 0.52000E+02, 0.26360E+03, 0.16826E+00, 0.12893E-01
 0.80000E+01, 0.52000E+02, 0.26577E+03, 0.20764E+00, 0.10490E-01
 0.90000E+01, 0.52000E+02, 0.25704E+03, 0.16897E+00, 0.12682E-01
 0.10000E+02, 0.52000E+02, 0.26117E+03, 0.18874E+00, 0.11443E-01
 0.11000E+02, 0.52000E+02, 0.26887E+03, 0.23024E+00, 0.95151E-02
 0.12000E+02, 0.52000E+02, 0.26838E+03, 0.22909E+00, 0.95539E-02
 0.13000E+02, 0.52000E+02, 0.26282E+03, 0.18150E+00, 0.11936E-01
 0.14000E+02, 0.52000E+02, 0.26063E+03, 0.18111E+00, 0.11912E-01
 0.15000E+02, 0.52000E+02, 0.25975E+03, 0.17005E+00, 0.12667E-01
 0.16000E+02, 0.52000E+02, 0.25745E+03, 0.17172E+00, 0.12489E-01
 0.17000E+02, 0.52000E+02, 0.25797E+03, 0.17999E+00, 0.11927E-01
 0.18000E+02, 0.52000E+02, 0.22461E+03, 0.21142E+00, 0.95158E-02
 0.19000E+02, 0.52000E+02, 0.22588E+03, 0.23259E+00, 0.86719E-02
 0.20000E+02, 0.52000E+02, 0.22895E+03, 0.24218E+00, 0.83799E-02
 0.21000E+02, 0.52000E+02, 0.23191E+03, 0.23690E+00, 0.86169E-02
 0.22000E+02, 0.52000E+02, 0.32306E+03, 0.28801E+00, 0.83669E-02
 0.23000E+02, 0.52000E+02, 0.33665E+03, 0.28560E+00, 0.86300E-02
 0.24000E+02, 0.52000E+02, 0.33855E+03, 0.27645E+00, 0.89435E-02
 0.25000E+02, 0.52000E+02, 0.33399E+03, 0.25736E+00, 0.95350E-02
 0.26000E+02, 0.52000E+02, 0.33384E+03, 0.24914E+00, 0.98473E-02
 0.27000E+02, 0.52000E+02, 0.33202E+03, 0.23845E+00, 0.10258E-01
 0.28000E+02, 0.52000E+02, 0.20223E+03, 0.97047E-01, 0.19799E-01
 0.29000E+02, 0.52000E+02, 0.23667E+03, 0.10074E+00, 0.20454E-01
 0.30000E+02, 0.52000E+02, 0.24433E+03, 0.10303E+00, 0.20301E-01
 0.31000E+02, 0.52000E+02, 0.23779E+03, 0.10583E+00, 0.19514E-01
 0.32000E+02, 0.52000E+02, 0.22413E+03, 0.10366E+00, 0.19390E-01
 0.33000E+02, 0.52000E+02, 0.20227E+03, 0.10324E+00, 0.18613E-01
 0.34000E+02, 0.52000E+02, 0.22000E+02, 0.30000E+02, 0.00000E+00
 0.35000E+02, 0.52000E+02, 0.16652E+03, 0.10172E+00, 0.17471E-01
 0.36000E+02, 0.52000E+02, 0.18327E+03, 0.10974E+00, 0.16810E-01
 0.37000E+02, 0.52000E+02, 0.30815E+03, 0.93862E-01, 0.25031E-01
 0.38000E+02, 0.52000E+02, 0.32445E+03, 0.91791E-01, 0.26314E-01
 0.39000E+02, 0.52000E+02, 0.32877E+03, 0.88548E-01, 0.27475E-01
 0.40000E+02, 0.52000E+02, 0.32710E+03, 0.86880E-01, 0.27925E-01
 0.41000E+02, 0.52000E+02, 0.33075E+03, 0.85879E-01, 0.28422E-01
 0.42000E+02, 0.52000E+02, 0.32178E+03, 0.84720E-01, 0.28383E-01
 0.43000E+02, 0.52000E+02, 0.31407E+03, 0.85413E-01, 0.27788E-01
 0.44000E+02, 0.52000E+02, 0.55266E+03, 0.13838E+00, 0.24120E-01
 0.45000E+02, 0.52000E+02, 0.52041E+03, 0.16480E+00, 0.19463E-01
 0.46000E+02, 0.52000E+02, 0.48944E+03, 0.13476E+00, 0.22873E-01
 0.47000E+02, 0.52000E+02, 0.49897E+03, 0.12247E+00, 0.25482E-01
 0.48000E+02, 0.52000E+02, 0.50247E+03, 0.12196E+00, 0.25704E-01
 0.49000E+02, 0.52000E+02, 0.45104E+03, 0.12477E+00, 0.23460E-01
 0.50000E+02, 0.52000E+02, 0.42388E+03, 0.11286E+00, 0.24963E-01
 0.51000E+02, 0.52000E+02, 0.40115E+03, 0.10930E+00, 0.24936E-01
 0.52000E+02, 0.52000E+02, 0.39449E+03, 0.10760E+00, 0.25080E-01
 0.53000E+02, 0.52000E+02, 0.38985E+03, 0.10078E+00, 0.26591E-01
 0.54000E+02, 0.52000E+02, 0.36935E+03, 0.95929E-01, 0.27071E-01
 0.55000E+02, 0.52000E+02, 0.18830E+03, 0.25277E+00, 0.73786E-02
 0.56000E+02, 0.52000E+02, 0.19955E+03, 0.30138E+00, 0.63393E-02
 0.57000E+02, 0.52000E+02, 0.20675E+03, 0.34248E+00, 0.56637E-02
 0.58000E+02, 0.52000E+02, 0.21315E+03, 0.33369E+00, 0.58904E-02
 0.59000E+02, 0.52000E+02, 0.21148E+03, 0.30292E+00, 0.64663E-02
 0.60000E+02, 0.52000E+02, 0.21059E+03, 0.30125E+00, 0.64904E-02
 0.61000E+02, 0.52000E+02, 0.21459E+03, 0.31542E+00, 0.62498E-02
 0.62000E+02, 0.52000E+02, 0.21174E+03, 0.32187E+00, 0.60890E-02
 0.63000E+02, 0.52000E+02, 0.20746E+03, 0.31379E+00, 0.61907E-02
 0.64000E+02, 0.52000E+02, 0.18176E+03, 0.24568E+00, 0.74839E-02
 0.65000E+02, 0.52000E+02, 0.21943E+03, 0.30868E+00, 0.64498E-02
