 X,Y, TEMPERATURE, SOOT VISIBILITY, CARBON MONOXIDE VOLUME FRACTION
 m,m, C, m, mol/mol
 0.00000E+00, 0.00000E+00, 0.15407E+02, 0.30000E+02, 0.00000E+00
 0.10000E+01, 0.00000E+00, 0.18132E+02, 0.30000E+02, 0.00000E+00
 0.20000E+01, 0.00000E+00, 0.18143E+02, 0.30000E+02, 0.00000E+00
 0.30000E+01, 0.00000E+00, 0.18090E+02, 0.30000E+02, 0.00000E+00
 0.40000E+01, 0.00000E+00, 0.18186E+02, 0.30000E+02, 0.00000E+00
 0.50000E+01, 0.00000E+00, 0.18003E+02, 0.30000E+02, 0.00000E+00
 0.60000E+01, 0.00000E+00, 0.18088E+02, 0.30000E+02, 0.00000E+00
 0.70000E+01, 0.00000E+00, 0.18350E+02, 0.30000E+02, 0.00000E+00
 0.80000E+01, 0.00000E+00, 0.22000E+02, 0.30000E+02, 0.00000E+00
 0.90000E+01, 0.00000E+00, 0.22074E+02, 0.30000E+02, 0.00000E+00
 0.10000E+02, 0.00000E+00, 0.22002E+02, 0.30000E+02, 0.00000E+00
 0.11000E+02, 0.00000E+00, 0.22525E+02, 0.30000E+02, 0.00000E+00
 0.12000E+02, 0.00000E+00, 0.22000E+02, 0.30000E+02, 0.00000E+00
 0.13000E+02, 0.00000E+00, 0.22000E+02, 0.30000E+02, 0.00000E+00
 0.14000E+02, 0.00000E+00, 0.21961E+02, 0.30000E+02, 0.00000E+00
 0.15000E+02, 0.00000E+00, 0.22151E+02, 0.30000E+02, 0.00000E+00
 0.16000E+02, 0.00000E+00, 0.22057E+02, 0.30000E+02, 0.00000E+00
 0.17000E+02, 0.00000E+00, 0.20395E+02, 0.30000E+02, 0.00000E+00
 0.18000E+02, 0.00000E+00, 0.20790E+02, 0.30000E+02, 0.00000E+00
 0.19000E+02, 0.00000E+00, 0.20130E+02, 0.30000E+02, 0.00000E+00
 0.20000E+02, 0.00000E+00, 0.20507E+02, 0.30000E+02, 0.00000E+00
 0.21000E+02, 0.00000E+00, 0.20940E+02, 0.30000E+02, 0.00000E+00
 0.22000E+02, 0.00000E+00, 0.20718E+02, 0.30000E+02, 0.00000E+00
 0.23000E+02, 0.00000E+00, 0.19029E+02, 0.30000E+02, 0.00000E+00
 0.24000E+02, 0.00000E+00, 0.18974E+02, 0.30000E+02, 0.00000E+00
 0.25000E+02, 0.00000E+00, 0.18953E+02, 0.30000E+02, 0.00000E+00
 0.26000E+02, 0.00000E+00, 0.19001E+02, 0.30000E+02, 0.00000E+00
 0.27000E+02, 0.00000E+00, 0.18899E+02, 0.30000E+02, 0.00000E+00
 0.28000E+02, 0.00000E+00, 0.18939E+02, 0.30000E+02, 0.00000E+00
 0.29000E+02, 0.00000E+00, 0.19013E+02, 0.30000E+02, 0.00000E+00
 0.30000E+02, 0.00000E+00, 0.18988E+02, 0.30000E+02, 0.00000E+00
 0.31000E+02, 0.00000E+00, 0.18875E+02, 0.30000E+02, 0.00000E+00
 0.32000E+02, 0.00000E+00, 0.18942E+02, 0.30000E+02, 0.00000E+00
 0.33000E+02, 0.00000E+00, 0.18683E+02, 0.30000E+02, 0.00000E+00
 0.34000E+02, 0.00000E+00, 0.19324E+02, 0.30000E+02, 0.00000E+00
 0.35000E+02, 0.00000E+00, 0.19275E+02, 0.30000E+02, 0.00000E+00
 0.36000E+02, 0.00000E+00, 0.19351E+02, 0.30000E+02, 0.00000E+00
 0.37000E+02, 0.00000E+00, 0.19315E+02, 0.30000E+02, 0.00000E+00
 0.38000E+02, 0.00000E+00, 0.19306E+02, 0.30000E+02, 0.00000E+00
 0.39000E+02, 0.00000E+00, 0.19505E+02, 0.30000E+02, 0.00000E+00
 0.40000E+02, 0.00000E+00, 0.19195E+02, 0.30000E+02, 0.00000E+00
 0.41000E+02, 0.00000E+00, 0.19064E+02, 0.30000E+02, 0.00000E+00
 0.42000E+02, 0.00000E+00, 0.18907E+02, 0.30000E+02, 0.00000E+00
 0.43000E+02, 0.00000E+00, 0.19115E+02, 0.30000E+02, 0.00000E+00
 0.44000E+02, 0.00000E+00, 0.19066E+02, 0.30000E+02, 0.00000E+00
 0.45000E+02, 0.00000E+00, 0.19114E+02, 0.30000E+02, 0.00000E+00
 0.46000E+02, 0.00000E+00, 0.19138E+02, 0.30000E+02, 0.00000E+00
 0.47000E+02, 0.00000E+00, 0.19050E+02, 0.30000E+02, 0.00000E+00
 0.48000E+02, 0.00000E+00, 0.19056E+02, 0.30000E+02, 0.00000E+00
 0.49000E+02, 0.00000E+00, 0.19070E+02, 0.30000E+02, 0.00000E+00
 0.50000E+02, 0.00000E+00, 0.19090E+02, 0.30000E+02, 0.00000E+00
 0.51000E+02, 0.00000E+00, 0.18143E+02, 0.30000E+02, 0.00000E+00
 0.52000E+02, 0.00000E+00, 0.20081E+02, 0.30000E+02, 0.00000E+00
 0.53000E+02, 0.00000E+00, 0.20064E+02, 0.30000E+02, 0.00000E+00
 0.54000E+02, 0.00000E+00, 0.20139E+02, 0.30000E+02, 0.00000E+00
 0.55000E+02, 0.00000E+00, 0.20168E+02, 0.30000E+02, 0.00000E+00
 0.56000E+02, 0.00000E+00, 0.20116E+02, 0.30000E+02, 0.00000E+00
 0.57000E+02, 0.00000E+00, 0.19950E+02, 0.30000E+02, 0.00000E+00
 0.58000E+02, 0.00000E+00, 0.20202E+02, 0.30000E+02, 0.00000E+00
 0.59000E+02, 0.00000E+00, 0.20254E+02, 0.30000E+02, 0.00000E+00
 0.60000E+02, 0.00000E+00, 0.20126E+02, 0.30000E+02, 0.00000E+00
 0.61000E+02, 0.00000E+00, 0.20086E+02, 0.30000E+02, 0.00000E+00
 0.62000E+02, 0.00000E+00, 0.20137E+02, 0.30000E+02, 0.00000E+00
 0.63000E+02, 0.00000E+00, 0.22000E+02, 0.30000E+02, 0.00000E+00
 0.64000E+02, 0.00000E+00, 0.21975E+02, 0.30000E+02, 0.00000E+00
 0.65000E+02, 0.00000E+00, 0.21950E+02, 0.30000E+02, 0.00000E+00
 0.00000E+00, 0.10000E+01, 0.18254E+02, 0.30000E+02, 0.00000E+00
 0.10000E+01, 0.10000E+01, 0.20843E+02, 0.30000E+02, 0.00000E+00
 0.20000E+01, 0.10000E+01, 0.20760E+02, 0.30000E+02, 0.00000E+00
 0.30000E+01, 0.10000E+01, 0.20740E+02, 0.30000E+02, 0.00000E+00
 0.40000E+01, 0.10000E+01, 0.20765E+02, 0.30000E+02, 0.00000E+00
 0.50000E+01, 0.10000E+01, 0.20714E+02, 0.30000E+02, 0.00000E+00
 0.60000E+01, 0.10000E+01, 0.20827E+02, 0.30000E+02, 0.00000E+00
 0.70000E+01, 0.10000E+01, 0.20762E+02, 0.30000E+02, 0.00000E+00
 0.80000E+01, 0.10000E+01, 0.22000E+02, 0.30000E+02, 0.00000E+00
 0.90000E+01, 0.10000E+01, 0.22000E+02, 0.30000E+02, 0.00000E+00
 0.10000E+02, 0.10000E+01, 0.21985E+02, 0.30000E+02, 0.00000E+00
 0.11000E+02, 0.10000E+01, 0.22581E+02, 0.30000E+02, 0.00000E+00
 0.12000E+02, 0.10000E+01, 0.22000E+02, 0.30000E+02, 0.00000E+00
 0.13000E+02, 0.10000E+01, 0.22000E+02, 0.30000E+02, 0.00000E+00
 0.14000E+02, 0.10000E+01, 0.22133E+02, 0.30000E+02, 0.00000E+00
 0.15000E+02, 0.10000E+01, 0.22154E+02, 0.30000E+02, 0.00000E+00
 0.16000E+02, 0.10000E+01, 0.22152E+02, 0.30000E+02, 0.00000E+00
 0.17000E+02, 0.10000E+01, 0.20069E+02, 0.30000E+02, 0.00000E+00
 0.18000E+02, 0.10000E+01, 0.20778E+02, 0.30000E+02, 0.00000E+00
 0.19000E+02, 0.10000E+01, 0.19905E+02, 0.30000E+02, 0.00000E+00
 0.20000E+02, 0.10000E+01, 0.20355E+02, 0.30000E+02, 0.00000E+00
 0.21000E+02, 0.10000E+01, 0.21076E+02, 0.30000E+02, 0.00000E+00
 0.22000E+02, 0.10000E+01, 0.20597E+02, 0.30000E+02, 0.00000E+00
 0.23000E+02, 0.10000E+01, 0.22024E+02, 0.30000E+02, 0.00000E+00
 0.24000E+02, 0.10000E+01, 0.21999E+02, 0.30000E+02, 0.00000E+00
 0.25000E+02, 0.10000E+01, 0.21999E+02, 0.30000E+02, 0.00000E+00
 0.26000E+02, 0.10000E+01, 0.21999E+02, 0.30000E+02, 0.00000E+00
 0.27000E+02, 0.10000E+01, 0.21999E+02, 0.30000E+02, 0.00000E+00
 0.28000E+02, 0.10000E+01, 0.21999E+02, 0.30000E+02, 0.00000E+00
 0.29000E+02, 0.10000E+01, 0.21999E+02, 0.30000E+02, 0.00000E+00
 0.30000E+02, 0.10000E+01, 0.21999E+02, 0.30000E+02, 0.00000E+00
 0.31000E+02, 0.10000E+01, 0.21999E+02, 0.30000E+02, 0.00000E+00
 0.32000E+02, 0.10000E+01, 0.21999E+02, 0.30000E+02, 0.00000E+00
 0.33000E+02, 0.10000E+01, 0.21660E+02, 0.30000E+02, 0.00000E+00
 0.34000E+02, 0.10000E+01, 0.22000E+02, 0.30000E+02, 0.00000E+00
 0.35000E+02, 0.10000E+01, 0.21999E+02, 0.30000E+02, 0.00000E+00
 0.36000E+02, 0.10000E+01, 0.21999E+02, 0.30000E+02, 0.00000E+00
 0.37000E+02, 0.10000E+01, 0.21999E+02, 0.30000E+02, 0.00000E+00
 0.38000E+02, 0.10000E+01, 0.21999E+02, 0.30000E+02, 0.00000E+00
 0.39000E+02, 0.10000E+01, 0.22225E+02, 0.30000E+02, 0.00000E+00
 0.40000E+02, 0.10000E+01, 0.22006E+02, 0.30000E+02, 0.00000E+00
 0.41000E+02, 0.10000E+01, 0.21999E+02, 0.30000E+02, 0.00000E+00
 0.42000E+02, 0.10000E+01, 0.21999E+02, 0.30000E+02, 0.00000E+00
 0.43000E+02, 0.10000E+01, 0.21999E+02, 0.30000E+02, 0.00000E+00
 0.44000E+02, 0.10000E+01, 0.21999E+02, 0.30000E+02, 0.00000E+00
 0.45000E+02, 0.10000E+01, 0.21999E+02, 0.30000E+02, 0.00000E+00
 0.46000E+02, 0.10000E+01, 0.21999E+02, 0.30000E+02, 0.00000E+00
 0.47000E+02, 0.10000E+01, 0.21999E+02, 0.30000E+02, 0.00000E+00
 0.48000E+02, 0.10000E+01, 0.21999E+02, 0.30000E+02, 0.00000E+00
 0.49000E+02, 0.10000E+01, 0.21999E+02, 0.30000E+02, 0.00000E+00
 0.50000E+02, 0.10000E+01, 0.21999E+02, 0.30000E+02, 0.00000E+00
 0.51000E+02, 0.10000E+01, 0.21002E+02, 0.30000E+02, 0.00000E+00
 0.52000E+02, 0.10000E+01, 0.22000E+02, 0.30000E+02, 0.00000E+00
 0.53000E+02, 0.10000E+01, 0.21999E+02, 0.30000E+02, 0.00000E+00
 0.54000E+02, 0.10000E+01, 0.21999E+02, 0.30000E+02, 0.00000E+00
 0.55000E+02, 0.10000E+01, 0.21999E+02, 0.30000E+02, 0.00000E+00
 0.56000E+02, 0.10000E+01, 0.21999E+02, 0.30000E+02, 0.00000E+00
 0.57000E+02, 0.10000E+01, 0.21935E+02, 0.30000E+02, 0.00000E+00
 0.58000E+02, 0.10000E+01, 0.22002E+02, 0.30000E+02, 0.00000E+00
 0.59000E+02, 0.10000E+01, 0.21999E+02, 0.30000E+02, 0.00000E+00
 0.60000E+02, 0.10000E+01, 0.21999E+02, 0.30000E+02, 0.00000E+00
 0.61000E+02, 0.10000E+01, 0.21999E+02, 0.30000E+02, 0.00000E+00
 0.62000E+02, 0.10000E+01, 0.22000E+02, 0.30000E+02, 0.00000E+00
 0.63000E+02, 0.10000E+01, 0.22000E+02, 0.30000E+02, 0.00000E+00
 0.64000E+02, 0.10000E+01, 0.21997E+02, 0.30000E+02, 0.00000E+00
 0.65000E+02, 0.10000E+01, 0.21980E+02, 0.30000E+02, 0.00000E+00
 0.00000E+00, 0.20000E+01, 0.18087E+02, 0.30000E+02, 0.00000E+00
 0.10000E+01, 0.20000E+01, 0.20850E+02, 0.30000E+02, 0.00000E+00
 0.20000E+01, 0.20000E+01, 0.20717E+02, 0.30000E+02, 0.00000E+00
 0.30000E+01, 0.20000E+01, 0.20785E+02, 0.30000E+02, 0.00000E+00
 0.40000E+01, 0.20000E+01, 0.20784E+02, 0.30000E+02, 0.00000E+00
 0.50000E+01, 0.20000E+01, 0.20729E+02, 0.30000E+02, 0.00000E+00
 0.60000E+01, 0.20000E+01, 0.20719E+02, 0.30000E+02, 0.00000E+00
 0.70000E+01, 0.20000E+01, 0.20742E+02, 0.30000E+02, 0.00000E+00
 0.80000E+01, 0.20000E+01, 0.22000E+02, 0.30000E+02, 0.00000E+00
 0.90000E+01, 0.20000E+01, 0.22133E+02, 0.30000E+02, 0.00000E+00
 0.10000E+02, 0.20000E+01, 0.22161E+02, 0.30000E+02, 0.00000E+00
 0.11000E+02, 0.20000E+01, 0.22486E+02, 0.30000E+02, 0.00000E+00
 0.12000E+02, 0.20000E+01, 0.22000E+02, 0.30000E+02, 0.00000E+00
 0.13000E+02, 0.20000E+01, 0.22000E+02, 0.30000E+02, 0.00000E+00
 0.14000E+02, 0.20000E+01, 0.22107E+02, 0.30000E+02, 0.00000E+00
 0.15000E+02, 0.20000E+01, 0.22128E+02, 0.30000E+02, 0.00000E+00
 0.16000E+02, 0.20000E+01, 0.22147E+02, 0.30000E+02, 0.00000E+00
 0.17000E+02, 0.20000E+01, 0.20128E+02, 0.30000E+02, 0.00000E+00
 0.18000E+02, 0.20000E+01, 0.20770E+02, 0.30000E+02, 0.00000E+00
 0.19000E+02, 0.20000E+01, 0.20157E+02, 0.30000E+02, 0.00000E+00
 0.20000E+02, 0.20000E+01, 0.20603E+02, 0.30000E+02, 0.00000E+00
 0.21000E+02, 0.20000E+01, 0.20975E+02, 0.30000E+02, 0.00000E+00
 0.22000E+02, 0.20000E+01, 0.20786E+02, 0.30000E+02, 0.00000E+00
 0.23000E+02, 0.20000E+01, 0.22010E+02, 0.30000E+02, 0.00000E+00
 0.24000E+02, 0.20000E+01, 0.21999E+02, 0.30000E+02, 0.00000E+00
 0.25000E+02, 0.20000E+01, 0.21999E+02, 0.30000E+02, 0.00000E+00
 0.26000E+02, 0.20000E+01, 0.21999E+02, 0.30000E+02, 0.00000E+00
 0.27000E+02, 0.20000E+01, 0.21999E+02, 0.30000E+02, 0.00000E+00
 0.28000E+02, 0.20000E+01, 0.22000E+02, 0.30000E+02, 0.00000E+00
 0.29000E+02, 0.20000E+01, 0.21999E+02, 0.30000E+02, 0.00000E+00
 0.30000E+02, 0.20000E+01, 0.21999E+02, 0.30000E+02, 0.00000E+00
 0.31000E+02, 0.20000E+01, 0.21999E+02, 0.30000E+02, 0.00000E+00
 0.32000E+02, 0.20000E+01, 0.21999E+02, 0.30000E+02, 0.00000E+00
 0.33000E+02, 0.20000E+01, 0.21640E+02, 0.30000E+02, 0.00000E+00
 0.34000E+02, 0.20000E+01, 0.22006E+02, 0.30000E+02, 0.00000E+00
 0.35000E+02, 0.20000E+01, 0.22000E+02, 0.30000E+02, 0.00000E+00
 0.36000E+02, 0.20000E+01, 0.22000E+02, 0.30000E+02, 0.00000E+00
 0.37000E+02, 0.20000E+01, 0.21999E+02, 0.30000E+02, 0.00000E+00
 0.38000E+02, 0.20000E+01, 0.22000E+02, 0.30000E+02, 0.00000E+00
 0.39000E+02, 0.20000E+01, 0.22227E+02, 0.30000E+02, 0.00000E+00
 0.40000E+02, 0.20000E+01, 0.22007E+02, 0.30000E+02, 0.00000E+00
 0.41000E+02, 0.20000E+01, 0.22000E+02, 0.30000E+02, 0.00000E+00
 0.42000E+02, 0.20000E+01, 0.22000E+02, 0.30000E+02, 0.00000E+00
 0.43000E+02, 0.20000E+01, 0.22000E+02, 0.30000E+02, 0.00000E+00
 0.44000E+02, 0.20000E+01, 0.22000E+02, 0.30000E+02, 0.00000E+00
 0.45000E+02, 0.20000E+01, 0.21999E+02, 0.30000E+02, 0.00000E+00
 0.46000E+02, 0.20000E+01, 0.21999E+02, 0.30000E+02, 0.00000E+00
 0.47000E+02, 0.20000E+01, 0.22000E+02, 0.30000E+02, 0.00000E+00
 0.48000E+02, 0.20000E+01, 0.22000E+02, 0.30000E+02, 0.00000E+00
 0.49000E+02, 0.20000E+01, 0.22000E+02, 0.30000E+02, 0.00000E+00
 0.50000E+02, 0.20000E+01, 0.22000E+02, 0.30000E+02, 0.00000E+00
 0.51000E+02, 0.20000E+01, 0.21008E+02, 0.30000E+02, 0.00000E+00
 0.52000E+02, 0.20000E+01, 0.21999E+02, 0.30000E+02, 0.00000E+00
 0.53000E+02, 0.20000E+01, 0.21999E+02, 0.30000E+02, 0.00000E+00
 0.54000E+02, 0.20000E+01, 0.22000E+02, 0.30000E+02, 0.00000E+00
 0.55000E+02, 0.20000E+01, 0.21999E+02, 0.30000E+02, 0.00000E+00
 0.56000E+02, 0.20000E+01, 0.22000E+02, 0.30000E+02, 0.00000E+00
 0.57000E+02, 0.20000E+01, 0.21994E+02, 0.30000E+02, 0.00000E+00
 0.58000E+02, 0.20000E+01, 0.22000E+02, 0.30000E+02, 0.00000E+00
 0.59000E+02, 0.20000E+01, 0.22000E+02, 0.30000E+02, 0.00000E+00
 0.60000E+02, 0.20000E+01, 0.21999E+02, 0.30000E+02, 0.00000E+00
 0.61000E+02, 0.20000E+01, 0.22000E+02, 0.30000E+02, 0.00000E+00
 0.62000E+02, 0.20000E+01, 0.22000E+02, 0.30000E+02, 0.00000E+00
 0.63000E+02, 0.20000E+01, 0.22000E+02, 0.30000E+02, 0.00000E+00
 0.64000E+02, 0.20000E+01, 0.21952E+02, 0.30000E+02, 0.00000E+00
 0.65000E+02, 0.20000E+01, 0.22199E+02, 0.30000E+02, 0.00000E+00
 0.00000E+00, 0.30000E+01, 0.18075E+02, 0.30000E+02, 0.00000E+00
 0.10000E+01, 0.30000E+01, 0.20850E+02, 0.30000E+02, 0.00000E+00
 0.20000E+01, 0.30000E+01, 0.20725E+02, 0.30000E+02, 0.00000E+00
 0.30000E+01, 0.30000E+01, 0.20735E+02, 0.30000E+02, 0.00000E+00
 0.40000E+01, 0.30000E+01, 0.20809E+02, 0.30000E+02, 0.00000E+00
 0.50000E+01, 0.30000E+01, 0.20803E+02, 0.30000E+02, 0.00000E+00
 0.60000E+01, 0.30000E+01, 0.20771E+02, 0.30000E+02, 0.00000E+00
 0.70000E+01, 0.30000E+01, 0.20760E+02, 0.30000E+02, 0.00000E+00
 0.80000E+01, 0.30000E+01, 0.22000E+02, 0.30000E+02, 0.00000E+00
 0.90000E+01, 0.30000E+01, 0.22003E+02, 0.30000E+02, 0.00000E+00
 0.10000E+02, 0.30000E+01, 0.21997E+02, 0.30000E+02, 0.00000E+00
 0.11000E+02, 0.30000E+01, 0.22441E+02, 0.30000E+02, 0.00000E+00
 0.12000E+02, 0.30000E+01, 0.22000E+02, 0.30000E+02, 0.00000E+00
 0.13000E+02, 0.30000E+01, 0.21999E+02, 0.30000E+02, 0.00000E+00
 0.14000E+02, 0.30000E+01, 0.22029E+02, 0.30000E+02, 0.00000E+00
 0.15000E+02, 0.30000E+01, 0.22043E+02, 0.30000E+02, 0.00000E+00
 0.16000E+02, 0.30000E+01, 0.22089E+02, 0.30000E+02, 0.00000E+00
 0.17000E+02, 0.30000E+01, 0.20195E+02, 0.30000E+02, 0.00000E+00
 0.18000E+02, 0.30000E+01, 0.20845E+02, 0.30000E+02, 0.00000E+00
 0.19000E+02, 0.30000E+01, 0.20174E+02, 0.30000E+02, 0.00000E+00
 0.20000E+02, 0.30000E+01, 0.20422E+02, 0.30000E+02, 0.00000E+00
 0.21000E+02, 0.30000E+01, 0.21060E+02, 0.30000E+02, 0.00000E+00
 0.22000E+02, 0.30000E+01, 0.20984E+02, 0.30000E+02, 0.00000E+00
 0.23000E+02, 0.30000E+01, 0.22002E+02, 0.30000E+02, 0.00000E+00
 0.24000E+02, 0.30000E+01, 0.21999E+02, 0.30000E+02, 0.00000E+00
 0.25000E+02, 0.30000E+01, 0.22000E+02, 0.30000E+02, 0.00000E+00
 0.26000E+02, 0.30000E+01, 0.21999E+02, 0.30000E+02, 0.00000E+00
 0.27000E+02, 0.30000E+01, 0.22000E+02, 0.30000E+02, 0.00000E+00
 0.28000E+02, 0.30000E+01, 0.22000E+02, 0.30000E+02, 0.00000E+00
 0.29000E+02, 0.30000E+01, 0.22000E+02, 0.30000E+02, 0.00000E+00
 0.30000E+02, 0.30000E+01, 0.22000E+02, 0.30000E+02, 0.00000E+00
 0.31000E+02, 0.30000E+01, 0.21999E+02, 0.30000E+02, 0.00000E+00
 0.32000E+02, 0.30000E+01, 0.21999E+02, 0.30000E+02, 0.00000E+00
 0.33000E+02, 0.30000E+01, 0.21653E+02, 0.30000E+02, 0.00000E+00
 0.34000E+02, 0.30000E+01, 0.22004E+02, 0.30000E+02, 0.00000E+00
 0.35000E+02, 0.30000E+01, 0.21999E+02, 0.30000E+02, 0.00000E+00
 0.36000E+02, 0.30000E+01, 0.22000E+02, 0.30000E+02, 0.00000E+00
 0.37000E+02, 0.30000E+01, 0.22000E+02, 0.30000E+02, 0.00000E+00
 0.38000E+02, 0.30000E+01, 0.21999E+02, 0.30000E+02, 0.00000E+00
 0.39000E+02, 0.30000E+01, 0.22159E+02, 0.30000E+02, 0.00000E+00
 0.40000E+02, 0.30000E+01, 0.22003E+02, 0.30000E+02, 0.00000E+00
 0.41000E+02, 0.30000E+01, 0.21999E+02, 0.30000E+02, 0.00000E+00
 0.42000E+02, 0.30000E+01, 0.22000E+02, 0.30000E+02, 0.00000E+00
 0.43000E+02, 0.30000E+01, 0.22000E+02, 0.30000E+02, 0.00000E+00
 0.44000E+02, 0.30000E+01, 0.22000E+02, 0.30000E+02, 0.00000E+00
 0.45000E+02, 0.30000E+01, 0.21999E+02, 0.30000E+02, 0.00000E+00
 0.46000E+02, 0.30000E+01, 0.22000E+02, 0.30000E+02, 0.00000E+00
 0.47000E+02, 0.30000E+01, 0.22000E+02, 0.30000E+02, 0.00000E+00
 0.48000E+02, 0.30000E+01, 0.22000E+02, 0.30000E+02, 0.00000E+00
 0.49000E+02, 0.30000E+01, 0.22000E+02, 0.30000E+02, 0.00000E+00
 0.50000E+02, 0.30000E+01, 0.21999E+02, 0.30000E+02, 0.00000E+00
 0.51000E+02, 0.30000E+01, 0.21015E+02, 0.30000E+02, 0.00000E+00
 0.52000E+02, 0.30000E+01, 0.22001E+02, 0.30000E+02, 0.00000E+00
 0.53000E+02, 0.30000E+01, 0.22000E+02, 0.30000E+02, 0.00000E+00
 0.54000E+02, 0.30000E+01, 0.22000E+02, 0.30000E+02, 0.00000E+00
 0.55000E+02, 0.30000E+01, 0.22000E+02, 0.30000E+02, 0.00000E+00
 0.56000E+02, 0.30000E+01, 0.22000E+02, 0.30000E+02, 0.00000E+00
 0.57000E+02, 0.30000E+01, 0.22002E+02, 0.30000E+02, 0.00000E+00
 0.58000E+02, 0.30000E+01, 0.22000E+02, 0.30000E+02, 0.00000E+00
 0.59000E+02, 0.30000E+01, 0.22000E+02, 0.30000E+02, 0.00000E+00
 0.60000E+02, 0.30000E+01, 0.22000E+02, 0.30000E+02, 0.00000E+00
 0.61000E+02, 0.30000E+01, 0.22000E+02, 0.30000E+02, 0.00000E+00
 0.62000E+02, 0.30000E+01, 0.22000E+02, 0.30000E+02, 0.00000E+00
 0.63000E+02, 0.30000E+01, 0.22000E+02, 0.30000E+02, 0.00000E+00
 0.64000E+02, 0.30000E+01, 0.22001E+02, 0.30000E+02, 0.00000E+00
 0.65000E+02, 0.30000E+01, 0.22023E+02, 0.30000E+02, 0.00000E+00
 0.00000E+00, 0.40000E+01, 0.18090E+02, 0.30000E+02, 0.00000E+00
 0.10000E+01, 0.40000E+01, 0.20739E+02, 0.30000E+02, 0.00000E+00
 0.20000E+01, 0.40000E+01, 0.20720E+02, 0.30000E+02, 0.00000E+00
 0.30000E+01, 0.40000E+01, 0.20826E+02, 0.30000E+02, 0.00000E+00
 0.40000E+01, 0.40000E+01, 0.20767E+02, 0.30000E+02, 0.00000E+00
 0.50000E+01, 0.40000E+01, 0.20803E+02, 0.30000E+02, 0.00000E+00
 0.60000E+01, 0.40000E+01, 0.20782E+02, 0.30000E+02, 0.00000E+00
 0.70000E+01, 0.40000E+01, 0.20718E+02, 0.30000E+02, 0.00000E+00
 0.80000E+01, 0.40000E+01, 0.22000E+02, 0.30000E+02, 0.00000E+00
 0.90000E+01, 0.40000E+01, 0.22000E+02, 0.30000E+02, 0.00000E+00
 0.10000E+02, 0.40000E+01, 0.21994E+02, 0.30000E+02, 0.00000E+00
 0.11000E+02, 0.40000E+01, 0.22391E+02, 0.30000E+02, 0.00000E+00
 0.12000E+02, 0.40000E+01, 0.22000E+02, 0.30000E+02, 0.00000E+00
 0.13000E+02, 0.40000E+01, 0.22000E+02, 0.30000E+02, 0.00000E+00
 0.14000E+02, 0.40000E+01, 0.22085E+02, 0.30000E+02, 0.00000E+00
 0.15000E+02, 0.40000E+01, 0.22085E+02, 0.30000E+02, 0.00000E+00
 0.16000E+02, 0.40000E+01, 0.22095E+02, 0.30000E+02, 0.00000E+00
 0.17000E+02, 0.40000E+01, 0.20371E+02, 0.30000E+02, 0.00000E+00
 0.18000E+02, 0.40000E+01, 0.20924E+02, 0.30000E+02, 0.00000E+00
 0.19000E+02, 0.40000E+01, 0.20144E+02, 0.30000E+02, 0.00000E+00
 0.20000E+02, 0.40000E+01, 0.20622E+02, 0.30000E+02, 0.00000E+00
 0.21000E+02, 0.40000E+01, 0.21074E+02, 0.30000E+02, 0.00000E+00
 0.22000E+02, 0.40000E+01, 0.20872E+02, 0.30000E+02, 0.00000E+00
 0.23000E+02, 0.40000E+01, 0.22023E+02, 0.30000E+02, 0.00000E+00
 0.24000E+02, 0.40000E+01, 0.22000E+02, 0.30000E+02, 0.00000E+00
 0.25000E+02, 0.40000E+01, 0.22000E+02, 0.30000E+02, 0.00000E+00
 0.26000E+02, 0.40000E+01, 0.22000E+02, 0.30000E+02, 0.00000E+00
 0.27000E+02, 0.40000E+01, 0.21999E+02, 0.30000E+02, 0.00000E+00
 0.28000E+02, 0.40000E+01, 0.22000E+02, 0.30000E+02, 0.00000E+00
 0.29000E+02, 0.40000E+01, 0.21999E+02, 0.30000E+02, 0.00000E+00
 0.30000E+02, 0.40000E+01, 0.21999E+02, 0.30000E+02, 0.00000E+00
 0.31000E+02, 0.40000E+01, 0.22000E+02, 0.30000E+02, 0.00000E+00
 0.32000E+02, 0.40000E+01, 0.22000E+02, 0.30000E+02, 0.00000E+00
 0.33000E+02, 0.40000E+01, 0.21631E+02, 0.30000E+02, 0.00000E+00
 0.34000E+02, 0.40000E+01, 0.22001E+02, 0.30000E+02, 0.00000E+00
 0.35000E+02, 0.40000E+01, 0.22000E+02, 0.30000E+02, 0.00000E+00
 0.36000E+02, 0.40000E+01, 0.22000E+02, 0.30000E+02, 0.00000E+00
 0.37000E+02, 0.40000E+01, 0.22000E+02, 0.30000E+02, 0.00000E+00
 0.38000E+02, 0.40000E+01, 0.22000E+02, 0.30000E+02, 0.00000E+00
 0.39000E+02, 0.40000E+01, 0.22151E+02, 0.30000E+02, 0.00000E+00
 0.40000E+02, 0.40000E+01, 0.22002E+02, 0.30000E+02, 0.00000E+00
 0.41000E+02, 0.40000E+01, 0.22000E+02, 0.30000E+02, 0.00000E+00
 0.42000E+02, 0.40000E+01, 0.22000E+02, 0.30000E+02, 0.00000E+00
 0.43000E+02, 0.40000E+01, 0.22000E+02, 0.30000E+02, 0.00000E+00
 0.44000E+02, 0.40000E+01, 0.22000E+02, 0.30000E+02, 0.00000E+00
 0.45000E+02, 0.40000E+01, 0.22000E+02, 0.30000E+02, 0.00000E+00
 0.46000E+02, 0.40000E+01, 0.22000E+02, 0.30000E+02, 0.00000E+00
 0.47000E+02, 0.40000E+01, 0.21999E+02, 0.30000E+02, 0.00000E+00
 0.48000E+02, 0.40000E+01, 0.22000E+02, 0.30000E+02, 0.00000E+00
 0.49000E+02, 0.40000E+01, 0.22000E+02, 0.30000E+02, 0.00000E+00
 0.50000E+02, 0.40000E+01, 0.22000E+02, 0.30000E+02, 0.00000E+00
 0.51000E+02, 0.40000E+01, 0.21050E+02, 0.30000E+02, 0.00000E+00
 0.52000E+02, 0.40000E+01, 0.22000E+02, 0.30000E+02, 0.00000E+00
 0.53000E+02, 0.40000E+01, 0.22000E+02, 0.30000E+02, 0.00000E+00
 0.54000E+02, 0.40000E+01, 0.22000E+02, 0.30000E+02, 0.00000E+00
 0.55000E+02, 0.40000E+01, 0.22000E+02, 0.30000E+02, 0.00000E+00
 0.56000E+02, 0.40000E+01, 0.22000E+02, 0.30000E+02, 0.00000E+00
 0.57000E+02, 0.40000E+01, 0.21925E+02, 0.30000E+02, 0.00000E+00
 0.58000E+02, 0.40000E+01, 0.22006E+02, 0.30000E+02, 0.00000E+00
 0.59000E+02, 0.40000E+01, 0.22000E+02, 0.30000E+02, 0.00000E+00
 0.60000E+02, 0.40000E+01, 0.22000E+02, 0.30000E+02, 0.00000E+00
 0.61000E+02, 0.40000E+01, 0.22000E+02, 0.30000E+02, 0.00000E+00
 0.62000E+02, 0.40000E+01, 0.22000E+02, 0.30000E+02, 0.00000E+00
 0.63000E+02, 0.40000E+01, 0.22000E+02, 0.30000E+02, 0.00000E+00
 0.64000E+02, 0.40000E+01, 0.22004E+02, 0.30000E+02, 0.00000E+00
 0.65000E+02, 0.40000E+01, 0.22007E+02, 0.30000E+02, 0.00000E+00
 0.00000E+00, 0.50000E+01, 0.18067E+02, 0.30000E+02, 0.00000E+00
 0.10000E+01, 0.50000E+01, 0.20795E+02, 0.30000E+02, 0.00000E+00
 0.20000E+01, 0.50000E+01, 0.20765E+02, 0.30000E+02, 0.00000E+00
 0.30000E+01, 0.50000E+01, 0.20767E+02, 0.30000E+02, 0.00000E+00
 0.40000E+01, 0.50000E+01, 0.20700E+02, 0.30000E+02, 0.00000E+00
 0.50000E+01, 0.50000E+01, 0.20736E+02, 0.30000E+02, 0.00000E+00
 0.60000E+01, 0.50000E+01, 0.20667E+02, 0.30000E+02, 0.00000E+00
 0.70000E+01, 0.50000E+01, 0.20727E+02, 0.30000E+02, 0.00000E+00
 0.80000E+01, 0.50000E+01, 0.22000E+02, 0.30000E+02, 0.00000E+00
 0.90000E+01, 0.50000E+01, 0.22000E+02, 0.30000E+02, 0.00000E+00
 0.10000E+02, 0.50000E+01, 0.21999E+02, 0.30000E+02, 0.00000E+00
 0.11000E+02, 0.50000E+01, 0.22262E+02, 0.30000E+02, 0.00000E+00
 0.12000E+02, 0.50000E+01, 0.22000E+02, 0.30000E+02, 0.00000E+00
 0.13000E+02, 0.50000E+01, 0.22000E+02, 0.30000E+02, 0.00000E+00
 0.14000E+02, 0.50000E+01, 0.22065E+02, 0.30000E+02, 0.00000E+00
 0.15000E+02, 0.50000E+01, 0.22075E+02, 0.30000E+02, 0.00000E+00
 0.16000E+02, 0.50000E+01, 0.22051E+02, 0.30000E+02, 0.00000E+00
 0.17000E+02, 0.50000E+01, 0.20823E+02, 0.30000E+02, 0.00000E+00
 0.18000E+02, 0.50000E+01, 0.21000E+02, 0.30000E+02, 0.00000E+00
 0.19000E+02, 0.50000E+01, 0.20102E+02, 0.30000E+02, 0.00000E+00
 0.20000E+02, 0.50000E+01, 0.20575E+02, 0.30000E+02, 0.00000E+00
 0.21000E+02, 0.50000E+01, 0.21107E+02, 0.30000E+02, 0.00000E+00
 0.22000E+02, 0.50000E+01, 0.20873E+02, 0.30000E+02, 0.00000E+00
 0.23000E+02, 0.50000E+01, 0.22004E+02, 0.30000E+02, 0.00000E+00
 0.24000E+02, 0.50000E+01, 0.22000E+02, 0.30000E+02, 0.00000E+00
 0.25000E+02, 0.50000E+01, 0.22000E+02, 0.30000E+02, 0.00000E+00
 0.26000E+02, 0.50000E+01, 0.21999E+02, 0.30000E+02, 0.00000E+00
 0.27000E+02, 0.50000E+01, 0.22000E+02, 0.30000E+02, 0.00000E+00
 0.28000E+02, 0.50000E+01, 0.22000E+02, 0.30000E+02, 0.00000E+00
 0.29000E+02, 0.50000E+01, 0.22000E+02, 0.30000E+02, 0.00000E+00
 0.30000E+02, 0.50000E+01, 0.22000E+02, 0.30000E+02, 0.00000E+00
 0.31000E+02, 0.50000E+01, 0.22000E+02, 0.30000E+02, 0.00000E+00
 0.32000E+02, 0.50000E+01, 0.22000E+02, 0.30000E+02, 0.00000E+00
 0.33000E+02, 0.50000E+01, 0.21661E+02, 0.30000E+02, 0.00000E+00
 0.34000E+02, 0.50000E+01, 0.22001E+02, 0.30000E+02, 0.00000E+00
 0.35000E+02, 0.50000E+01, 0.22000E+02, 0.30000E+02, 0.00000E+00
 0.36000E+02, 0.50000E+01, 0.22000E+02, 0.30000E+02, 0.00000E+00
 0.37000E+02, 0.50000E+01, 0.22000E+02, 0.30000E+02, 0.00000E+00
 0.38000E+02, 0.50000E+01, 0.22000E+02, 0.30000E+02, 0.00000E+00
 0.39000E+02, 0.50000E+01, 0.22171E+02, 0.30000E+02, 0.00000E+00
 0.40000E+02, 0.50000E+01, 0.22005E+02, 0.30000E+02, 0.00000E+00
 0.41000E+02, 0.50000E+01, 0.22000E+02, 0.30000E+02, 0.00000E+00
 0.42000E+02, 0.50000E+01, 0.22000E+02, 0.30000E+02, 0.00000E+00
 0.43000E+02, 0.50000E+01, 0.22000E+02, 0.30000E+02, 0.00000E+00
 0.44000E+02, 0.50000E+01, 0.22000E+02, 0.30000E+02, 0.00000E+00
 0.45000E+02, 0.50000E+01, 0.22000E+02, 0.30000E+02, 0.00000E+00
 0.46000E+02, 0.50000E+01, 0.22000E+02, 0.30000E+02, 0.00000E+00
 0.47000E+02, 0.50000E+01, 0.22000E+02, 0.30000E+02, 0.00000E+00
 0.48000E+02, 0.50000E+01, 0.22000E+02, 0.30000E+02, 0.00000E+00
 0.49000E+02, 0.50000E+01, 0.22000E+02, 0.30000E+02, 0.00000E+00
 0.50000E+02, 0.50000E+01, 0.22000E+02, 0.30000E+02, 0.00000E+00
 0.51000E+02, 0.50000E+01, 0.21137E+02, 0.30000E+02, 0.00000E+00
 0.52000E+02, 0.50000E+01, 0.21995E+02, 0.30000E+02, 0.00000E+00
 0.53000E+02, 0.50000E+01, 0.22000E+02, 0.30000E+02, 0.00000E+00
 0.54000E+02, 0.50000E+01, 0.22000E+02, 0.30000E+02, 0.00000E+00
 0.55000E+02, 0.50000E+01, 0.22000E+02, 0.30000E+02, 0.00000E+00
 0.56000E+02, 0.50000E+01, 0.22000E+02, 0.30000E+02, 0.00000E+00
 0.57000E+02, 0.50000E+01, 0.22011E+02, 0.30000E+02, 0.00000E+00
 0.58000E+02, 0.50000E+01, 0.22000E+02, 0.30000E+02, 0.00000E+00
 0.59000E+02, 0.50000E+01, 0.22000E+02, 0.30000E+02, 0.00000E+00
 0.60000E+02, 0.50000E+01, 0.22000E+02, 0.30000E+02, 0.00000E+00
 0.61000E+02, 0.50000E+01, 0.22000E+02, 0.30000E+02, 0.00000E+00
 0.62000E+02, 0.50000E+01, 0.22000E+02, 0.30000E+02, 0.00000E+00
 0.63000E+02, 0.50000E+01, 0.22000E+02, 0.30000E+02, 0.00000E+00
 0.64000E+02, 0.50000E+01, 0.22010E+02, 0.30000E+02, 0.00000E+00
 0.65000E+02, 0.50000E+01, 0.22008E+02, 0.30000E+02, 0.00000E+00
 0.00000E+00, 0.60000E+01, 0.18242E+02, 0.30000E+02, 0.00000E+00
 0.10000E+01, 0.60000E+01, 0.20799E+02, 0.30000E+02, 0.00000E+00
 0.20000E+01, 0.60000E+01, 0.20825E+02, 0.30000E+02, 0.00000E+00
 0.30000E+01, 0.60000E+01, 0.20833E+02, 0.30000E+02, 0.00000E+00
 0.40000E+01, 0.60000E+01, 0.20688E+02, 0.30000E+02, 0.00000E+00
 0.50000E+01, 0.60000E+01, 0.20717E+02, 0.30000E+02, 0.00000E+00
 0.60000E+01, 0.60000E+01, 0.20723E+02, 0.30000E+02, 0.00000E+00
 0.70000E+01, 0.60000E+01, 0.20665E+02, 0.30000E+02, 0.00000E+00
 0.80000E+01, 0.60000E+01, 0.22000E+02, 0.30000E+02, 0.00000E+00
 0.90000E+01, 0.60000E+01, 0.22000E+02, 0.30000E+02, 0.00000E+00
 0.10000E+02, 0.60000E+01, 0.21999E+02, 0.30000E+02, 0.00000E+00
 0.11000E+02, 0.60000E+01, 0.22258E+02, 0.30000E+02, 0.00000E+00
 0.12000E+02, 0.60000E+01, 0.22000E+02, 0.30000E+02, 0.00000E+00
 0.13000E+02, 0.60000E+01, 0.22100E+02, 0.30000E+02, 0.00000E+00
 0.14000E+02, 0.60000E+01, 0.21227E+02, 0.30000E+02, 0.00000E+00
 0.15000E+02, 0.60000E+01, 0.21301E+02, 0.30000E+02, 0.00000E+00
 0.16000E+02, 0.60000E+01, 0.21482E+02, 0.30000E+02, 0.00000E+00
 0.17000E+02, 0.60000E+01, 0.22139E+02, 0.30000E+02, 0.00000E+00
 0.18000E+02, 0.60000E+01, 0.21570E+02, 0.30000E+02, 0.00000E+00
 0.19000E+02, 0.60000E+01, 0.23028E+02, 0.30000E+02, 0.00000E+00
 0.20000E+02, 0.60000E+01, 0.23276E+02, 0.30000E+02, 0.00000E+00
 0.21000E+02, 0.60000E+01, 0.22313E+02, 0.30000E+02, 0.00000E+00
 0.22000E+02, 0.60000E+01, 0.22164E+02, 0.30000E+02, 0.00000E+00
 0.23000E+02, 0.60000E+01, 0.22010E+02, 0.30000E+02, 0.00000E+00
 0.24000E+02, 0.60000E+01, 0.22000E+02, 0.30000E+02, 0.00000E+00
 0.25000E+02, 0.60000E+01, 0.21999E+02, 0.30000E+02, 0.00000E+00
 0.26000E+02, 0.60000E+01, 0.22000E+02, 0.30000E+02, 0.00000E+00
 0.27000E+02, 0.60000E+01, 0.22000E+02, 0.30000E+02, 0.00000E+00
 0.28000E+02, 0.60000E+01, 0.22000E+02, 0.30000E+02, 0.00000E+00
 0.29000E+02, 0.60000E+01, 0.22000E+02, 0.30000E+02, 0.00000E+00
 0.30000E+02, 0.60000E+01, 0.22000E+02, 0.30000E+02, 0.00000E+00
 0.31000E+02, 0.60000E+01, 0.22000E+02, 0.30000E+02, 0.00000E+00
 0.32000E+02, 0.60000E+01, 0.22000E+02, 0.30000E+02, 0.00000E+00
 0.33000E+02, 0.60000E+01, 0.21641E+02, 0.30000E+02, 0.00000E+00
 0.34000E+02, 0.60000E+01, 0.22008E+02, 0.30000E+02, 0.00000E+00
 0.35000E+02, 0.60000E+01, 0.22000E+02, 0.30000E+02, 0.00000E+00
 0.36000E+02, 0.60000E+01, 0.22000E+02, 0.30000E+02, 0.00000E+00
 0.37000E+02, 0.60000E+01, 0.22000E+02, 0.30000E+02, 0.00000E+00
 0.38000E+02, 0.60000E+01, 0.22000E+02, 0.30000E+02, 0.00000E+00
 0.39000E+02, 0.60000E+01, 0.22164E+02, 0.30000E+02, 0.00000E+00
 0.40000E+02, 0.60000E+01, 0.22013E+02, 0.30000E+02, 0.00000E+00
 0.41000E+02, 0.60000E+01, 0.22000E+02, 0.30000E+02, 0.00000E+00
 0.42000E+02, 0.60000E+01, 0.22000E+02, 0.30000E+02, 0.00000E+00
 0.43000E+02, 0.60000E+01, 0.22000E+02, 0.30000E+02, 0.00000E+00
 0.44000E+02, 0.60000E+01, 0.22000E+02, 0.30000E+02, 0.00000E+00
 0.45000E+02, 0.60000E+01, 0.22000E+02, 0.30000E+02, 0.00000E+00
 0.46000E+02, 0.60000E+01, 0.22000E+02, 0.30000E+02, 0.00000E+00
 0.47000E+02, 0.60000E+01, 0.22000E+02, 0.30000E+02, 0.00000E+00
 0.48000E+02, 0.60000E+01, 0.22000E+02, 0.30000E+02, 0.00000E+00
 0.49000E+02, 0.60000E+01, 0.22000E+02, 0.30000E+02, 0.00000E+00
 0.50000E+02, 0.60000E+01, 0.22000E+02, 0.30000E+02, 0.00000E+00
 0.51000E+02, 0.60000E+01, 0.21081E+02, 0.30000E+02, 0.00000E+00
 0.52000E+02, 0.60000E+01, 0.21996E+02, 0.30000E+02, 0.00000E+00
 0.53000E+02, 0.60000E+01, 0.22000E+02, 0.30000E+02, 0.00000E+00
 0.54000E+02, 0.60000E+01, 0.22000E+02, 0.30000E+02, 0.00000E+00
 0.55000E+02, 0.60000E+01, 0.22000E+02, 0.30000E+02, 0.00000E+00
 0.56000E+02, 0.60000E+01, 0.22000E+02, 0.30000E+02, 0.00000E+00
 0.57000E+02, 0.60000E+01, 0.22037E+02, 0.30000E+02, 0.00000E+00
 0.58000E+02, 0.60000E+01, 0.21999E+02, 0.30000E+02, 0.00000E+00
 0.59000E+02, 0.60000E+01, 0.22000E+02, 0.30000E+02, 0.00000E+00
 0.60000E+02, 0.60000E+01, 0.22000E+02, 0.30000E+02, 0.00000E+00
 0.61000E+02, 0.60000E+01, 0.22000E+02, 0.30000E+02, 0.00000E+00
 0.62000E+02, 0.60000E+01, 0.22000E+02, 0.30000E+02, 0.00000E+00
 0.63000E+02, 0.60000E+01, 0.22000E+02, 0.30000E+02, 0.00000E+00
 0.64000E+02, 0.60000E+01, 0.22017E+02, 0.30000E+02, 0.00000E+00
 0.65000E+02, 0.60000E+01, 0.22009E+02, 0.30000E+02, 0.00000E+00
 0.00000E+00, 0.70000E+01, 0.18239E+02, 0.30000E+02, 0.00000E+00
 0.10000E+01, 0.70000E+01, 0.20768E+02, 0.30000E+02, 0.00000E+00
 0.20000E+01, 0.70000E+01, 0.20819E+02, 0.30000E+02, 0.00000E+00
 0.30000E+01, 0.70000E+01, 0.20719E+02, 0.30000E+02, 0.00000E+00
 0.40000E+01, 0.70000E+01, 0.20729E+02, 0.30000E+02, 0.00000E+00
 0.50000E+01, 0.70000E+01, 0.20767E+02, 0.30000E+02, 0.00000E+00
 0.60000E+01, 0.70000E+01, 0.20786E+02, 0.30000E+02, 0.00000E+00
 0.70000E+01, 0.70000E+01, 0.20765E+02, 0.30000E+02, 0.00000E+00
 0.80000E+01, 0.70000E+01, 0.22000E+02, 0.30000E+02, 0.00000E+00
 0.90000E+01, 0.70000E+01, 0.22000E+02, 0.30000E+02, 0.00000E+00
 0.10000E+02, 0.70000E+01, 0.21998E+02, 0.30000E+02, 0.00000E+00
 0.11000E+02, 0.70000E+01, 0.22106E+02, 0.30000E+02, 0.00000E+00
 0.12000E+02, 0.70000E+01, 0.22000E+02, 0.30000E+02, 0.00000E+00
 0.13000E+02, 0.70000E+01, 0.22015E+02, 0.30000E+02, 0.00000E+00
 0.14000E+02, 0.70000E+01, 0.21483E+02, 0.30000E+02, 0.00000E+00
 0.15000E+02, 0.70000E+01, 0.21449E+02, 0.30000E+02, 0.00000E+00
 0.16000E+02, 0.70000E+01, 0.21497E+02, 0.30000E+02, 0.00000E+00
 0.17000E+02, 0.70000E+01, 0.21971E+02, 0.30000E+02, 0.00000E+00
 0.18000E+02, 0.70000E+01, 0.21410E+02, 0.30000E+02, 0.00000E+00
 0.19000E+02, 0.70000E+01, 0.22018E+02, 0.30000E+02, 0.00000E+00
 0.20000E+02, 0.70000E+01, 0.22553E+02, 0.30000E+02, 0.00000E+00
 0.21000E+02, 0.70000E+01, 0.21958E+02, 0.30000E+02, 0.00000E+00
 0.22000E+02, 0.70000E+01, 0.22059E+02, 0.30000E+02, 0.00000E+00
 0.23000E+02, 0.70000E+01, 0.22005E+02, 0.30000E+02, 0.00000E+00
 0.24000E+02, 0.70000E+01, 0.22006E+02, 0.30000E+02, 0.00000E+00
 0.25000E+02, 0.70000E+01, 0.22000E+02, 0.30000E+02, 0.00000E+00
 0.26000E+02, 0.70000E+01, 0.22001E+02, 0.30000E+02, 0.00000E+00
 0.27000E+02, 0.70000E+01, 0.22000E+02, 0.30000E+02, 0.00000E+00
 0.28000E+02, 0.70000E+01, 0.22002E+02, 0.30000E+02, 0.00000E+00
 0.29000E+02, 0.70000E+01, 0.22000E+02, 0.30000E+02, 0.00000E+00
 0.30000E+02, 0.70000E+01, 0.21999E+02, 0.30000E+02, 0.00000E+00
 0.31000E+02, 0.70000E+01, 0.22000E+02, 0.30000E+02, 0.00000E+00
 0.32000E+02, 0.70000E+01, 0.22000E+02, 0.30000E+02, 0.00000E+00
 0.33000E+02, 0.70000E+01, 0.21604E+02, 0.30000E+02, 0.00000E+00
 0.34000E+02, 0.70000E+01, 0.22011E+02, 0.30000E+02, 0.00000E+00
 0.35000E+02, 0.70000E+01, 0.22000E+02, 0.30000E+02, 0.00000E+00
 0.36000E+02, 0.70000E+01, 0.22000E+02, 0.30000E+02, 0.00000E+00
 0.37000E+02, 0.70000E+01, 0.22000E+02, 0.30000E+02, 0.00000E+00
 0.38000E+02, 0.70000E+01, 0.21999E+02, 0.30000E+02, 0.00000E+00
 0.39000E+02, 0.70000E+01, 0.22072E+02, 0.30000E+02, 0.00000E+00
 0.40000E+02, 0.70000E+01, 0.22037E+02, 0.30000E+02, 0.00000E+00
 0.41000E+02, 0.70000E+01, 0.22020E+02, 0.30000E+02, 0.00000E+00
 0.42000E+02, 0.70000E+01, 0.22003E+02, 0.30000E+02, 0.00000E+00
 0.43000E+02, 0.70000E+01, 0.22004E+02, 0.30000E+02, 0.00000E+00
 0.44000E+02, 0.70000E+01, 0.22001E+02, 0.30000E+02, 0.00000E+00
 0.45000E+02, 0.70000E+01, 0.22001E+02, 0.30000E+02, 0.00000E+00
 0.46000E+02, 0.70000E+01, 0.22002E+02, 0.30000E+02, 0.00000E+00
 0.47000E+02, 0.70000E+01, 0.22011E+02, 0.30000E+02, 0.00000E+00
 0.48000E+02, 0.70000E+01, 0.22004E+02, 0.30000E+02, 0.00000E+00
 0.49000E+02, 0.70000E+01, 0.22004E+02, 0.30000E+02, 0.00000E+00
 0.50000E+02, 0.70000E+01, 0.22001E+02, 0.30000E+02, 0.00000E+00
 0.51000E+02, 0.70000E+01, 0.21182E+02, 0.30000E+02, 0.00000E+00
 0.52000E+02, 0.70000E+01, 0.21994E+02, 0.30000E+02, 0.00000E+00
 0.53000E+02, 0.70000E+01, 0.22001E+02, 0.30000E+02, 0.00000E+00
 0.54000E+02, 0.70000E+01, 0.22001E+02, 0.30000E+02, 0.00000E+00
 0.55000E+02, 0.70000E+01, 0.22000E+02, 0.30000E+02, 0.00000E+00
 0.56000E+02, 0.70000E+01, 0.22001E+02, 0.30000E+02, 0.00000E+00
 0.57000E+02, 0.70000E+01, 0.22062E+02, 0.30000E+02, 0.00000E+00
 0.58000E+02, 0.70000E+01, 0.22002E+02, 0.30000E+02, 0.00000E+00
 0.59000E+02, 0.70000E+01, 0.22004E+02, 0.30000E+02, 0.00000E+00
 0.60000E+02, 0.70000E+01, 0.22005E+02, 0.30000E+02, 0.00000E+00
 0.61000E+02, 0.70000E+01, 0.22000E+02, 0.30000E+02, 0.00000E+00
 0.62000E+02, 0.70000E+01, 0.21998E+02, 0.30000E+02, 0.00000E+00
 0.63000E+02, 0.70000E+01, 0.22000E+02, 0.30000E+02, 0.00000E+00
 0.64000E+02, 0.70000E+01, 0.22017E+02, 0.30000E+02, 0.00000E+00
 0.65000E+02, 0.70000E+01, 0.22002E+02, 0.30000E+02, 0.00000E+00
 0.00000E+00, 0.80000E+01, 0.18126E+02, 0.30000E+02, 0.00000E+00
 0.10000E+01, 0.80000E+01, 0.20763E+02, 0.30000E+02, 0.00000E+00
 0.20000E+01, 0.80000E+01, 0.20724E+02, 0.30000E+02, 0.00000E+00
 0.30000E+01, 0.80000E+01, 0.20637E+02, 0.30000E+02, 0.00000E+00
 0.40000E+01, 0.80000E+01, 0.20690E+02, 0.30000E+02, 0.00000E+00
 0.50000E+01, 0.80000E+01, 0.20728E+02, 0.30000E+02, 0.00000E+00
 0.60000E+01, 0.80000E+01, 0.20682E+02, 0.30000E+02, 0.00000E+00
 0.70000E+01, 0.80000E+01, 0.20747E+02, 0.30000E+02, 0.00000E+00
 0.80000E+01, 0.80000E+01, 0.22000E+02, 0.30000E+02, 0.00000E+00
 0.90000E+01, 0.80000E+01, 0.21999E+02, 0.30000E+02, 0.00000E+00
 0.10000E+02, 0.80000E+01, 0.22000E+02, 0.30000E+02, 0.00000E+00
 0.11000E+02, 0.80000E+01, 0.22032E+02, 0.30000E+02, 0.00000E+00
 0.12000E+02, 0.80000E+01, 0.22032E+02, 0.30000E+02, 0.00000E+00
 0.13000E+02, 0.80000E+01, 0.22075E+02, 0.30000E+02, 0.00000E+00
 0.14000E+02, 0.80000E+01, 0.22108E+02, 0.30000E+02, 0.00000E+00
 0.15000E+02, 0.80000E+01, 0.22247E+02, 0.30000E+02, 0.00000E+00
 0.16000E+02, 0.80000E+01, 0.22226E+02, 0.30000E+02, 0.00000E+00
 0.17000E+02, 0.80000E+01, 0.22055E+02, 0.30000E+02, 0.00000E+00
 0.18000E+02, 0.80000E+01, 0.21955E+02, 0.30000E+02, 0.00000E+00
 0.19000E+02, 0.80000E+01, 0.21548E+02, 0.30000E+02, 0.00000E+00
 0.20000E+02, 0.80000E+01, 0.21525E+02, 0.30000E+02, 0.00000E+00
 0.21000E+02, 0.80000E+01, 0.21998E+02, 0.30000E+02, 0.00000E+00
 0.22000E+02, 0.80000E+01, 0.21999E+02, 0.30000E+02, 0.00000E+00
 0.23000E+02, 0.80000E+01, 0.22189E+02, 0.30000E+02, 0.00000E+00
 0.24000E+02, 0.80000E+01, 0.22207E+02, 0.30000E+02, 0.00000E+00
 0.25000E+02, 0.80000E+01, 0.22281E+02, 0.30000E+02, 0.00000E+00
 0.26000E+02, 0.80000E+01, 0.22320E+02, 0.30000E+02, 0.00000E+00
 0.27000E+02, 0.80000E+01, 0.22347E+02, 0.30000E+02, 0.00000E+00
 0.28000E+02, 0.80000E+01, 0.22344E+02, 0.30000E+02, 0.00000E+00
 0.29000E+02, 0.80000E+01, 0.21990E+02, 0.30000E+02, 0.00000E+00
 0.30000E+02, 0.80000E+01, 0.22402E+02, 0.30000E+02, 0.00000E+00
 0.31000E+02, 0.80000E+01, 0.22419E+02, 0.30000E+02, 0.00000E+00
 0.32000E+02, 0.80000E+01, 0.22405E+02, 0.30000E+02, 0.00000E+00
 0.33000E+02, 0.80000E+01, 0.22411E+02, 0.30000E+02, 0.00000E+00
 0.34000E+02, 0.80000E+01, 0.22062E+02, 0.30000E+02, 0.00000E+00
 0.35000E+02, 0.80000E+01, 0.22128E+02, 0.30000E+02, 0.00000E+00
 0.36000E+02, 0.80000E+01, 0.22102E+02, 0.30000E+02, 0.00000E+00
 0.37000E+02, 0.80000E+01, 0.22135E+02, 0.30000E+02, 0.00000E+00
 0.38000E+02, 0.80000E+01, 0.22142E+02, 0.30000E+02, 0.00000E+00
 0.39000E+02, 0.80000E+01, 0.22110E+02, 0.30000E+02, 0.00000E+00
 0.40000E+02, 0.80000E+01, 0.22239E+02, 0.30000E+02, 0.00000E+00
 0.41000E+02, 0.80000E+01, 0.22300E+02, 0.30000E+02, 0.00000E+00
 0.42000E+02, 0.80000E+01, 0.21969E+02, 0.30000E+02, 0.00000E+00
 0.43000E+02, 0.80000E+01, 0.22444E+02, 0.30000E+02, 0.00000E+00
 0.44000E+02, 0.80000E+01, 0.22430E+02, 0.30000E+02, 0.00000E+00
 0.45000E+02, 0.80000E+01, 0.22469E+02, 0.30000E+02, 0.00000E+00
 0.46000E+02, 0.80000E+01, 0.22508E+02, 0.30000E+02, 0.00000E+00
 0.47000E+02, 0.80000E+01, 0.22480E+02, 0.30000E+02, 0.00000E+00
 0.48000E+02, 0.80000E+01, 0.22594E+02, 0.30000E+02, 0.00000E+00
 0.49000E+02, 0.80000E+01, 0.22644E+02, 0.30000E+02, 0.00000E+00
 0.50000E+02, 0.80000E+01, 0.22659E+02, 0.30000E+02, 0.00000E+00
 0.51000E+02, 0.80000E+01, 0.22673E+02, 0.30000E+02, 0.00000E+00
 0.52000E+02, 0.80000E+01, 0.21838E+02, 0.30000E+02, 0.00000E+00
 0.53000E+02, 0.80000E+01, 0.21828E+02, 0.30000E+02, 0.00000E+00
 0.54000E+02, 0.80000E+01, 0.21772E+02, 0.30000E+02, 0.00000E+00
 0.55000E+02, 0.80000E+01, 0.21941E+02, 0.30000E+02, 0.00000E+00
 0.56000E+02, 0.80000E+01, 0.21760E+02, 0.30000E+02, 0.00000E+00
 0.57000E+02, 0.80000E+01, 0.21750E+02, 0.30000E+02, 0.00000E+00
 0.58000E+02, 0.80000E+01, 0.21869E+02, 0.30000E+02, 0.00000E+00
 0.59000E+02, 0.80000E+01, 0.21849E+02, 0.30000E+02, 0.00000E+00
 0.60000E+02, 0.80000E+01, 0.21797E+02, 0.30000E+02, 0.00000E+00
 0.61000E+02, 0.80000E+01, 0.21775E+02, 0.30000E+02, 0.00000E+00
 0.62000E+02, 0.80000E+01, 0.21810E+02, 0.30000E+02, 0.00000E+00
 0.63000E+02, 0.80000E+01, 0.21932E+02, 0.30000E+02, 0.00000E+00
 0.64000E+02, 0.80000E+01, 0.22020E+02, 0.30000E+02, 0.00000E+00
 0.65000E+02, 0.80000E+01, 0.22001E+02, 0.30000E+02, 0.00000E+00
 0.00000E+00, 0.90000E+01, 0.18075E+02, 0.30000E+02, 0.00000E+00
 0.10000E+01, 0.90000E+01, 0.20716E+02, 0.30000E+02, 0.00000E+00
 0.20000E+01, 0.90000E+01, 0.20745E+02, 0.30000E+02, 0.00000E+00
 0.30000E+01, 0.90000E+01, 0.20726E+02, 0.30000E+02, 0.00000E+00
 0.40000E+01, 0.90000E+01, 0.20782E+02, 0.30000E+02, 0.00000E+00
 0.50000E+01, 0.90000E+01, 0.20762E+02, 0.30000E+02, 0.00000E+00
 0.60000E+01, 0.90000E+01, 0.20783E+02, 0.30000E+02, 0.00000E+00
 0.70000E+01, 0.90000E+01, 0.20711E+02, 0.30000E+02, 0.00000E+00
 0.80000E+01, 0.90000E+01, 0.22000E+02, 0.30000E+02, 0.00000E+00
 0.90000E+01, 0.90000E+01, 0.21999E+02, 0.30000E+02, 0.00000E+00
 0.10000E+02, 0.90000E+01, 0.21999E+02, 0.30000E+02, 0.00000E+00
 0.11000E+02, 0.90000E+01, 0.22000E+02, 0.30000E+02, 0.00000E+00
 0.12000E+02, 0.90000E+01, 0.22000E+02, 0.30000E+02, 0.00000E+00
 0.13000E+02, 0.90000E+01, 0.21999E+02, 0.30000E+02, 0.00000E+00
 0.14000E+02, 0.90000E+01, 0.22000E+02, 0.30000E+02, 0.00000E+00
 0.15000E+02, 0.90000E+01, 0.22000E+02, 0.30000E+02, 0.00000E+00
 0.16000E+02, 0.90000E+01, 0.22000E+02, 0.30000E+02, 0.00000E+00
 0.17000E+02, 0.90000E+01, 0.22000E+02, 0.30000E+02, 0.00000E+00
 0.18000E+02, 0.90000E+01, 0.21999E+02, 0.30000E+02, 0.00000E+00
 0.19000E+02, 0.90000E+01, 0.21999E+02, 0.30000E+02, 0.00000E+00
 0.20000E+02, 0.90000E+01, 0.21999E+02, 0.30000E+02, 0.00000E+00
 0.21000E+02, 0.90000E+01, 0.21999E+02, 0.30000E+02, 0.00000E+00
 0.22000E+02, 0.90000E+01, 0.21999E+02, 0.30000E+02, 0.00000E+00
 0.23000E+02, 0.90000E+01, 0.22000E+02, 0.30000E+02, 0.00000E+00
 0.24000E+02, 0.90000E+01, 0.22000E+02, 0.30000E+02, 0.00000E+00
 0.25000E+02, 0.90000E+01, 0.22000E+02, 0.30000E+02, 0.00000E+00
 0.26000E+02, 0.90000E+01, 0.22000E+02, 0.30000E+02, 0.00000E+00
 0.27000E+02, 0.90000E+01, 0.22000E+02, 0.30000E+02, 0.00000E+00
 0.28000E+02, 0.90000E+01, 0.22000E+02, 0.30000E+02, 0.00000E+00
 0.29000E+02, 0.90000E+01, 0.22000E+02, 0.30000E+02, 0.00000E+00
 0.30000E+02, 0.90000E+01, 0.21999E+02, 0.30000E+02, 0.00000E+00
 0.31000E+02, 0.90000E+01, 0.21999E+02, 0.30000E+02, 0.00000E+00
 0.32000E+02, 0.90000E+01, 0.22000E+02, 0.30000E+02, 0.00000E+00
 0.33000E+02, 0.90000E+01, 0.22000E+02, 0.30000E+02, 0.00000E+00
 0.34000E+02, 0.90000E+01, 0.22000E+02, 0.30000E+02, 0.00000E+00
 0.35000E+02, 0.90000E+01, 0.22000E+02, 0.30000E+02, 0.00000E+00
 0.36000E+02, 0.90000E+01, 0.22000E+02, 0.30000E+02, 0.00000E+00
 0.37000E+02, 0.90000E+01, 0.22000E+02, 0.30000E+02, 0.00000E+00
 0.38000E+02, 0.90000E+01, 0.22000E+02, 0.30000E+02, 0.00000E+00
 0.39000E+02, 0.90000E+01, 0.22000E+02, 0.30000E+02, 0.00000E+00
 0.40000E+02, 0.90000E+01, 0.22000E+02, 0.30000E+02, 0.00000E+00
 0.41000E+02, 0.90000E+01, 0.22000E+02, 0.30000E+02, 0.00000E+00
 0.42000E+02, 0.90000E+01, 0.22000E+02, 0.30000E+02, 0.00000E+00
 0.43000E+02, 0.90000E+01, 0.22000E+02, 0.30000E+02, 0.00000E+00
 0.44000E+02, 0.90000E+01, 0.22000E+02, 0.30000E+02, 0.00000E+00
 0.45000E+02, 0.90000E+01, 0.22000E+02, 0.30000E+02, 0.00000E+00
 0.46000E+02, 0.90000E+01, 0.22000E+02, 0.30000E+02, 0.00000E+00
 0.47000E+02, 0.90000E+01, 0.22000E+02, 0.30000E+02, 0.00000E+00
 0.48000E+02, 0.90000E+01, 0.22000E+02, 0.30000E+02, 0.00000E+00
 0.49000E+02, 0.90000E+01, 0.22000E+02, 0.30000E+02, 0.00000E+00
 0.50000E+02, 0.90000E+01, 0.22000E+02, 0.30000E+02, 0.00000E+00
 0.51000E+02, 0.90000E+01, 0.22000E+02, 0.30000E+02, 0.00000E+00
 0.52000E+02, 0.90000E+01, 0.22000E+02, 0.30000E+02, 0.00000E+00
 0.53000E+02, 0.90000E+01, 0.22000E+02, 0.30000E+02, 0.00000E+00
 0.54000E+02, 0.90000E+01, 0.22000E+02, 0.30000E+02, 0.00000E+00
 0.55000E+02, 0.90000E+01, 0.22000E+02, 0.30000E+02, 0.00000E+00
 0.56000E+02, 0.90000E+01, 0.22000E+02, 0.30000E+02, 0.00000E+00
 0.57000E+02, 0.90000E+01, 0.22000E+02, 0.30000E+02, 0.00000E+00
 0.58000E+02, 0.90000E+01, 0.22000E+02, 0.30000E+02, 0.00000E+00
 0.59000E+02, 0.90000E+01, 0.22000E+02, 0.30000E+02, 0.00000E+00
 0.60000E+02, 0.90000E+01, 0.22000E+02, 0.30000E+02, 0.00000E+00
 0.61000E+02, 0.90000E+01, 0.22000E+02, 0.30000E+02, 0.00000E+00
 0.62000E+02, 0.90000E+01, 0.22000E+02, 0.30000E+02, 0.00000E+00
 0.63000E+02, 0.90000E+01, 0.22000E+02, 0.30000E+02, 0.00000E+00
 0.64000E+02, 0.90000E+01, 0.22000E+02, 0.30000E+02, 0.00000E+00
 0.65000E+02, 0.90000E+01, 0.22000E+02, 0.30000E+02, 0.00000E+00
 0.00000E+00, 0.10000E+02, 0.18031E+02, 0.30000E+02, 0.00000E+00
 0.10000E+01, 0.10000E+02, 0.20795E+02, 0.30000E+02, 0.00000E+00
 0.20000E+01, 0.10000E+02, 0.20820E+02, 0.30000E+02, 0.00000E+00
 0.30000E+01, 0.10000E+02, 0.20704E+02, 0.30000E+02, 0.00000E+00
 0.40000E+01, 0.10000E+02, 0.20786E+02, 0.30000E+02, 0.00000E+00
 0.50000E+01, 0.10000E+02, 0.20770E+02, 0.30000E+02, 0.00000E+00
 0.60000E+01, 0.10000E+02, 0.20773E+02, 0.30000E+02, 0.00000E+00
 0.70000E+01, 0.10000E+02, 0.20768E+02, 0.30000E+02, 0.00000E+00
 0.80000E+01, 0.10000E+02, 0.22000E+02, 0.30000E+02, 0.00000E+00
 0.90000E+01, 0.10000E+02, 0.21999E+02, 0.30000E+02, 0.00000E+00
 0.10000E+02, 0.10000E+02, 0.22000E+02, 0.30000E+02, 0.00000E+00
 0.11000E+02, 0.10000E+02, 0.22000E+02, 0.30000E+02, 0.00000E+00
 0.12000E+02, 0.10000E+02, 0.21999E+02, 0.30000E+02, 0.00000E+00
 0.13000E+02, 0.10000E+02, 0.21999E+02, 0.30000E+02, 0.00000E+00
 0.14000E+02, 0.10000E+02, 0.22000E+02, 0.30000E+02, 0.00000E+00
 0.15000E+02, 0.10000E+02, 0.21999E+02, 0.30000E+02, 0.00000E+00
 0.16000E+02, 0.10000E+02, 0.22000E+02, 0.30000E+02, 0.00000E+00
 0.17000E+02, 0.10000E+02, 0.21999E+02, 0.30000E+02, 0.00000E+00
 0.18000E+02, 0.10000E+02, 0.21999E+02, 0.30000E+02, 0.00000E+00
 0.19000E+02, 0.10000E+02, 0.22000E+02, 0.30000E+02, 0.00000E+00
 0.20000E+02, 0.10000E+02, 0.21999E+02, 0.30000E+02, 0.00000E+00
 0.21000E+02, 0.10000E+02, 0.22000E+02, 0.30000E+02, 0.00000E+00
 0.22000E+02, 0.10000E+02, 0.22000E+02, 0.30000E+02, 0.00000E+00
 0.23000E+02, 0.10000E+02, 0.22000E+02, 0.30000E+02, 0.00000E+00
 0.24000E+02, 0.10000E+02, 0.22000E+02, 0.30000E+02, 0.00000E+00
 0.25000E+02, 0.10000E+02, 0.21999E+02, 0.30000E+02, 0.00000E+00
 0.26000E+02, 0.10000E+02, 0.21999E+02, 0.30000E+02, 0.00000E+00
 0.27000E+02, 0.10000E+02, 0.21999E+02, 0.30000E+02, 0.00000E+00
 0.28000E+02, 0.10000E+02, 0.22000E+02, 0.30000E+02, 0.00000E+00
 0.29000E+02, 0.10000E+02, 0.21999E+02, 0.30000E+02, 0.00000E+00
 0.30000E+02, 0.10000E+02, 0.21999E+02, 0.30000E+02, 0.00000E+00
 0.31000E+02, 0.10000E+02, 0.22000E+02, 0.30000E+02, 0.00000E+00
 0.32000E+02, 0.10000E+02, 0.21999E+02, 0.30000E+02, 0.00000E+00
 0.33000E+02, 0.10000E+02, 0.22000E+02, 0.30000E+02, 0.00000E+00
 0.34000E+02, 0.10000E+02, 0.22000E+02, 0.30000E+02, 0.00000E+00
 0.35000E+02, 0.10000E+02, 0.22000E+02, 0.30000E+02, 0.00000E+00
 0.36000E+02, 0.10000E+02, 0.22000E+02, 0.30000E+02, 0.00000E+00
 0.37000E+02, 0.10000E+02, 0.22000E+02, 0.30000E+02, 0.00000E+00
 0.38000E+02, 0.10000E+02, 0.22000E+02, 0.30000E+02, 0.00000E+00
 0.39000E+02, 0.10000E+02, 0.22000E+02, 0.30000E+02, 0.00000E+00
 0.40000E+02, 0.10000E+02, 0.22000E+02, 0.30000E+02, 0.00000E+00
 0.41000E+02, 0.10000E+02, 0.22000E+02, 0.30000E+02, 0.00000E+00
 0.42000E+02, 0.10000E+02, 0.22000E+02, 0.30000E+02, 0.00000E+00
 0.43000E+02, 0.10000E+02, 0.22000E+02, 0.30000E+02, 0.00000E+00
 0.44000E+02, 0.10000E+02, 0.22000E+02, 0.30000E+02, 0.00000E+00
 0.45000E+02, 0.10000E+02, 0.22000E+02, 0.30000E+02, 0.00000E+00
 0.46000E+02, 0.10000E+02, 0.22000E+02, 0.30000E+02, 0.00000E+00
 0.47000E+02, 0.10000E+02, 0.22000E+02, 0.30000E+02, 0.00000E+00
 0.48000E+02, 0.10000E+02, 0.22000E+02, 0.30000E+02, 0.00000E+00
 0.49000E+02, 0.10000E+02, 0.22000E+02, 0.30000E+02, 0.00000E+00
 0.50000E+02, 0.10000E+02, 0.22000E+02, 0.30000E+02, 0.00000E+00
 0.51000E+02, 0.10000E+02, 0.22000E+02, 0.30000E+02, 0.00000E+00
 0.52000E+02, 0.10000E+02, 0.22000E+02, 0.30000E+02, 0.00000E+00
 0.53000E+02, 0.10000E+02, 0.21999E+02, 0.30000E+02, 0.00000E+00
 0.54000E+02, 0.10000E+02, 0.22000E+02, 0.30000E+02, 0.00000E+00
 0.55000E+02, 0.10000E+02, 0.22000E+02, 0.30000E+02, 0.00000E+00
 0.56000E+02, 0.10000E+02, 0.22000E+02, 0.30000E+02, 0.00000E+00
 0.57000E+02, 0.10000E+02, 0.22000E+02, 0.30000E+02, 0.00000E+00
 0.58000E+02, 0.10000E+02, 0.22000E+02, 0.30000E+02, 0.00000E+00
 0.59000E+02, 0.10000E+02, 0.22000E+02, 0.30000E+02, 0.00000E+00
 0.60000E+02, 0.10000E+02, 0.22000E+02, 0.30000E+02, 0.00000E+00
 0.61000E+02, 0.10000E+02, 0.22000E+02, 0.30000E+02, 0.00000E+00
 0.62000E+02, 0.10000E+02, 0.22000E+02, 0.30000E+02, 0.00000E+00
 0.63000E+02, 0.10000E+02, 0.22000E+02, 0.30000E+02, 0.00000E+00
 0.64000E+02, 0.10000E+02, 0.22000E+02, 0.30000E+02, 0.00000E+00
 0.65000E+02, 0.10000E+02, 0.22000E+02, 0.30000E+02, 0.00000E+00
 0.00000E+00, 0.11000E+02, 0.18128E+02, 0.30000E+02, 0.00000E+00
 0.10000E+01, 0.11000E+02, 0.20729E+02, 0.30000E+02, 0.00000E+00
 0.20000E+01, 0.11000E+02, 0.20735E+02, 0.30000E+02, 0.00000E+00
 0.30000E+01, 0.11000E+02, 0.20762E+02, 0.30000E+02, 0.00000E+00
 0.40000E+01, 0.11000E+02, 0.20637E+02, 0.30000E+02, 0.00000E+00
 0.50000E+01, 0.11000E+02, 0.20714E+02, 0.30000E+02, 0.00000E+00
 0.60000E+01, 0.11000E+02, 0.20666E+02, 0.30000E+02, 0.00000E+00
 0.70000E+01, 0.11000E+02, 0.20749E+02, 0.30000E+02, 0.00000E+00
 0.80000E+01, 0.11000E+02, 0.22000E+02, 0.30000E+02, 0.00000E+00
 0.90000E+01, 0.11000E+02, 0.22000E+02, 0.30000E+02, 0.00000E+00
 0.10000E+02, 0.11000E+02, 0.21999E+02, 0.30000E+02, 0.00000E+00
 0.11000E+02, 0.11000E+02, 0.22000E+02, 0.30000E+02, 0.00000E+00
 0.12000E+02, 0.11000E+02, 0.22000E+02, 0.30000E+02, 0.00000E+00
 0.13000E+02, 0.11000E+02, 0.21999E+02, 0.30000E+02, 0.00000E+00
 0.14000E+02, 0.11000E+02, 0.21999E+02, 0.30000E+02, 0.00000E+00
 0.15000E+02, 0.11000E+02, 0.22000E+02, 0.30000E+02, 0.00000E+00
 0.16000E+02, 0.11000E+02, 0.21999E+02, 0.30000E+02, 0.00000E+00
 0.17000E+02, 0.11000E+02, 0.21999E+02, 0.30000E+02, 0.00000E+00
 0.18000E+02, 0.11000E+02, 0.21999E+02, 0.30000E+02, 0.00000E+00
 0.19000E+02, 0.11000E+02, 0.21999E+02, 0.30000E+02, 0.00000E+00
 0.20000E+02, 0.11000E+02, 0.21999E+02, 0.30000E+02, 0.00000E+00
 0.21000E+02, 0.11000E+02, 0.21999E+02, 0.30000E+02, 0.00000E+00
 0.22000E+02, 0.11000E+02, 0.21999E+02, 0.30000E+02, 0.00000E+00
 0.23000E+02, 0.11000E+02, 0.22000E+02, 0.30000E+02, 0.00000E+00
 0.24000E+02, 0.11000E+02, 0.22000E+02, 0.30000E+02, 0.00000E+00
 0.25000E+02, 0.11000E+02, 0.22000E+02, 0.30000E+02, 0.00000E+00
 0.26000E+02, 0.11000E+02, 0.21999E+02, 0.30000E+02, 0.00000E+00
 0.27000E+02, 0.11000E+02, 0.21999E+02, 0.30000E+02, 0.00000E+00
 0.28000E+02, 0.11000E+02, 0.21999E+02, 0.30000E+02, 0.00000E+00
 0.29000E+02, 0.11000E+02, 0.21999E+02, 0.30000E+02, 0.00000E+00
 0.30000E+02, 0.11000E+02, 0.22000E+02, 0.30000E+02, 0.00000E+00
 0.31000E+02, 0.11000E+02, 0.22000E+02, 0.30000E+02, 0.00000E+00
 0.32000E+02, 0.11000E+02, 0.21999E+02, 0.30000E+02, 0.00000E+00
 0.33000E+02, 0.11000E+02, 0.22000E+02, 0.30000E+02, 0.00000E+00
 0.34000E+02, 0.11000E+02, 0.21999E+02, 0.30000E+02, 0.00000E+00
 0.35000E+02, 0.11000E+02, 0.22000E+02, 0.30000E+02, 0.00000E+00
 0.36000E+02, 0.11000E+02, 0.22000E+02, 0.30000E+02, 0.00000E+00
 0.37000E+02, 0.11000E+02, 0.21999E+02, 0.30000E+02, 0.00000E+00
 0.38000E+02, 0.11000E+02, 0.22000E+02, 0.30000E+02, 0.00000E+00
 0.39000E+02, 0.11000E+02, 0.22000E+02, 0.30000E+02, 0.00000E+00
 0.40000E+02, 0.11000E+02, 0.22000E+02, 0.30000E+02, 0.00000E+00
 0.41000E+02, 0.11000E+02, 0.22000E+02, 0.30000E+02, 0.00000E+00
 0.42000E+02, 0.11000E+02, 0.21999E+02, 0.30000E+02, 0.00000E+00
 0.43000E+02, 0.11000E+02, 0.22000E+02, 0.30000E+02, 0.00000E+00
 0.44000E+02, 0.11000E+02, 0.21999E+02, 0.30000E+02, 0.00000E+00
 0.45000E+02, 0.11000E+02, 0.22000E+02, 0.30000E+02, 0.00000E+00
 0.46000E+02, 0.11000E+02, 0.22000E+02, 0.30000E+02, 0.00000E+00
 0.47000E+02, 0.11000E+02, 0.22000E+02, 0.30000E+02, 0.00000E+00
 0.48000E+02, 0.11000E+02, 0.22000E+02, 0.30000E+02, 0.00000E+00
 0.49000E+02, 0.11000E+02, 0.21999E+02, 0.30000E+02, 0.00000E+00
 0.50000E+02, 0.11000E+02, 0.22000E+02, 0.30000E+02, 0.00000E+00
 0.51000E+02, 0.11000E+02, 0.22000E+02, 0.30000E+02, 0.00000E+00
 0.52000E+02, 0.11000E+02, 0.22000E+02, 0.30000E+02, 0.00000E+00
 0.53000E+02, 0.11000E+02, 0.22000E+02, 0.30000E+02, 0.00000E+00
 0.54000E+02, 0.11000E+02, 0.22000E+02, 0.30000E+02, 0.00000E+00
 0.55000E+02, 0.11000E+02, 0.22000E+02, 0.30000E+02, 0.00000E+00
 0.56000E+02, 0.11000E+02, 0.22000E+02, 0.30000E+02, 0.00000E+00
 0.57000E+02, 0.11000E+02, 0.22000E+02, 0.30000E+02, 0.00000E+00
 0.58000E+02, 0.11000E+02, 0.22000E+02, 0.30000E+02, 0.00000E+00
 0.59000E+02, 0.11000E+02, 0.22000E+02, 0.30000E+02, 0.00000E+00
 0.60000E+02, 0.11000E+02, 0.22000E+02, 0.30000E+02, 0.00000E+00
 0.61000E+02, 0.11000E+02, 0.22000E+02, 0.30000E+02, 0.00000E+00
 0.62000E+02, 0.11000E+02, 0.22000E+02, 0.30000E+02, 0.00000E+00
 0.63000E+02, 0.11000E+02, 0.22000E+02, 0.30000E+02, 0.00000E+00
 0.64000E+02, 0.11000E+02, 0.22000E+02, 0.30000E+02, 0.00000E+00
 0.65000E+02, 0.11000E+02, 0.22000E+02, 0.30000E+02, 0.00000E+00
 0.00000E+00, 0.12000E+02, 0.18304E+02, 0.30000E+02, 0.00000E+00
 0.10000E+01, 0.12000E+02, 0.20736E+02, 0.30000E+02, 0.00000E+00
 0.20000E+01, 0.12000E+02, 0.20690E+02, 0.30000E+02, 0.00000E+00
 0.30000E+01, 0.12000E+02, 0.20760E+02, 0.30000E+02, 0.00000E+00
 0.40000E+01, 0.12000E+02, 0.20678E+02, 0.30000E+02, 0.00000E+00
 0.50000E+01, 0.12000E+02, 0.20686E+02, 0.30000E+02, 0.00000E+00
 0.60000E+01, 0.12000E+02, 0.20771E+02, 0.30000E+02, 0.00000E+00
 0.70000E+01, 0.12000E+02, 0.20703E+02, 0.30000E+02, 0.00000E+00
 0.80000E+01, 0.12000E+02, 0.22000E+02, 0.30000E+02, 0.00000E+00
 0.90000E+01, 0.12000E+02, 0.22000E+02, 0.30000E+02, 0.00000E+00
 0.10000E+02, 0.12000E+02, 0.21999E+02, 0.30000E+02, 0.00000E+00
 0.11000E+02, 0.12000E+02, 0.22000E+02, 0.30000E+02, 0.00000E+00
 0.12000E+02, 0.12000E+02, 0.21999E+02, 0.30000E+02, 0.00000E+00
 0.13000E+02, 0.12000E+02, 0.21999E+02, 0.30000E+02, 0.00000E+00
 0.14000E+02, 0.12000E+02, 0.21999E+02, 0.30000E+02, 0.00000E+00
 0.15000E+02, 0.12000E+02, 0.21999E+02, 0.30000E+02, 0.00000E+00
 0.16000E+02, 0.12000E+02, 0.22000E+02, 0.30000E+02, 0.00000E+00
 0.17000E+02, 0.12000E+02, 0.21999E+02, 0.30000E+02, 0.00000E+00
 0.18000E+02, 0.12000E+02, 0.22000E+02, 0.30000E+02, 0.00000E+00
 0.19000E+02, 0.12000E+02, 0.21999E+02, 0.30000E+02, 0.00000E+00
 0.20000E+02, 0.12000E+02, 0.22000E+02, 0.30000E+02, 0.00000E+00
 0.21000E+02, 0.12000E+02, 0.21999E+02, 0.30000E+02, 0.00000E+00
 0.22000E+02, 0.12000E+02, 0.21999E+02, 0.30000E+02, 0.00000E+00
 0.23000E+02, 0.12000E+02, 0.21999E+02, 0.30000E+02, 0.00000E+00
 0.24000E+02, 0.12000E+02, 0.22000E+02, 0.30000E+02, 0.00000E+00
 0.25000E+02, 0.12000E+02, 0.21999E+02, 0.30000E+02, 0.00000E+00
 0.26000E+02, 0.12000E+02, 0.21999E+02, 0.30000E+02, 0.00000E+00
 0.27000E+02, 0.12000E+02, 0.22000E+02, 0.30000E+02, 0.00000E+00
 0.28000E+02, 0.12000E+02, 0.22000E+02, 0.30000E+02, 0.00000E+00
 0.29000E+02, 0.12000E+02, 0.21999E+02, 0.30000E+02, 0.00000E+00
 0.30000E+02, 0.12000E+02, 0.21999E+02, 0.30000E+02, 0.00000E+00
 0.31000E+02, 0.12000E+02, 0.21999E+02, 0.30000E+02, 0.00000E+00
 0.32000E+02, 0.12000E+02, 0.21999E+02, 0.30000E+02, 0.00000E+00
 0.33000E+02, 0.12000E+02, 0.22000E+02, 0.30000E+02, 0.00000E+00
 0.34000E+02, 0.12000E+02, 0.22000E+02, 0.30000E+02, 0.00000E+00
 0.35000E+02, 0.12000E+02, 0.21999E+02, 0.30000E+02, 0.00000E+00
 0.36000E+02, 0.12000E+02, 0.22000E+02, 0.30000E+02, 0.00000E+00
 0.37000E+02, 0.12000E+02, 0.21999E+02, 0.30000E+02, 0.00000E+00
 0.38000E+02, 0.12000E+02, 0.22000E+02, 0.30000E+02, 0.00000E+00
 0.39000E+02, 0.12000E+02, 0.21999E+02, 0.30000E+02, 0.00000E+00
 0.40000E+02, 0.12000E+02, 0.22000E+02, 0.30000E+02, 0.00000E+00
 0.41000E+02, 0.12000E+02, 0.22000E+02, 0.30000E+02, 0.00000E+00
 0.42000E+02, 0.12000E+02, 0.22000E+02, 0.30000E+02, 0.00000E+00
 0.43000E+02, 0.12000E+02, 0.22000E+02, 0.30000E+02, 0.00000E+00
 0.44000E+02, 0.12000E+02, 0.22000E+02, 0.30000E+02, 0.00000E+00
 0.45000E+02, 0.12000E+02, 0.22000E+02, 0.30000E+02, 0.00000E+00
 0.46000E+02, 0.12000E+02, 0.22000E+02, 0.30000E+02, 0.00000E+00
 0.47000E+02, 0.12000E+02, 0.22000E+02, 0.30000E+02, 0.00000E+00
 0.48000E+02, 0.12000E+02, 0.22000E+02, 0.30000E+02, 0.00000E+00
 0.49000E+02, 0.12000E+02, 0.22000E+02, 0.30000E+02, 0.00000E+00
 0.50000E+02, 0.12000E+02, 0.22000E+02, 0.30000E+02, 0.00000E+00
 0.51000E+02, 0.12000E+02, 0.21999E+02, 0.30000E+02, 0.00000E+00
 0.52000E+02, 0.12000E+02, 0.22000E+02, 0.30000E+02, 0.00000E+00
 0.53000E+02, 0.12000E+02, 0.22000E+02, 0.30000E+02, 0.00000E+00
 0.54000E+02, 0.12000E+02, 0.21999E+02, 0.30000E+02, 0.00000E+00
 0.55000E+02, 0.12000E+02, 0.22000E+02, 0.30000E+02, 0.00000E+00
 0.56000E+02, 0.12000E+02, 0.22000E+02, 0.30000E+02, 0.00000E+00
 0.57000E+02, 0.12000E+02, 0.22000E+02, 0.30000E+02, 0.00000E+00
 0.58000E+02, 0.12000E+02, 0.22000E+02, 0.30000E+02, 0.00000E+00
 0.59000E+02, 0.12000E+02, 0.22000E+02, 0.30000E+02, 0.00000E+00
 0.60000E+02, 0.12000E+02, 0.22000E+02, 0.30000E+02, 0.00000E+00
 0.61000E+02, 0.12000E+02, 0.22000E+02, 0.30000E+02, 0.00000E+00
 0.62000E+02, 0.12000E+02, 0.22000E+02, 0.30000E+02, 0.00000E+00
 0.63000E+02, 0.12000E+02, 0.22000E+02, 0.30000E+02, 0.00000E+00
 0.64000E+02, 0.12000E+02, 0.22000E+02, 0.30000E+02, 0.00000E+00
 0.65000E+02, 0.12000E+02, 0.22000E+02, 0.30000E+02, 0.00000E+00
 0.00000E+00, 0.13000E+02, 0.18185E+02, 0.30000E+02, 0.00000E+00
 0.10000E+01, 0.13000E+02, 0.20689E+02, 0.30000E+02, 0.00000E+00
 0.20000E+01, 0.13000E+02, 0.20675E+02, 0.30000E+02, 0.00000E+00
 0.30000E+01, 0.13000E+02, 0.20671E+02, 0.30000E+02, 0.00000E+00
 0.40000E+01, 0.13000E+02, 0.20672E+02, 0.30000E+02, 0.00000E+00
 0.50000E+01, 0.13000E+02, 0.20671E+02, 0.30000E+02, 0.00000E+00
 0.60000E+01, 0.13000E+02, 0.20827E+02, 0.30000E+02, 0.00000E+00
 0.70000E+01, 0.13000E+02, 0.20824E+02, 0.30000E+02, 0.00000E+00
 0.80000E+01, 0.13000E+02, 0.22000E+02, 0.30000E+02, 0.00000E+00
 0.90000E+01, 0.13000E+02, 0.22000E+02, 0.30000E+02, 0.00000E+00
 0.10000E+02, 0.13000E+02, 0.22000E+02, 0.30000E+02, 0.00000E+00
 0.11000E+02, 0.13000E+02, 0.22000E+02, 0.30000E+02, 0.00000E+00
 0.12000E+02, 0.13000E+02, 0.22000E+02, 0.30000E+02, 0.00000E+00
 0.13000E+02, 0.13000E+02, 0.21999E+02, 0.30000E+02, 0.00000E+00
 0.14000E+02, 0.13000E+02, 0.21999E+02, 0.30000E+02, 0.00000E+00
 0.15000E+02, 0.13000E+02, 0.22000E+02, 0.30000E+02, 0.00000E+00
 0.16000E+02, 0.13000E+02, 0.21999E+02, 0.30000E+02, 0.00000E+00
 0.17000E+02, 0.13000E+02, 0.22000E+02, 0.30000E+02, 0.00000E+00
 0.18000E+02, 0.13000E+02, 0.21999E+02, 0.30000E+02, 0.00000E+00
 0.19000E+02, 0.13000E+02, 0.21999E+02, 0.30000E+02, 0.00000E+00
 0.20000E+02, 0.13000E+02, 0.21999E+02, 0.30000E+02, 0.00000E+00
 0.21000E+02, 0.13000E+02, 0.21999E+02, 0.30000E+02, 0.00000E+00
 0.22000E+02, 0.13000E+02, 0.21999E+02, 0.30000E+02, 0.00000E+00
 0.23000E+02, 0.13000E+02, 0.22000E+02, 0.30000E+02, 0.00000E+00
 0.24000E+02, 0.13000E+02, 0.21999E+02, 0.30000E+02, 0.00000E+00
 0.25000E+02, 0.13000E+02, 0.22000E+02, 0.30000E+02, 0.00000E+00
 0.26000E+02, 0.13000E+02, 0.21999E+02, 0.30000E+02, 0.00000E+00
 0.27000E+02, 0.13000E+02, 0.21999E+02, 0.30000E+02, 0.00000E+00
 0.28000E+02, 0.13000E+02, 0.22000E+02, 0.30000E+02, 0.00000E+00
 0.29000E+02, 0.13000E+02, 0.21999E+02, 0.30000E+02, 0.00000E+00
 0.30000E+02, 0.13000E+02, 0.21999E+02, 0.30000E+02, 0.00000E+00
 0.31000E+02, 0.13000E+02, 0.22000E+02, 0.30000E+02, 0.00000E+00
 0.32000E+02, 0.13000E+02, 0.22000E+02, 0.30000E+02, 0.00000E+00
 0.33000E+02, 0.13000E+02, 0.21999E+02, 0.30000E+02, 0.00000E+00
 0.34000E+02, 0.13000E+02, 0.22000E+02, 0.30000E+02, 0.00000E+00
 0.35000E+02, 0.13000E+02, 0.21999E+02, 0.30000E+02, 0.00000E+00
 0.36000E+02, 0.13000E+02, 0.22000E+02, 0.30000E+02, 0.00000E+00
 0.37000E+02, 0.13000E+02, 0.22000E+02, 0.30000E+02, 0.00000E+00
 0.38000E+02, 0.13000E+02, 0.22000E+02, 0.30000E+02, 0.00000E+00
 0.39000E+02, 0.13000E+02, 0.22000E+02, 0.30000E+02, 0.00000E+00
 0.40000E+02, 0.13000E+02, 0.22000E+02, 0.30000E+02, 0.00000E+00
 0.41000E+02, 0.13000E+02, 0.22000E+02, 0.30000E+02, 0.00000E+00
 0.42000E+02, 0.13000E+02, 0.22000E+02, 0.30000E+02, 0.00000E+00
 0.43000E+02, 0.13000E+02, 0.22000E+02, 0.30000E+02, 0.00000E+00
 0.44000E+02, 0.13000E+02, 0.21999E+02, 0.30000E+02, 0.00000E+00
 0.45000E+02, 0.13000E+02, 0.22000E+02, 0.30000E+02, 0.00000E+00
 0.46000E+02, 0.13000E+02, 0.21999E+02, 0.30000E+02, 0.00000E+00
 0.47000E+02, 0.13000E+02, 0.22000E+02, 0.30000E+02, 0.00000E+00
 0.48000E+02, 0.13000E+02, 0.21999E+02, 0.30000E+02, 0.00000E+00
 0.49000E+02, 0.13000E+02, 0.22000E+02, 0.30000E+02, 0.00000E+00
 0.50000E+02, 0.13000E+02, 0.22000E+02, 0.30000E+02, 0.00000E+00
 0.51000E+02, 0.13000E+02, 0.22000E+02, 0.30000E+02, 0.00000E+00
 0.52000E+02, 0.13000E+02, 0.22000E+02, 0.30000E+02, 0.00000E+00
 0.53000E+02, 0.13000E+02, 0.21999E+02, 0.30000E+02, 0.00000E+00
 0.54000E+02, 0.13000E+02, 0.22000E+02, 0.30000E+02, 0.00000E+00
 0.55000E+02, 0.13000E+02, 0.22000E+02, 0.30000E+02, 0.00000E+00
 0.56000E+02, 0.13000E+02, 0.21999E+02, 0.30000E+02, 0.00000E+00
 0.57000E+02, 0.13000E+02, 0.22000E+02, 0.30000E+02, 0.00000E+00
 0.58000E+02, 0.13000E+02, 0.22000E+02, 0.30000E+02, 0.00000E+00
 0.59000E+02, 0.13000E+02, 0.22000E+02, 0.30000E+02, 0.00000E+00
 0.60000E+02, 0.13000E+02, 0.22000E+02, 0.30000E+02, 0.00000E+00
 0.61000E+02, 0.13000E+02, 0.22000E+02, 0.30000E+02, 0.00000E+00
 0.62000E+02, 0.13000E+02, 0.22000E+02, 0.30000E+02, 0.00000E+00
 0.63000E+02, 0.13000E+02, 0.22000E+02, 0.30000E+02, 0.00000E+00
 0.64000E+02, 0.13000E+02, 0.22000E+02, 0.30000E+02, 0.00000E+00
 0.65000E+02, 0.13000E+02, 0.22000E+02, 0.30000E+02, 0.00000E+00
 0.00000E+00, 0.14000E+02, 0.18035E+02, 0.30000E+02, 0.00000E+00
 0.10000E+01, 0.14000E+02, 0.20732E+02, 0.30000E+02, 0.00000E+00
 0.20000E+01, 0.14000E+02, 0.20751E+02, 0.30000E+02, 0.00000E+00
 0.30000E+01, 0.14000E+02, 0.20665E+02, 0.30000E+02, 0.00000E+00
 0.40000E+01, 0.14000E+02, 0.20635E+02, 0.30000E+02, 0.00000E+00
 0.50000E+01, 0.14000E+02, 0.20671E+02, 0.30000E+02, 0.00000E+00
 0.60000E+01, 0.14000E+02, 0.20717E+02, 0.30000E+02, 0.00000E+00
 0.70000E+01, 0.14000E+02, 0.20960E+02, 0.30000E+02, 0.00000E+00
 0.80000E+01, 0.14000E+02, 0.22000E+02, 0.30000E+02, 0.00000E+00
 0.90000E+01, 0.14000E+02, 0.22000E+02, 0.30000E+02, 0.00000E+00
 0.10000E+02, 0.14000E+02, 0.22000E+02, 0.30000E+02, 0.00000E+00
 0.11000E+02, 0.14000E+02, 0.22000E+02, 0.30000E+02, 0.00000E+00
 0.12000E+02, 0.14000E+02, 0.21999E+02, 0.30000E+02, 0.00000E+00
 0.13000E+02, 0.14000E+02, 0.21999E+02, 0.30000E+02, 0.00000E+00
 0.14000E+02, 0.14000E+02, 0.22000E+02, 0.30000E+02, 0.00000E+00
 0.15000E+02, 0.14000E+02, 0.21999E+02, 0.30000E+02, 0.00000E+00
 0.16000E+02, 0.14000E+02, 0.21999E+02, 0.30000E+02, 0.00000E+00
 0.17000E+02, 0.14000E+02, 0.21999E+02, 0.30000E+02, 0.00000E+00
 0.18000E+02, 0.14000E+02, 0.21999E+02, 0.30000E+02, 0.00000E+00
 0.19000E+02, 0.14000E+02, 0.21999E+02, 0.30000E+02, 0.00000E+00
 0.20000E+02, 0.14000E+02, 0.21999E+02, 0.30000E+02, 0.00000E+00
 0.21000E+02, 0.14000E+02, 0.21999E+02, 0.30000E+02, 0.00000E+00
 0.22000E+02, 0.14000E+02, 0.22000E+02, 0.30000E+02, 0.00000E+00
 0.23000E+02, 0.14000E+02, 0.21999E+02, 0.30000E+02, 0.00000E+00
 0.24000E+02, 0.14000E+02, 0.22000E+02, 0.30000E+02, 0.00000E+00
 0.25000E+02, 0.14000E+02, 0.22000E+02, 0.30000E+02, 0.00000E+00
 0.26000E+02, 0.14000E+02, 0.21999E+02, 0.30000E+02, 0.00000E+00
 0.27000E+02, 0.14000E+02, 0.22000E+02, 0.30000E+02, 0.00000E+00
 0.28000E+02, 0.14000E+02, 0.21999E+02, 0.30000E+02, 0.00000E+00
 0.29000E+02, 0.14000E+02, 0.21999E+02, 0.30000E+02, 0.00000E+00
 0.30000E+02, 0.14000E+02, 0.22000E+02, 0.30000E+02, 0.00000E+00
 0.31000E+02, 0.14000E+02, 0.21999E+02, 0.30000E+02, 0.00000E+00
 0.32000E+02, 0.14000E+02, 0.21999E+02, 0.30000E+02, 0.00000E+00
 0.33000E+02, 0.14000E+02, 0.21999E+02, 0.30000E+02, 0.00000E+00
 0.34000E+02, 0.14000E+02, 0.22000E+02, 0.30000E+02, 0.00000E+00
 0.35000E+02, 0.14000E+02, 0.21999E+02, 0.30000E+02, 0.00000E+00
 0.36000E+02, 0.14000E+02, 0.22000E+02, 0.30000E+02, 0.00000E+00
 0.37000E+02, 0.14000E+02, 0.22000E+02, 0.30000E+02, 0.00000E+00
 0.38000E+02, 0.14000E+02, 0.22000E+02, 0.30000E+02, 0.00000E+00
 0.39000E+02, 0.14000E+02, 0.22000E+02, 0.30000E+02, 0.00000E+00
 0.40000E+02, 0.14000E+02, 0.22000E+02, 0.30000E+02, 0.00000E+00
 0.41000E+02, 0.14000E+02, 0.22000E+02, 0.30000E+02, 0.00000E+00
 0.42000E+02, 0.14000E+02, 0.22000E+02, 0.30000E+02, 0.00000E+00
 0.43000E+02, 0.14000E+02, 0.22000E+02, 0.30000E+02, 0.00000E+00
 0.44000E+02, 0.14000E+02, 0.22000E+02, 0.30000E+02, 0.00000E+00
 0.45000E+02, 0.14000E+02, 0.21999E+02, 0.30000E+02, 0.00000E+00
 0.46000E+02, 0.14000E+02, 0.22000E+02, 0.30000E+02, 0.00000E+00
 0.47000E+02, 0.14000E+02, 0.21999E+02, 0.30000E+02, 0.00000E+00
 0.48000E+02, 0.14000E+02, 0.22000E+02, 0.30000E+02, 0.00000E+00
 0.49000E+02, 0.14000E+02, 0.22000E+02, 0.30000E+02, 0.00000E+00
 0.50000E+02, 0.14000E+02, 0.22000E+02, 0.30000E+02, 0.00000E+00
 0.51000E+02, 0.14000E+02, 0.22000E+02, 0.30000E+02, 0.00000E+00
 0.52000E+02, 0.14000E+02, 0.22000E+02, 0.30000E+02, 0.00000E+00
 0.53000E+02, 0.14000E+02, 0.22000E+02, 0.30000E+02, 0.00000E+00
 0.54000E+02, 0.14000E+02, 0.22000E+02, 0.30000E+02, 0.00000E+00
 0.55000E+02, 0.14000E+02, 0.22000E+02, 0.30000E+02, 0.00000E+00
 0.56000E+02, 0.14000E+02, 0.22000E+02, 0.30000E+02, 0.00000E+00
 0.57000E+02, 0.14000E+02, 0.22000E+02, 0.30000E+02, 0.00000E+00
 0.58000E+02, 0.14000E+02, 0.22000E+02, 0.30000E+02, 0.00000E+00
 0.59000E+02, 0.14000E+02, 0.22000E+02, 0.30000E+02, 0.00000E+00
 0.60000E+02, 0.14000E+02, 0.21999E+02, 0.30000E+02, 0.00000E+00
 0.61000E+02, 0.14000E+02, 0.22000E+02, 0.30000E+02, 0.00000E+00
 0.62000E+02, 0.14000E+02, 0.22000E+02, 0.30000E+02, 0.00000E+00
 0.63000E+02, 0.14000E+02, 0.22000E+02, 0.30000E+02, 0.00000E+00
 0.64000E+02, 0.14000E+02, 0.22000E+02, 0.30000E+02, 0.00000E+00
 0.65000E+02, 0.14000E+02, 0.22000E+02, 0.30000E+02, 0.00000E+00
 0.00000E+00, 0.15000E+02, 0.18015E+02, 0.30000E+02, 0.00000E+00
 0.10000E+01, 0.15000E+02, 0.20656E+02, 0.30000E+02, 0.00000E+00
 0.20000E+01, 0.15000E+02, 0.20369E+02, 0.30000E+02, 0.00000E+00
 0.30000E+01, 0.15000E+02, 0.20220E+02, 0.30000E+02, 0.00000E+00
 0.40000E+01, 0.15000E+02, 0.20430E+02, 0.30000E+02, 0.00000E+00
 0.50000E+01, 0.15000E+02, 0.20545E+02, 0.30000E+02, 0.00000E+00
 0.60000E+01, 0.15000E+02, 0.20623E+02, 0.30000E+02, 0.00000E+00
 0.70000E+01, 0.15000E+02, 0.20595E+02, 0.30000E+02, 0.00000E+00
 0.80000E+01, 0.15000E+02, 0.22000E+02, 0.30000E+02, 0.00000E+00
 0.90000E+01, 0.15000E+02, 0.22000E+02, 0.30000E+02, 0.00000E+00
 0.10000E+02, 0.15000E+02, 0.22000E+02, 0.30000E+02, 0.00000E+00
 0.11000E+02, 0.15000E+02, 0.22000E+02, 0.30000E+02, 0.00000E+00
 0.12000E+02, 0.15000E+02, 0.22000E+02, 0.30000E+02, 0.00000E+00
 0.13000E+02, 0.15000E+02, 0.21999E+02, 0.30000E+02, 0.00000E+00
 0.14000E+02, 0.15000E+02, 0.21999E+02, 0.30000E+02, 0.00000E+00
 0.15000E+02, 0.15000E+02, 0.21999E+02, 0.30000E+02, 0.00000E+00
 0.16000E+02, 0.15000E+02, 0.21999E+02, 0.30000E+02, 0.00000E+00
 0.17000E+02, 0.15000E+02, 0.21999E+02, 0.30000E+02, 0.00000E+00
 0.18000E+02, 0.15000E+02, 0.21999E+02, 0.30000E+02, 0.00000E+00
 0.19000E+02, 0.15000E+02, 0.21999E+02, 0.30000E+02, 0.00000E+00
 0.20000E+02, 0.15000E+02, 0.21999E+02, 0.30000E+02, 0.00000E+00
 0.21000E+02, 0.15000E+02, 0.21999E+02, 0.30000E+02, 0.00000E+00
 0.22000E+02, 0.15000E+02, 0.21999E+02, 0.30000E+02, 0.00000E+00
 0.23000E+02, 0.15000E+02, 0.22000E+02, 0.30000E+02, 0.00000E+00
 0.24000E+02, 0.15000E+02, 0.22000E+02, 0.30000E+02, 0.00000E+00
 0.25000E+02, 0.15000E+02, 0.21999E+02, 0.30000E+02, 0.00000E+00
 0.26000E+02, 0.15000E+02, 0.21999E+02, 0.30000E+02, 0.00000E+00
 0.27000E+02, 0.15000E+02, 0.22000E+02, 0.30000E+02, 0.00000E+00
 0.28000E+02, 0.15000E+02, 0.21999E+02, 0.30000E+02, 0.00000E+00
 0.29000E+02, 0.15000E+02, 0.21999E+02, 0.30000E+02, 0.00000E+00
 0.30000E+02, 0.15000E+02, 0.21999E+02, 0.30000E+02, 0.00000E+00
 0.31000E+02, 0.15000E+02, 0.21999E+02, 0.30000E+02, 0.00000E+00
 0.32000E+02, 0.15000E+02, 0.21999E+02, 0.30000E+02, 0.00000E+00
 0.33000E+02, 0.15000E+02, 0.21999E+02, 0.30000E+02, 0.00000E+00
 0.34000E+02, 0.15000E+02, 0.21999E+02, 0.30000E+02, 0.00000E+00
 0.35000E+02, 0.15000E+02, 0.21999E+02, 0.30000E+02, 0.00000E+00
 0.36000E+02, 0.15000E+02, 0.22000E+02, 0.30000E+02, 0.00000E+00
 0.37000E+02, 0.15000E+02, 0.22000E+02, 0.30000E+02, 0.00000E+00
 0.38000E+02, 0.15000E+02, 0.21999E+02, 0.30000E+02, 0.00000E+00
 0.39000E+02, 0.15000E+02, 0.22000E+02, 0.30000E+02, 0.00000E+00
 0.40000E+02, 0.15000E+02, 0.21999E+02, 0.30000E+02, 0.00000E+00
 0.41000E+02, 0.15000E+02, 0.21999E+02, 0.30000E+02, 0.00000E+00
 0.42000E+02, 0.15000E+02, 0.21999E+02, 0.30000E+02, 0.00000E+00
 0.43000E+02, 0.15000E+02, 0.22000E+02, 0.30000E+02, 0.00000E+00
 0.44000E+02, 0.15000E+02, 0.21999E+02, 0.30000E+02, 0.00000E+00
 0.45000E+02, 0.15000E+02, 0.22000E+02, 0.30000E+02, 0.00000E+00
 0.46000E+02, 0.15000E+02, 0.22000E+02, 0.30000E+02, 0.00000E+00
 0.47000E+02, 0.15000E+02, 0.22000E+02, 0.30000E+02, 0.00000E+00
 0.48000E+02, 0.15000E+02, 0.21999E+02, 0.30000E+02, 0.00000E+00
 0.49000E+02, 0.15000E+02, 0.21999E+02, 0.30000E+02, 0.00000E+00
 0.50000E+02, 0.15000E+02, 0.22000E+02, 0.30000E+02, 0.00000E+00
 0.51000E+02, 0.15000E+02, 0.22000E+02, 0.30000E+02, 0.00000E+00
 0.52000E+02, 0.15000E+02, 0.22000E+02, 0.30000E+02, 0.00000E+00
 0.53000E+02, 0.15000E+02, 0.21999E+02, 0.30000E+02, 0.00000E+00
 0.54000E+02, 0.15000E+02, 0.22000E+02, 0.30000E+02, 0.00000E+00
 0.55000E+02, 0.15000E+02, 0.22000E+02, 0.30000E+02, 0.00000E+00
 0.56000E+02, 0.15000E+02, 0.22000E+02, 0.30000E+02, 0.00000E+00
 0.57000E+02, 0.15000E+02, 0.22000E+02, 0.30000E+02, 0.00000E+00
 0.58000E+02, 0.15000E+02, 0.21999E+02, 0.30000E+02, 0.00000E+00
 0.59000E+02, 0.15000E+02, 0.22000E+02, 0.30000E+02, 0.00000E+00
 0.60000E+02, 0.15000E+02, 0.22000E+02, 0.30000E+02, 0.00000E+00
 0.61000E+02, 0.15000E+02, 0.22000E+02, 0.30000E+02, 0.00000E+00
 0.62000E+02, 0.15000E+02, 0.22000E+02, 0.30000E+02, 0.00000E+00
 0.63000E+02, 0.15000E+02, 0.22000E+02, 0.30000E+02, 0.00000E+00
 0.64000E+02, 0.15000E+02, 0.22000E+02, 0.30000E+02, 0.00000E+00
 0.65000E+02, 0.15000E+02, 0.22000E+02, 0.30000E+02, 0.00000E+00
 0.00000E+00, 0.16000E+02, 0.18714E+02, 0.30000E+02, 0.00000E+00
 0.10000E+01, 0.16000E+02, 0.21009E+02, 0.30000E+02, 0.00000E+00
 0.20000E+01, 0.16000E+02, 0.21061E+02, 0.30000E+02, 0.00000E+00
 0.30000E+01, 0.16000E+02, 0.21001E+02, 0.30000E+02, 0.00000E+00
 0.40000E+01, 0.16000E+02, 0.20938E+02, 0.30000E+02, 0.00000E+00
 0.50000E+01, 0.16000E+02, 0.20917E+02, 0.30000E+02, 0.00000E+00
 0.60000E+01, 0.16000E+02, 0.20936E+02, 0.30000E+02, 0.00000E+00
 0.70000E+01, 0.16000E+02, 0.20928E+02, 0.30000E+02, 0.00000E+00
 0.80000E+01, 0.16000E+02, 0.22000E+02, 0.30000E+02, 0.00000E+00
 0.90000E+01, 0.16000E+02, 0.22000E+02, 0.30000E+02, 0.00000E+00
 0.10000E+02, 0.16000E+02, 0.21999E+02, 0.30000E+02, 0.00000E+00
 0.11000E+02, 0.16000E+02, 0.21999E+02, 0.30000E+02, 0.00000E+00
 0.12000E+02, 0.16000E+02, 0.22000E+02, 0.30000E+02, 0.00000E+00
 0.13000E+02, 0.16000E+02, 0.22000E+02, 0.30000E+02, 0.00000E+00
 0.14000E+02, 0.16000E+02, 0.21999E+02, 0.30000E+02, 0.00000E+00
 0.15000E+02, 0.16000E+02, 0.21999E+02, 0.30000E+02, 0.00000E+00
 0.16000E+02, 0.16000E+02, 0.21999E+02, 0.30000E+02, 0.00000E+00
 0.17000E+02, 0.16000E+02, 0.21999E+02, 0.30000E+02, 0.00000E+00
 0.18000E+02, 0.16000E+02, 0.21999E+02, 0.30000E+02, 0.00000E+00
 0.19000E+02, 0.16000E+02, 0.21999E+02, 0.30000E+02, 0.00000E+00
 0.20000E+02, 0.16000E+02, 0.21999E+02, 0.30000E+02, 0.00000E+00
 0.21000E+02, 0.16000E+02, 0.22000E+02, 0.30000E+02, 0.00000E+00
 0.22000E+02, 0.16000E+02, 0.21999E+02, 0.30000E+02, 0.00000E+00
 0.23000E+02, 0.16000E+02, 0.21999E+02, 0.30000E+02, 0.00000E+00
 0.24000E+02, 0.16000E+02, 0.22000E+02, 0.30000E+02, 0.00000E+00
 0.25000E+02, 0.16000E+02, 0.21999E+02, 0.30000E+02, 0.00000E+00
 0.26000E+02, 0.16000E+02, 0.21999E+02, 0.30000E+02, 0.00000E+00
 0.27000E+02, 0.16000E+02, 0.21999E+02, 0.30000E+02, 0.00000E+00
 0.28000E+02, 0.16000E+02, 0.21999E+02, 0.30000E+02, 0.00000E+00
 0.29000E+02, 0.16000E+02, 0.21999E+02, 0.30000E+02, 0.00000E+00
 0.30000E+02, 0.16000E+02, 0.21999E+02, 0.30000E+02, 0.00000E+00
 0.31000E+02, 0.16000E+02, 0.21999E+02, 0.30000E+02, 0.00000E+00
 0.32000E+02, 0.16000E+02, 0.21999E+02, 0.30000E+02, 0.00000E+00
 0.33000E+02, 0.16000E+02, 0.22000E+02, 0.30000E+02, 0.00000E+00
 0.34000E+02, 0.16000E+02, 0.22000E+02, 0.30000E+02, 0.00000E+00
 0.35000E+02, 0.16000E+02, 0.22000E+02, 0.30000E+02, 0.00000E+00
 0.36000E+02, 0.16000E+02, 0.21999E+02, 0.30000E+02, 0.00000E+00
 0.37000E+02, 0.16000E+02, 0.21999E+02, 0.30000E+02, 0.00000E+00
 0.38000E+02, 0.16000E+02, 0.22000E+02, 0.30000E+02, 0.00000E+00
 0.39000E+02, 0.16000E+02, 0.22000E+02, 0.30000E+02, 0.00000E+00
 0.40000E+02, 0.16000E+02, 0.22000E+02, 0.30000E+02, 0.00000E+00
 0.41000E+02, 0.16000E+02, 0.21999E+02, 0.30000E+02, 0.00000E+00
 0.42000E+02, 0.16000E+02, 0.22000E+02, 0.30000E+02, 0.00000E+00
 0.43000E+02, 0.16000E+02, 0.22000E+02, 0.30000E+02, 0.00000E+00
 0.44000E+02, 0.16000E+02, 0.22000E+02, 0.30000E+02, 0.00000E+00
 0.45000E+02, 0.16000E+02, 0.22000E+02, 0.30000E+02, 0.00000E+00
 0.46000E+02, 0.16000E+02, 0.22000E+02, 0.30000E+02, 0.00000E+00
 0.47000E+02, 0.16000E+02, 0.22000E+02, 0.30000E+02, 0.00000E+00
 0.48000E+02, 0.16000E+02, 0.22000E+02, 0.30000E+02, 0.00000E+00
 0.49000E+02, 0.16000E+02, 0.22000E+02, 0.30000E+02, 0.00000E+00
 0.50000E+02, 0.16000E+02, 0.22000E+02, 0.30000E+02, 0.00000E+00
 0.51000E+02, 0.16000E+02, 0.22000E+02, 0.30000E+02, 0.00000E+00
 0.52000E+02, 0.16000E+02, 0.22000E+02, 0.30000E+02, 0.00000E+00
 0.53000E+02, 0.16000E+02, 0.22000E+02, 0.30000E+02, 0.00000E+00
 0.54000E+02, 0.16000E+02, 0.22000E+02, 0.30000E+02, 0.00000E+00
 0.55000E+02, 0.16000E+02, 0.22000E+02, 0.30000E+02, 0.00000E+00
 0.56000E+02, 0.16000E+02, 0.21999E+02, 0.30000E+02, 0.00000E+00
 0.57000E+02, 0.16000E+02, 0.21999E+02, 0.30000E+02, 0.00000E+00
 0.58000E+02, 0.16000E+02, 0.21999E+02, 0.30000E+02, 0.00000E+00
 0.59000E+02, 0.16000E+02, 0.22000E+02, 0.30000E+02, 0.00000E+00
 0.60000E+02, 0.16000E+02, 0.21999E+02, 0.30000E+02, 0.00000E+00
 0.61000E+02, 0.16000E+02, 0.22000E+02, 0.30000E+02, 0.00000E+00
 0.62000E+02, 0.16000E+02, 0.22000E+02, 0.30000E+02, 0.00000E+00
 0.63000E+02, 0.16000E+02, 0.22000E+02, 0.30000E+02, 0.00000E+00
 0.64000E+02, 0.16000E+02, 0.22000E+02, 0.30000E+02, 0.00000E+00
 0.65000E+02, 0.16000E+02, 0.22000E+02, 0.30000E+02, 0.00000E+00
 0.00000E+00, 0.17000E+02, 0.18449E+02, 0.30000E+02, 0.00000E+00
 0.10000E+01, 0.17000E+02, 0.20889E+02, 0.30000E+02, 0.00000E+00
 0.20000E+01, 0.17000E+02, 0.20958E+02, 0.30000E+02, 0.00000E+00
 0.30000E+01, 0.17000E+02, 0.20912E+02, 0.30000E+02, 0.00000E+00
 0.40000E+01, 0.17000E+02, 0.21025E+02, 0.30000E+02, 0.00000E+00
 0.50000E+01, 0.17000E+02, 0.20879E+02, 0.30000E+02, 0.00000E+00
 0.60000E+01, 0.17000E+02, 0.20846E+02, 0.30000E+02, 0.00000E+00
 0.70000E+01, 0.17000E+02, 0.20934E+02, 0.30000E+02, 0.00000E+00
 0.80000E+01, 0.17000E+02, 0.22000E+02, 0.30000E+02, 0.00000E+00
 0.90000E+01, 0.17000E+02, 0.22000E+02, 0.30000E+02, 0.00000E+00
 0.10000E+02, 0.17000E+02, 0.22000E+02, 0.30000E+02, 0.00000E+00
 0.11000E+02, 0.17000E+02, 0.22000E+02, 0.30000E+02, 0.00000E+00
 0.12000E+02, 0.17000E+02, 0.22000E+02, 0.30000E+02, 0.00000E+00
 0.13000E+02, 0.17000E+02, 0.22000E+02, 0.30000E+02, 0.00000E+00
 0.14000E+02, 0.17000E+02, 0.21999E+02, 0.30000E+02, 0.00000E+00
 0.15000E+02, 0.17000E+02, 0.21999E+02, 0.30000E+02, 0.00000E+00
 0.16000E+02, 0.17000E+02, 0.21999E+02, 0.30000E+02, 0.00000E+00
 0.17000E+02, 0.17000E+02, 0.21999E+02, 0.30000E+02, 0.00000E+00
 0.18000E+02, 0.17000E+02, 0.21999E+02, 0.30000E+02, 0.00000E+00
 0.19000E+02, 0.17000E+02, 0.21999E+02, 0.30000E+02, 0.00000E+00
 0.20000E+02, 0.17000E+02, 0.22000E+02, 0.30000E+02, 0.00000E+00
 0.21000E+02, 0.17000E+02, 0.21999E+02, 0.30000E+02, 0.00000E+00
 0.22000E+02, 0.17000E+02, 0.22000E+02, 0.30000E+02, 0.00000E+00
 0.23000E+02, 0.17000E+02, 0.21999E+02, 0.30000E+02, 0.00000E+00
 0.24000E+02, 0.17000E+02, 0.21999E+02, 0.30000E+02, 0.00000E+00
 0.25000E+02, 0.17000E+02, 0.21999E+02, 0.30000E+02, 0.00000E+00
 0.26000E+02, 0.17000E+02, 0.21999E+02, 0.30000E+02, 0.00000E+00
 0.27000E+02, 0.17000E+02, 0.21999E+02, 0.30000E+02, 0.00000E+00
 0.28000E+02, 0.17000E+02, 0.21999E+02, 0.30000E+02, 0.00000E+00
 0.29000E+02, 0.17000E+02, 0.21999E+02, 0.30000E+02, 0.00000E+00
 0.30000E+02, 0.17000E+02, 0.21999E+02, 0.30000E+02, 0.00000E+00
 0.31000E+02, 0.17000E+02, 0.21999E+02, 0.30000E+02, 0.00000E+00
 0.32000E+02, 0.17000E+02, 0.21999E+02, 0.30000E+02, 0.00000E+00
 0.33000E+02, 0.17000E+02, 0.21999E+02, 0.30000E+02, 0.00000E+00
 0.34000E+02, 0.17000E+02, 0.21999E+02, 0.30000E+02, 0.00000E+00
 0.35000E+02, 0.17000E+02, 0.21999E+02, 0.30000E+02, 0.00000E+00
 0.36000E+02, 0.17000E+02, 0.22000E+02, 0.30000E+02, 0.00000E+00
 0.37000E+02, 0.17000E+02, 0.22000E+02, 0.30000E+02, 0.00000E+00
 0.38000E+02, 0.17000E+02, 0.22000E+02, 0.30000E+02, 0.00000E+00
 0.39000E+02, 0.17000E+02, 0.21999E+02, 0.30000E+02, 0.00000E+00
 0.40000E+02, 0.17000E+02, 0.22000E+02, 0.30000E+02, 0.00000E+00
 0.41000E+02, 0.17000E+02, 0.22000E+02, 0.30000E+02, 0.00000E+00
 0.42000E+02, 0.17000E+02, 0.22000E+02, 0.30000E+02, 0.00000E+00
 0.43000E+02, 0.17000E+02, 0.22000E+02, 0.30000E+02, 0.00000E+00
 0.44000E+02, 0.17000E+02, 0.21999E+02, 0.30000E+02, 0.00000E+00
 0.45000E+02, 0.17000E+02, 0.22000E+02, 0.30000E+02, 0.00000E+00
 0.46000E+02, 0.17000E+02, 0.21999E+02, 0.30000E+02, 0.00000E+00
 0.47000E+02, 0.17000E+02, 0.21999E+02, 0.30000E+02, 0.00000E+00
 0.48000E+02, 0.17000E+02, 0.22000E+02, 0.30000E+02, 0.00000E+00
 0.49000E+02, 0.17000E+02, 0.22000E+02, 0.30000E+02, 0.00000E+00
 0.50000E+02, 0.17000E+02, 0.21999E+02, 0.30000E+02, 0.00000E+00
 0.51000E+02, 0.17000E+02, 0.22000E+02, 0.30000E+02, 0.00000E+00
 0.52000E+02, 0.17000E+02, 0.22000E+02, 0.30000E+02, 0.00000E+00
 0.53000E+02, 0.17000E+02, 0.22000E+02, 0.30000E+02, 0.00000E+00
 0.54000E+02, 0.17000E+02, 0.21999E+02, 0.30000E+02, 0.00000E+00
 0.55000E+02, 0.17000E+02, 0.22000E+02, 0.30000E+02, 0.00000E+00
 0.56000E+02, 0.17000E+02, 0.22000E+02, 0.30000E+02, 0.00000E+00
 0.57000E+02, 0.17000E+02, 0.21999E+02, 0.30000E+02, 0.00000E+00
 0.58000E+02, 0.17000E+02, 0.21999E+02, 0.30000E+02, 0.00000E+00
 0.59000E+02, 0.17000E+02, 0.21999E+02, 0.30000E+02, 0.00000E+00
 0.60000E+02, 0.17000E+02, 0.21999E+02, 0.30000E+02, 0.00000E+00
 0.61000E+02, 0.17000E+02, 0.21999E+02, 0.30000E+02, 0.00000E+00
 0.62000E+02, 0.17000E+02, 0.22000E+02, 0.30000E+02, 0.00000E+00
 0.63000E+02, 0.17000E+02, 0.21999E+02, 0.30000E+02, 0.00000E+00
 0.64000E+02, 0.17000E+02, 0.22000E+02, 0.30000E+02, 0.00000E+00
 0.65000E+02, 0.17000E+02, 0.22000E+02, 0.30000E+02, 0.00000E+00
 0.00000E+00, 0.18000E+02, 0.18982E+02, 0.30000E+02, 0.00000E+00
 0.10000E+01, 0.18000E+02, 0.21031E+02, 0.30000E+02, 0.00000E+00
 0.20000E+01, 0.18000E+02, 0.20941E+02, 0.30000E+02, 0.00000E+00
 0.30000E+01, 0.18000E+02, 0.20944E+02, 0.30000E+02, 0.00000E+00
 0.40000E+01, 0.18000E+02, 0.20952E+02, 0.30000E+02, 0.00000E+00
 0.50000E+01, 0.18000E+02, 0.20906E+02, 0.30000E+02, 0.00000E+00
 0.60000E+01, 0.18000E+02, 0.21000E+02, 0.30000E+02, 0.00000E+00
 0.70000E+01, 0.18000E+02, 0.20900E+02, 0.30000E+02, 0.00000E+00
 0.80000E+01, 0.18000E+02, 0.22000E+02, 0.30000E+02, 0.00000E+00
 0.90000E+01, 0.18000E+02, 0.22000E+02, 0.30000E+02, 0.00000E+00
 0.10000E+02, 0.18000E+02, 0.21999E+02, 0.30000E+02, 0.00000E+00
 0.11000E+02, 0.18000E+02, 0.22000E+02, 0.30000E+02, 0.00000E+00
 0.12000E+02, 0.18000E+02, 0.22000E+02, 0.30000E+02, 0.00000E+00
 0.13000E+02, 0.18000E+02, 0.21998E+02, 0.30000E+02, 0.00000E+00
 0.14000E+02, 0.18000E+02, 0.21999E+02, 0.30000E+02, 0.00000E+00
 0.15000E+02, 0.18000E+02, 0.21999E+02, 0.30000E+02, 0.00000E+00
 0.16000E+02, 0.18000E+02, 0.21999E+02, 0.30000E+02, 0.00000E+00
 0.17000E+02, 0.18000E+02, 0.21999E+02, 0.30000E+02, 0.00000E+00
 0.18000E+02, 0.18000E+02, 0.21993E+02, 0.30000E+02, 0.00000E+00
 0.19000E+02, 0.18000E+02, 0.22008E+02, 0.30000E+02, 0.00000E+00
 0.20000E+02, 0.18000E+02, 0.22011E+02, 0.30000E+02, 0.00000E+00
 0.21000E+02, 0.18000E+02, 0.22007E+02, 0.30000E+02, 0.00000E+00
 0.22000E+02, 0.18000E+02, 0.22009E+02, 0.30000E+02, 0.00000E+00
 0.23000E+02, 0.18000E+02, 0.22010E+02, 0.30000E+02, 0.00000E+00
 0.24000E+02, 0.18000E+02, 0.22009E+02, 0.30000E+02, 0.00000E+00
 0.25000E+02, 0.18000E+02, 0.22014E+02, 0.30000E+02, 0.00000E+00
 0.26000E+02, 0.18000E+02, 0.22019E+02, 0.30000E+02, 0.00000E+00
 0.27000E+02, 0.18000E+02, 0.22019E+02, 0.30000E+02, 0.00000E+00
 0.28000E+02, 0.18000E+02, 0.22018E+02, 0.30000E+02, 0.00000E+00
 0.29000E+02, 0.18000E+02, 0.22002E+02, 0.30000E+02, 0.00000E+00
 0.30000E+02, 0.18000E+02, 0.21957E+02, 0.30000E+02, 0.00000E+00
 0.31000E+02, 0.18000E+02, 0.21971E+02, 0.30000E+02, 0.00000E+00
 0.32000E+02, 0.18000E+02, 0.21983E+02, 0.30000E+02, 0.00000E+00
 0.33000E+02, 0.18000E+02, 0.21995E+02, 0.30000E+02, 0.00000E+00
 0.34000E+02, 0.18000E+02, 0.21987E+02, 0.30000E+02, 0.00000E+00
 0.35000E+02, 0.18000E+02, 0.21997E+02, 0.30000E+02, 0.00000E+00
 0.36000E+02, 0.18000E+02, 0.21996E+02, 0.30000E+02, 0.00000E+00
 0.37000E+02, 0.18000E+02, 0.21985E+02, 0.30000E+02, 0.00000E+00
 0.38000E+02, 0.18000E+02, 0.21994E+02, 0.30000E+02, 0.00000E+00
 0.39000E+02, 0.18000E+02, 0.21995E+02, 0.30000E+02, 0.00000E+00
 0.40000E+02, 0.18000E+02, 0.21996E+02, 0.30000E+02, 0.00000E+00
 0.41000E+02, 0.18000E+02, 0.21997E+02, 0.30000E+02, 0.00000E+00
 0.42000E+02, 0.18000E+02, 0.21995E+02, 0.30000E+02, 0.00000E+00
 0.43000E+02, 0.18000E+02, 0.21997E+02, 0.30000E+02, 0.00000E+00
 0.44000E+02, 0.18000E+02, 0.21992E+02, 0.30000E+02, 0.00000E+00
 0.45000E+02, 0.18000E+02, 0.21981E+02, 0.30000E+02, 0.00000E+00
 0.46000E+02, 0.18000E+02, 0.21974E+02, 0.30000E+02, 0.00000E+00
 0.47000E+02, 0.18000E+02, 0.21984E+02, 0.30000E+02, 0.00000E+00
 0.48000E+02, 0.18000E+02, 0.22004E+02, 0.30000E+02, 0.00000E+00
 0.49000E+02, 0.18000E+02, 0.22004E+02, 0.30000E+02, 0.00000E+00
 0.50000E+02, 0.18000E+02, 0.22006E+02, 0.30000E+02, 0.00000E+00
 0.51000E+02, 0.18000E+02, 0.22005E+02, 0.30000E+02, 0.00000E+00
 0.52000E+02, 0.18000E+02, 0.22003E+02, 0.30000E+02, 0.00000E+00
 0.53000E+02, 0.18000E+02, 0.22011E+02, 0.30000E+02, 0.00000E+00
 0.54000E+02, 0.18000E+02, 0.22005E+02, 0.30000E+02, 0.00000E+00
 0.55000E+02, 0.18000E+02, 0.22015E+02, 0.30000E+02, 0.00000E+00
 0.56000E+02, 0.18000E+02, 0.22008E+02, 0.30000E+02, 0.00000E+00
 0.57000E+02, 0.18000E+02, 0.22029E+02, 0.30000E+02, 0.00000E+00
 0.58000E+02, 0.18000E+02, 0.22006E+02, 0.30000E+02, 0.00000E+00
 0.59000E+02, 0.18000E+02, 0.22000E+02, 0.30000E+02, 0.00000E+00
 0.60000E+02, 0.18000E+02, 0.21999E+02, 0.30000E+02, 0.00000E+00
 0.61000E+02, 0.18000E+02, 0.21999E+02, 0.30000E+02, 0.00000E+00
 0.62000E+02, 0.18000E+02, 0.21999E+02, 0.30000E+02, 0.00000E+00
 0.63000E+02, 0.18000E+02, 0.22000E+02, 0.30000E+02, 0.00000E+00
 0.64000E+02, 0.18000E+02, 0.22000E+02, 0.30000E+02, 0.00000E+00
 0.65000E+02, 0.18000E+02, 0.22000E+02, 0.30000E+02, 0.00000E+00
 0.00000E+00, 0.19000E+02, 0.18996E+02, 0.30000E+02, 0.00000E+00
 0.10000E+01, 0.19000E+02, 0.21363E+02, 0.30000E+02, 0.00000E+00
 0.20000E+01, 0.19000E+02, 0.21306E+02, 0.30000E+02, 0.00000E+00
 0.30000E+01, 0.19000E+02, 0.21235E+02, 0.30000E+02, 0.00000E+00
 0.40000E+01, 0.19000E+02, 0.21119E+02, 0.30000E+02, 0.00000E+00
 0.50000E+01, 0.19000E+02, 0.21316E+02, 0.30000E+02, 0.00000E+00
 0.60000E+01, 0.19000E+02, 0.21030E+02, 0.30000E+02, 0.00000E+00
 0.70000E+01, 0.19000E+02, 0.21303E+02, 0.30000E+02, 0.00000E+00
 0.80000E+01, 0.19000E+02, 0.22000E+02, 0.30000E+02, 0.00000E+00
 0.90000E+01, 0.19000E+02, 0.22000E+02, 0.30000E+02, 0.00000E+00
 0.10000E+02, 0.19000E+02, 0.22000E+02, 0.30000E+02, 0.00000E+00
 0.11000E+02, 0.19000E+02, 0.22012E+02, 0.30000E+02, 0.00000E+00
 0.12000E+02, 0.19000E+02, 0.22040E+02, 0.30000E+02, 0.00000E+00
 0.13000E+02, 0.19000E+02, 0.22004E+02, 0.30000E+02, 0.00000E+00
 0.14000E+02, 0.19000E+02, 0.21999E+02, 0.30000E+02, 0.00000E+00
 0.15000E+02, 0.19000E+02, 0.21999E+02, 0.30000E+02, 0.00000E+00
 0.16000E+02, 0.19000E+02, 0.21999E+02, 0.30000E+02, 0.00000E+00
 0.17000E+02, 0.19000E+02, 0.21999E+02, 0.30000E+02, 0.00000E+00
 0.18000E+02, 0.19000E+02, 0.21737E+02, 0.30000E+02, 0.00000E+00
 0.19000E+02, 0.19000E+02, 0.22255E+02, 0.30000E+02, 0.00000E+00
 0.20000E+02, 0.19000E+02, 0.22277E+02, 0.30000E+02, 0.00000E+00
 0.21000E+02, 0.19000E+02, 0.22279E+02, 0.30000E+02, 0.00000E+00
 0.22000E+02, 0.19000E+02, 0.22338E+02, 0.30000E+02, 0.00000E+00
 0.23000E+02, 0.19000E+02, 0.22311E+02, 0.30000E+02, 0.00000E+00
 0.24000E+02, 0.19000E+02, 0.22297E+02, 0.30000E+02, 0.00000E+00
 0.25000E+02, 0.19000E+02, 0.22288E+02, 0.30000E+02, 0.00000E+00
 0.26000E+02, 0.19000E+02, 0.22285E+02, 0.30000E+02, 0.00000E+00
 0.27000E+02, 0.19000E+02, 0.22213E+02, 0.30000E+02, 0.00000E+00
 0.28000E+02, 0.19000E+02, 0.22134E+02, 0.30000E+02, 0.00000E+00
 0.29000E+02, 0.19000E+02, 0.21724E+02, 0.30000E+02, 0.00000E+00
 0.30000E+02, 0.19000E+02, 0.22684E+02, 0.30000E+02, 0.00000E+00
 0.31000E+02, 0.19000E+02, 0.22590E+02, 0.30000E+02, 0.00000E+00
 0.32000E+02, 0.19000E+02, 0.22631E+02, 0.30000E+02, 0.00000E+00
 0.33000E+02, 0.19000E+02, 0.22592E+02, 0.30000E+02, 0.00000E+00
 0.34000E+02, 0.19000E+02, 0.22529E+02, 0.30000E+02, 0.00000E+00
 0.35000E+02, 0.19000E+02, 0.22415E+02, 0.30000E+02, 0.00000E+00
 0.36000E+02, 0.19000E+02, 0.22344E+02, 0.30000E+02, 0.00000E+00
 0.37000E+02, 0.19000E+02, 0.22123E+02, 0.30000E+02, 0.00000E+00
 0.38000E+02, 0.19000E+02, 0.22264E+02, 0.30000E+02, 0.00000E+00
 0.39000E+02, 0.19000E+02, 0.22335E+02, 0.30000E+02, 0.00000E+00
 0.40000E+02, 0.19000E+02, 0.22373E+02, 0.30000E+02, 0.00000E+00
 0.41000E+02, 0.19000E+02, 0.22374E+02, 0.30000E+02, 0.00000E+00
 0.42000E+02, 0.19000E+02, 0.22365E+02, 0.30000E+02, 0.00000E+00
 0.43000E+02, 0.19000E+02, 0.22335E+02, 0.30000E+02, 0.00000E+00
 0.44000E+02, 0.19000E+02, 0.22282E+02, 0.30000E+02, 0.00000E+00
 0.45000E+02, 0.19000E+02, 0.22261E+02, 0.30000E+02, 0.00000E+00
 0.46000E+02, 0.19000E+02, 0.22147E+02, 0.30000E+02, 0.00000E+00
 0.47000E+02, 0.19000E+02, 0.22086E+02, 0.30000E+02, 0.00000E+00
 0.48000E+02, 0.19000E+02, 0.22397E+02, 0.30000E+02, 0.00000E+00
 0.49000E+02, 0.19000E+02, 0.22464E+02, 0.30000E+02, 0.00000E+00
 0.50000E+02, 0.19000E+02, 0.22407E+02, 0.30000E+02, 0.00000E+00
 0.51000E+02, 0.19000E+02, 0.22394E+02, 0.30000E+02, 0.00000E+00
 0.52000E+02, 0.19000E+02, 0.22418E+02, 0.30000E+02, 0.00000E+00
 0.53000E+02, 0.19000E+02, 0.22322E+02, 0.30000E+02, 0.00000E+00
 0.54000E+02, 0.19000E+02, 0.22388E+02, 0.30000E+02, 0.00000E+00
 0.55000E+02, 0.19000E+02, 0.22276E+02, 0.30000E+02, 0.00000E+00
 0.56000E+02, 0.19000E+02, 0.22310E+02, 0.30000E+02, 0.00000E+00
 0.57000E+02, 0.19000E+02, 0.22253E+02, 0.30000E+02, 0.00000E+00
 0.58000E+02, 0.19000E+02, 0.22196E+02, 0.30000E+02, 0.00000E+00
 0.59000E+02, 0.19000E+02, 0.22000E+02, 0.30000E+02, 0.00000E+00
 0.60000E+02, 0.19000E+02, 0.22000E+02, 0.30000E+02, 0.00000E+00
 0.61000E+02, 0.19000E+02, 0.22000E+02, 0.30000E+02, 0.00000E+00
 0.62000E+02, 0.19000E+02, 0.21999E+02, 0.30000E+02, 0.00000E+00
 0.63000E+02, 0.19000E+02, 0.21999E+02, 0.30000E+02, 0.00000E+00
 0.64000E+02, 0.19000E+02, 0.22000E+02, 0.30000E+02, 0.00000E+00
 0.65000E+02, 0.19000E+02, 0.22000E+02, 0.30000E+02, 0.00000E+00
 0.00000E+00, 0.20000E+02, 0.18179E+02, 0.30000E+02, 0.00000E+00
 0.10000E+01, 0.20000E+02, 0.20799E+02, 0.30000E+02, 0.00000E+00
 0.20000E+01, 0.20000E+02, 0.20896E+02, 0.30000E+02, 0.00000E+00
 0.30000E+01, 0.20000E+02, 0.20752E+02, 0.30000E+02, 0.00000E+00
 0.40000E+01, 0.20000E+02, 0.20788E+02, 0.30000E+02, 0.00000E+00
 0.50000E+01, 0.20000E+02, 0.20730E+02, 0.30000E+02, 0.00000E+00
 0.60000E+01, 0.20000E+02, 0.20947E+02, 0.30000E+02, 0.00000E+00
 0.70000E+01, 0.20000E+02, 0.20980E+02, 0.30000E+02, 0.00000E+00
 0.80000E+01, 0.20000E+02, 0.22000E+02, 0.30000E+02, 0.00000E+00
 0.90000E+01, 0.20000E+02, 0.22000E+02, 0.30000E+02, 0.00000E+00
 0.10000E+02, 0.20000E+02, 0.21999E+02, 0.30000E+02, 0.00000E+00
 0.11000E+02, 0.20000E+02, 0.21999E+02, 0.30000E+02, 0.00000E+00
 0.12000E+02, 0.20000E+02, 0.22001E+02, 0.30000E+02, 0.00000E+00
 0.13000E+02, 0.20000E+02, 0.22000E+02, 0.30000E+02, 0.00000E+00
 0.14000E+02, 0.20000E+02, 0.21999E+02, 0.30000E+02, 0.00000E+00
 0.15000E+02, 0.20000E+02, 0.21999E+02, 0.30000E+02, 0.00000E+00
 0.16000E+02, 0.20000E+02, 0.22000E+02, 0.30000E+02, 0.00000E+00
 0.17000E+02, 0.20000E+02, 0.22000E+02, 0.30000E+02, 0.00000E+00
 0.18000E+02, 0.20000E+02, 0.21805E+02, 0.30000E+02, 0.00000E+00
 0.19000E+02, 0.20000E+02, 0.22004E+02, 0.30000E+02, 0.00000E+00
 0.20000E+02, 0.20000E+02, 0.21999E+02, 0.30000E+02, 0.00000E+00
 0.21000E+02, 0.20000E+02, 0.22000E+02, 0.30000E+02, 0.00000E+00
 0.22000E+02, 0.20000E+02, 0.21999E+02, 0.30000E+02, 0.00000E+00
 0.23000E+02, 0.20000E+02, 0.21999E+02, 0.30000E+02, 0.00000E+00
 0.24000E+02, 0.20000E+02, 0.22000E+02, 0.30000E+02, 0.00000E+00
 0.25000E+02, 0.20000E+02, 0.22000E+02, 0.30000E+02, 0.00000E+00
 0.26000E+02, 0.20000E+02, 0.22000E+02, 0.30000E+02, 0.00000E+00
 0.27000E+02, 0.20000E+02, 0.22000E+02, 0.30000E+02, 0.00000E+00
 0.28000E+02, 0.20000E+02, 0.22000E+02, 0.30000E+02, 0.00000E+00
 0.29000E+02, 0.20000E+02, 0.21638E+02, 0.30000E+02, 0.00000E+00
 0.30000E+02, 0.20000E+02, 0.22039E+02, 0.30000E+02, 0.00000E+00
 0.31000E+02, 0.20000E+02, 0.22000E+02, 0.30000E+02, 0.00000E+00
 0.32000E+02, 0.20000E+02, 0.22000E+02, 0.30000E+02, 0.00000E+00
 0.33000E+02, 0.20000E+02, 0.22000E+02, 0.30000E+02, 0.00000E+00
 0.34000E+02, 0.20000E+02, 0.22000E+02, 0.30000E+02, 0.00000E+00
 0.35000E+02, 0.20000E+02, 0.22000E+02, 0.30000E+02, 0.00000E+00
 0.36000E+02, 0.20000E+02, 0.22000E+02, 0.30000E+02, 0.00000E+00
 0.37000E+02, 0.20000E+02, 0.22000E+02, 0.30000E+02, 0.00000E+00
 0.38000E+02, 0.20000E+02, 0.22000E+02, 0.30000E+02, 0.00000E+00
 0.39000E+02, 0.20000E+02, 0.22000E+02, 0.30000E+02, 0.00000E+00
 0.40000E+02, 0.20000E+02, 0.22000E+02, 0.30000E+02, 0.00000E+00
 0.41000E+02, 0.20000E+02, 0.22000E+02, 0.30000E+02, 0.00000E+00
 0.42000E+02, 0.20000E+02, 0.22000E+02, 0.30000E+02, 0.00000E+00
 0.43000E+02, 0.20000E+02, 0.22000E+02, 0.30000E+02, 0.00000E+00
 0.44000E+02, 0.20000E+02, 0.22000E+02, 0.30000E+02, 0.00000E+00
 0.45000E+02, 0.20000E+02, 0.22000E+02, 0.30000E+02, 0.00000E+00
 0.46000E+02, 0.20000E+02, 0.22000E+02, 0.30000E+02, 0.00000E+00
 0.47000E+02, 0.20000E+02, 0.21854E+02, 0.30000E+02, 0.00000E+00
 0.48000E+02, 0.20000E+02, 0.21978E+02, 0.30000E+02, 0.00000E+00
 0.49000E+02, 0.20000E+02, 0.22000E+02, 0.30000E+02, 0.00000E+00
 0.50000E+02, 0.20000E+02, 0.22000E+02, 0.30000E+02, 0.00000E+00
 0.51000E+02, 0.20000E+02, 0.22000E+02, 0.30000E+02, 0.00000E+00
 0.52000E+02, 0.20000E+02, 0.22000E+02, 0.30000E+02, 0.00000E+00
 0.53000E+02, 0.20000E+02, 0.21999E+02, 0.30000E+02, 0.00000E+00
 0.54000E+02, 0.20000E+02, 0.22000E+02, 0.30000E+02, 0.00000E+00
 0.55000E+02, 0.20000E+02, 0.21999E+02, 0.30000E+02, 0.00000E+00
 0.56000E+02, 0.20000E+02, 0.22000E+02, 0.30000E+02, 0.00000E+00
 0.57000E+02, 0.20000E+02, 0.22000E+02, 0.30000E+02, 0.00000E+00
 0.58000E+02, 0.20000E+02, 0.22001E+02, 0.30000E+02, 0.00000E+00
 0.59000E+02, 0.20000E+02, 0.22000E+02, 0.30000E+02, 0.00000E+00
 0.60000E+02, 0.20000E+02, 0.22000E+02, 0.30000E+02, 0.00000E+00
 0.61000E+02, 0.20000E+02, 0.22000E+02, 0.30000E+02, 0.00000E+00
 0.62000E+02, 0.20000E+02, 0.22000E+02, 0.30000E+02, 0.00000E+00
 0.63000E+02, 0.20000E+02, 0.21999E+02, 0.30000E+02, 0.00000E+00
 0.64000E+02, 0.20000E+02, 0.21999E+02, 0.30000E+02, 0.00000E+00
 0.65000E+02, 0.20000E+02, 0.21999E+02, 0.30000E+02, 0.00000E+00
 0.00000E+00, 0.21000E+02, 0.18457E+02, 0.30000E+02, 0.00000E+00
 0.10000E+01, 0.21000E+02, 0.20802E+02, 0.30000E+02, 0.00000E+00
 0.20000E+01, 0.21000E+02, 0.20691E+02, 0.30000E+02, 0.00000E+00
 0.30000E+01, 0.21000E+02, 0.20687E+02, 0.30000E+02, 0.00000E+00
 0.40000E+01, 0.21000E+02, 0.20726E+02, 0.30000E+02, 0.00000E+00
 0.50000E+01, 0.21000E+02, 0.20802E+02, 0.30000E+02, 0.00000E+00
 0.60000E+01, 0.21000E+02, 0.20827E+02, 0.30000E+02, 0.00000E+00
 0.70000E+01, 0.21000E+02, 0.20874E+02, 0.30000E+02, 0.00000E+00
 0.80000E+01, 0.21000E+02, 0.22000E+02, 0.30000E+02, 0.00000E+00
 0.90000E+01, 0.21000E+02, 0.22000E+02, 0.30000E+02, 0.00000E+00
 0.10000E+02, 0.21000E+02, 0.22000E+02, 0.30000E+02, 0.00000E+00
 0.11000E+02, 0.21000E+02, 0.21994E+02, 0.30000E+02, 0.00000E+00
 0.12000E+02, 0.21000E+02, 0.22036E+02, 0.30000E+02, 0.00000E+00
 0.13000E+02, 0.21000E+02, 0.21957E+02, 0.30000E+02, 0.00000E+00
 0.14000E+02, 0.21000E+02, 0.21999E+02, 0.30000E+02, 0.00000E+00
 0.15000E+02, 0.21000E+02, 0.21999E+02, 0.30000E+02, 0.00000E+00
 0.16000E+02, 0.21000E+02, 0.21999E+02, 0.30000E+02, 0.00000E+00
 0.17000E+02, 0.21000E+02, 0.22000E+02, 0.30000E+02, 0.00000E+00
 0.18000E+02, 0.21000E+02, 0.21796E+02, 0.30000E+02, 0.00000E+00
 0.19000E+02, 0.21000E+02, 0.22010E+02, 0.30000E+02, 0.00000E+00
 0.20000E+02, 0.21000E+02, 0.21999E+02, 0.30000E+02, 0.00000E+00
 0.21000E+02, 0.21000E+02, 0.21999E+02, 0.30000E+02, 0.00000E+00
 0.22000E+02, 0.21000E+02, 0.22000E+02, 0.30000E+02, 0.00000E+00
 0.23000E+02, 0.21000E+02, 0.21999E+02, 0.30000E+02, 0.00000E+00
 0.24000E+02, 0.21000E+02, 0.22000E+02, 0.30000E+02, 0.00000E+00
 0.25000E+02, 0.21000E+02, 0.22000E+02, 0.30000E+02, 0.00000E+00
 0.26000E+02, 0.21000E+02, 0.22000E+02, 0.30000E+02, 0.00000E+00
 0.27000E+02, 0.21000E+02, 0.22000E+02, 0.30000E+02, 0.00000E+00
 0.28000E+02, 0.21000E+02, 0.22000E+02, 0.30000E+02, 0.00000E+00
 0.29000E+02, 0.21000E+02, 0.21640E+02, 0.30000E+02, 0.00000E+00
 0.30000E+02, 0.21000E+02, 0.22013E+02, 0.30000E+02, 0.00000E+00
 0.31000E+02, 0.21000E+02, 0.22000E+02, 0.30000E+02, 0.00000E+00
 0.32000E+02, 0.21000E+02, 0.22000E+02, 0.30000E+02, 0.00000E+00
 0.33000E+02, 0.21000E+02, 0.22000E+02, 0.30000E+02, 0.00000E+00
 0.34000E+02, 0.21000E+02, 0.22000E+02, 0.30000E+02, 0.00000E+00
 0.35000E+02, 0.21000E+02, 0.22000E+02, 0.30000E+02, 0.00000E+00
 0.36000E+02, 0.21000E+02, 0.22000E+02, 0.30000E+02, 0.00000E+00
 0.37000E+02, 0.21000E+02, 0.22000E+02, 0.30000E+02, 0.00000E+00
 0.38000E+02, 0.21000E+02, 0.22000E+02, 0.30000E+02, 0.00000E+00
 0.39000E+02, 0.21000E+02, 0.22000E+02, 0.30000E+02, 0.00000E+00
 0.40000E+02, 0.21000E+02, 0.22000E+02, 0.30000E+02, 0.00000E+00
 0.41000E+02, 0.21000E+02, 0.22000E+02, 0.30000E+02, 0.00000E+00
 0.42000E+02, 0.21000E+02, 0.22000E+02, 0.30000E+02, 0.00000E+00
 0.43000E+02, 0.21000E+02, 0.22000E+02, 0.30000E+02, 0.00000E+00
 0.44000E+02, 0.21000E+02, 0.22000E+02, 0.30000E+02, 0.00000E+00
 0.45000E+02, 0.21000E+02, 0.22000E+02, 0.30000E+02, 0.00000E+00
 0.46000E+02, 0.21000E+02, 0.22000E+02, 0.30000E+02, 0.00000E+00
 0.47000E+02, 0.21000E+02, 0.21834E+02, 0.30000E+02, 0.00000E+00
 0.48000E+02, 0.21000E+02, 0.21994E+02, 0.30000E+02, 0.00000E+00
 0.49000E+02, 0.21000E+02, 0.22000E+02, 0.30000E+02, 0.00000E+00
 0.50000E+02, 0.21000E+02, 0.21999E+02, 0.30000E+02, 0.00000E+00
 0.51000E+02, 0.21000E+02, 0.22000E+02, 0.30000E+02, 0.00000E+00
 0.52000E+02, 0.21000E+02, 0.22000E+02, 0.30000E+02, 0.00000E+00
 0.53000E+02, 0.21000E+02, 0.22000E+02, 0.30000E+02, 0.00000E+00
 0.54000E+02, 0.21000E+02, 0.22000E+02, 0.30000E+02, 0.00000E+00
 0.55000E+02, 0.21000E+02, 0.22000E+02, 0.30000E+02, 0.00000E+00
 0.56000E+02, 0.21000E+02, 0.22000E+02, 0.30000E+02, 0.00000E+00
 0.57000E+02, 0.21000E+02, 0.22000E+02, 0.30000E+02, 0.00000E+00
 0.58000E+02, 0.21000E+02, 0.21999E+02, 0.30000E+02, 0.00000E+00
 0.59000E+02, 0.21000E+02, 0.22000E+02, 0.30000E+02, 0.00000E+00
 0.60000E+02, 0.21000E+02, 0.22000E+02, 0.30000E+02, 0.00000E+00
 0.61000E+02, 0.21000E+02, 0.22000E+02, 0.30000E+02, 0.00000E+00
 0.62000E+02, 0.21000E+02, 0.22000E+02, 0.30000E+02, 0.00000E+00
 0.63000E+02, 0.21000E+02, 0.21999E+02, 0.30000E+02, 0.00000E+00
 0.64000E+02, 0.21000E+02, 0.21999E+02, 0.30000E+02, 0.00000E+00
 0.65000E+02, 0.21000E+02, 0.22000E+02, 0.30000E+02, 0.00000E+00
 0.00000E+00, 0.22000E+02, 0.18467E+02, 0.30000E+02, 0.00000E+00
 0.10000E+01, 0.22000E+02, 0.20852E+02, 0.30000E+02, 0.00000E+00
 0.20000E+01, 0.22000E+02, 0.20808E+02, 0.30000E+02, 0.00000E+00
 0.30000E+01, 0.22000E+02, 0.20774E+02, 0.30000E+02, 0.00000E+00
 0.40000E+01, 0.22000E+02, 0.20766E+02, 0.30000E+02, 0.00000E+00
 0.50000E+01, 0.22000E+02, 0.20774E+02, 0.30000E+02, 0.00000E+00
 0.60000E+01, 0.22000E+02, 0.20843E+02, 0.30000E+02, 0.00000E+00
 0.70000E+01, 0.22000E+02, 0.20791E+02, 0.30000E+02, 0.00000E+00
 0.80000E+01, 0.22000E+02, 0.22000E+02, 0.30000E+02, 0.00000E+00
 0.90000E+01, 0.22000E+02, 0.22000E+02, 0.30000E+02, 0.00000E+00
 0.10000E+02, 0.22000E+02, 0.21999E+02, 0.30000E+02, 0.00000E+00
 0.11000E+02, 0.22000E+02, 0.21963E+02, 0.30000E+02, 0.00000E+00
 0.12000E+02, 0.22000E+02, 0.21943E+02, 0.30000E+02, 0.00000E+00
 0.13000E+02, 0.22000E+02, 0.21988E+02, 0.30000E+02, 0.00000E+00
 0.14000E+02, 0.22000E+02, 0.21999E+02, 0.30000E+02, 0.00000E+00
 0.15000E+02, 0.22000E+02, 0.21999E+02, 0.30000E+02, 0.00000E+00
 0.16000E+02, 0.22000E+02, 0.22000E+02, 0.30000E+02, 0.00000E+00
 0.17000E+02, 0.22000E+02, 0.22000E+02, 0.30000E+02, 0.00000E+00
 0.18000E+02, 0.22000E+02, 0.21797E+02, 0.30000E+02, 0.00000E+00
 0.19000E+02, 0.22000E+02, 0.22007E+02, 0.30000E+02, 0.00000E+00
 0.20000E+02, 0.22000E+02, 0.21999E+02, 0.30000E+02, 0.00000E+00
 0.21000E+02, 0.22000E+02, 0.21999E+02, 0.30000E+02, 0.00000E+00
 0.22000E+02, 0.22000E+02, 0.21999E+02, 0.30000E+02, 0.00000E+00
 0.23000E+02, 0.22000E+02, 0.21999E+02, 0.30000E+02, 0.00000E+00
 0.24000E+02, 0.22000E+02, 0.21999E+02, 0.30000E+02, 0.00000E+00
 0.25000E+02, 0.22000E+02, 0.21999E+02, 0.30000E+02, 0.00000E+00
 0.26000E+02, 0.22000E+02, 0.22000E+02, 0.30000E+02, 0.00000E+00
 0.27000E+02, 0.22000E+02, 0.21999E+02, 0.30000E+02, 0.00000E+00
 0.28000E+02, 0.22000E+02, 0.22000E+02, 0.30000E+02, 0.00000E+00
 0.29000E+02, 0.22000E+02, 0.21591E+02, 0.30000E+02, 0.00000E+00
 0.30000E+02, 0.22000E+02, 0.22054E+02, 0.30000E+02, 0.00000E+00
 0.31000E+02, 0.22000E+02, 0.22000E+02, 0.30000E+02, 0.00000E+00
 0.32000E+02, 0.22000E+02, 0.22000E+02, 0.30000E+02, 0.00000E+00
 0.33000E+02, 0.22000E+02, 0.22000E+02, 0.30000E+02, 0.00000E+00
 0.34000E+02, 0.22000E+02, 0.22000E+02, 0.30000E+02, 0.00000E+00
 0.35000E+02, 0.22000E+02, 0.22000E+02, 0.30000E+02, 0.00000E+00
 0.36000E+02, 0.22000E+02, 0.22000E+02, 0.30000E+02, 0.00000E+00
 0.37000E+02, 0.22000E+02, 0.22000E+02, 0.30000E+02, 0.00000E+00
 0.38000E+02, 0.22000E+02, 0.22000E+02, 0.30000E+02, 0.00000E+00
 0.39000E+02, 0.22000E+02, 0.22000E+02, 0.30000E+02, 0.00000E+00
 0.40000E+02, 0.22000E+02, 0.22000E+02, 0.30000E+02, 0.00000E+00
 0.41000E+02, 0.22000E+02, 0.22000E+02, 0.30000E+02, 0.00000E+00
 0.42000E+02, 0.22000E+02, 0.22000E+02, 0.30000E+02, 0.00000E+00
 0.43000E+02, 0.22000E+02, 0.22000E+02, 0.30000E+02, 0.00000E+00
 0.44000E+02, 0.22000E+02, 0.22000E+02, 0.30000E+02, 0.00000E+00
 0.45000E+02, 0.22000E+02, 0.22000E+02, 0.30000E+02, 0.00000E+00
 0.46000E+02, 0.22000E+02, 0.22000E+02, 0.30000E+02, 0.00000E+00
 0.47000E+02, 0.22000E+02, 0.21836E+02, 0.30000E+02, 0.00000E+00
 0.48000E+02, 0.22000E+02, 0.21989E+02, 0.30000E+02, 0.00000E+00
 0.49000E+02, 0.22000E+02, 0.22000E+02, 0.30000E+02, 0.00000E+00
 0.50000E+02, 0.22000E+02, 0.22000E+02, 0.30000E+02, 0.00000E+00
 0.51000E+02, 0.22000E+02, 0.22000E+02, 0.30000E+02, 0.00000E+00
 0.52000E+02, 0.22000E+02, 0.22000E+02, 0.30000E+02, 0.00000E+00
 0.53000E+02, 0.22000E+02, 0.22000E+02, 0.30000E+02, 0.00000E+00
 0.54000E+02, 0.22000E+02, 0.22000E+02, 0.30000E+02, 0.00000E+00
 0.55000E+02, 0.22000E+02, 0.22000E+02, 0.30000E+02, 0.00000E+00
 0.56000E+02, 0.22000E+02, 0.22000E+02, 0.30000E+02, 0.00000E+00
 0.57000E+02, 0.22000E+02, 0.21999E+02, 0.30000E+02, 0.00000E+00
 0.58000E+02, 0.22000E+02, 0.21998E+02, 0.30000E+02, 0.00000E+00
 0.59000E+02, 0.22000E+02, 0.22000E+02, 0.30000E+02, 0.00000E+00
 0.60000E+02, 0.22000E+02, 0.22000E+02, 0.30000E+02, 0.00000E+00
 0.61000E+02, 0.22000E+02, 0.22000E+02, 0.30000E+02, 0.00000E+00
 0.62000E+02, 0.22000E+02, 0.22000E+02, 0.30000E+02, 0.00000E+00
 0.63000E+02, 0.22000E+02, 0.22000E+02, 0.30000E+02, 0.00000E+00
 0.64000E+02, 0.22000E+02, 0.21999E+02, 0.30000E+02, 0.00000E+00
 0.65000E+02, 0.22000E+02, 0.21999E+02, 0.30000E+02, 0.00000E+00
 0.00000E+00, 0.23000E+02, 0.18505E+02, 0.30000E+02, 0.00000E+00
 0.10000E+01, 0.23000E+02, 0.20789E+02, 0.30000E+02, 0.00000E+00
 0.20000E+01, 0.23000E+02, 0.20851E+02, 0.30000E+02, 0.00000E+00
 0.30000E+01, 0.23000E+02, 0.20766E+02, 0.30000E+02, 0.00000E+00
 0.40000E+01, 0.23000E+02, 0.20714E+02, 0.30000E+02, 0.00000E+00
 0.50000E+01, 0.23000E+02, 0.20756E+02, 0.30000E+02, 0.00000E+00
 0.60000E+01, 0.23000E+02, 0.20822E+02, 0.30000E+02, 0.00000E+00
 0.70000E+01, 0.23000E+02, 0.20785E+02, 0.30000E+02, 0.00000E+00
 0.80000E+01, 0.23000E+02, 0.22000E+02, 0.30000E+02, 0.00000E+00
 0.90000E+01, 0.23000E+02, 0.22000E+02, 0.30000E+02, 0.00000E+00
 0.10000E+02, 0.23000E+02, 0.22000E+02, 0.30000E+02, 0.00000E+00
 0.11000E+02, 0.23000E+02, 0.21997E+02, 0.30000E+02, 0.00000E+00
 0.12000E+02, 0.23000E+02, 0.21987E+02, 0.30000E+02, 0.00000E+00
 0.13000E+02, 0.23000E+02, 0.22000E+02, 0.30000E+02, 0.00000E+00
 0.14000E+02, 0.23000E+02, 0.22000E+02, 0.30000E+02, 0.00000E+00
 0.15000E+02, 0.23000E+02, 0.22000E+02, 0.30000E+02, 0.00000E+00
 0.16000E+02, 0.23000E+02, 0.22000E+02, 0.30000E+02, 0.00000E+00
 0.17000E+02, 0.23000E+02, 0.22000E+02, 0.30000E+02, 0.00000E+00
 0.18000E+02, 0.23000E+02, 0.21763E+02, 0.30000E+02, 0.00000E+00
 0.19000E+02, 0.23000E+02, 0.22002E+02, 0.30000E+02, 0.00000E+00
 0.20000E+02, 0.23000E+02, 0.21999E+02, 0.30000E+02, 0.00000E+00
 0.21000E+02, 0.23000E+02, 0.22000E+02, 0.30000E+02, 0.00000E+00
 0.22000E+02, 0.23000E+02, 0.22000E+02, 0.30000E+02, 0.00000E+00
 0.23000E+02, 0.23000E+02, 0.22000E+02, 0.30000E+02, 0.00000E+00
 0.24000E+02, 0.23000E+02, 0.22000E+02, 0.30000E+02, 0.00000E+00
 0.25000E+02, 0.23000E+02, 0.21999E+02, 0.30000E+02, 0.00000E+00
 0.26000E+02, 0.23000E+02, 0.21999E+02, 0.30000E+02, 0.00000E+00
 0.27000E+02, 0.23000E+02, 0.21999E+02, 0.30000E+02, 0.00000E+00
 0.28000E+02, 0.23000E+02, 0.21999E+02, 0.30000E+02, 0.00000E+00
 0.29000E+02, 0.23000E+02, 0.21666E+02, 0.30000E+02, 0.00000E+00
 0.30000E+02, 0.23000E+02, 0.22016E+02, 0.30000E+02, 0.00000E+00
 0.31000E+02, 0.23000E+02, 0.22001E+02, 0.30000E+02, 0.00000E+00
 0.32000E+02, 0.23000E+02, 0.22000E+02, 0.30000E+02, 0.00000E+00
 0.33000E+02, 0.23000E+02, 0.22000E+02, 0.30000E+02, 0.00000E+00
 0.34000E+02, 0.23000E+02, 0.22000E+02, 0.30000E+02, 0.00000E+00
 0.35000E+02, 0.23000E+02, 0.22000E+02, 0.30000E+02, 0.00000E+00
 0.36000E+02, 0.23000E+02, 0.22000E+02, 0.30000E+02, 0.00000E+00
 0.37000E+02, 0.23000E+02, 0.22000E+02, 0.30000E+02, 0.00000E+00
 0.38000E+02, 0.23000E+02, 0.22000E+02, 0.30000E+02, 0.00000E+00
 0.39000E+02, 0.23000E+02, 0.22000E+02, 0.30000E+02, 0.00000E+00
 0.40000E+02, 0.23000E+02, 0.22000E+02, 0.30000E+02, 0.00000E+00
 0.41000E+02, 0.23000E+02, 0.22000E+02, 0.30000E+02, 0.00000E+00
 0.42000E+02, 0.23000E+02, 0.22000E+02, 0.30000E+02, 0.00000E+00
 0.43000E+02, 0.23000E+02, 0.22000E+02, 0.30000E+02, 0.00000E+00
 0.44000E+02, 0.23000E+02, 0.22000E+02, 0.30000E+02, 0.00000E+00
 0.45000E+02, 0.23000E+02, 0.22000E+02, 0.30000E+02, 0.00000E+00
 0.46000E+02, 0.23000E+02, 0.22000E+02, 0.30000E+02, 0.00000E+00
 0.47000E+02, 0.23000E+02, 0.21775E+02, 0.30000E+02, 0.00000E+00
 0.48000E+02, 0.23000E+02, 0.21997E+02, 0.30000E+02, 0.00000E+00
 0.49000E+02, 0.23000E+02, 0.21999E+02, 0.30000E+02, 0.00000E+00
 0.50000E+02, 0.23000E+02, 0.22000E+02, 0.30000E+02, 0.00000E+00
 0.51000E+02, 0.23000E+02, 0.22000E+02, 0.30000E+02, 0.00000E+00
 0.52000E+02, 0.23000E+02, 0.22000E+02, 0.30000E+02, 0.00000E+00
 0.53000E+02, 0.23000E+02, 0.22000E+02, 0.30000E+02, 0.00000E+00
 0.54000E+02, 0.23000E+02, 0.22000E+02, 0.30000E+02, 0.00000E+00
 0.55000E+02, 0.23000E+02, 0.22000E+02, 0.30000E+02, 0.00000E+00
 0.56000E+02, 0.23000E+02, 0.22000E+02, 0.30000E+02, 0.00000E+00
 0.57000E+02, 0.23000E+02, 0.21999E+02, 0.30000E+02, 0.00000E+00
 0.58000E+02, 0.23000E+02, 0.21998E+02, 0.30000E+02, 0.00000E+00
 0.59000E+02, 0.23000E+02, 0.22000E+02, 0.30000E+02, 0.00000E+00
 0.60000E+02, 0.23000E+02, 0.22000E+02, 0.30000E+02, 0.00000E+00
 0.61000E+02, 0.23000E+02, 0.22000E+02, 0.30000E+02, 0.00000E+00
 0.62000E+02, 0.23000E+02, 0.22000E+02, 0.30000E+02, 0.00000E+00
 0.63000E+02, 0.23000E+02, 0.21999E+02, 0.30000E+02, 0.00000E+00
 0.64000E+02, 0.23000E+02, 0.21999E+02, 0.30000E+02, 0.00000E+00
 0.65000E+02, 0.23000E+02, 0.22000E+02, 0.30000E+02, 0.00000E+00
 0.00000E+00, 0.24000E+02, 0.18449E+02, 0.30000E+02, 0.00000E+00
 0.10000E+01, 0.24000E+02, 0.20894E+02, 0.30000E+02, 0.00000E+00
 0.20000E+01, 0.24000E+02, 0.20805E+02, 0.30000E+02, 0.00000E+00
 0.30000E+01, 0.24000E+02, 0.20753E+02, 0.30000E+02, 0.00000E+00
 0.40000E+01, 0.24000E+02, 0.20720E+02, 0.30000E+02, 0.00000E+00
 0.50000E+01, 0.24000E+02, 0.20846E+02, 0.30000E+02, 0.00000E+00
 0.60000E+01, 0.24000E+02, 0.20841E+02, 0.30000E+02, 0.00000E+00
 0.70000E+01, 0.24000E+02, 0.20784E+02, 0.30000E+02, 0.00000E+00
 0.80000E+01, 0.24000E+02, 0.22000E+02, 0.30000E+02, 0.00000E+00
 0.90000E+01, 0.24000E+02, 0.22001E+02, 0.30000E+02, 0.00000E+00
 0.10000E+02, 0.24000E+02, 0.22000E+02, 0.30000E+02, 0.00000E+00
 0.11000E+02, 0.24000E+02, 0.22000E+02, 0.30000E+02, 0.00000E+00
 0.12000E+02, 0.24000E+02, 0.22000E+02, 0.30000E+02, 0.00000E+00
 0.13000E+02, 0.24000E+02, 0.22000E+02, 0.30000E+02, 0.00000E+00
 0.14000E+02, 0.24000E+02, 0.22000E+02, 0.30000E+02, 0.00000E+00
 0.15000E+02, 0.24000E+02, 0.22000E+02, 0.30000E+02, 0.00000E+00
 0.16000E+02, 0.24000E+02, 0.22000E+02, 0.30000E+02, 0.00000E+00
 0.17000E+02, 0.24000E+02, 0.22000E+02, 0.30000E+02, 0.00000E+00
 0.18000E+02, 0.24000E+02, 0.21531E+02, 0.30000E+02, 0.00000E+00
 0.19000E+02, 0.24000E+02, 0.22009E+02, 0.30000E+02, 0.00000E+00
 0.20000E+02, 0.24000E+02, 0.21999E+02, 0.30000E+02, 0.00000E+00
 0.21000E+02, 0.24000E+02, 0.22000E+02, 0.30000E+02, 0.00000E+00
 0.22000E+02, 0.24000E+02, 0.22000E+02, 0.30000E+02, 0.00000E+00
 0.23000E+02, 0.24000E+02, 0.22000E+02, 0.30000E+02, 0.00000E+00
 0.24000E+02, 0.24000E+02, 0.22000E+02, 0.30000E+02, 0.00000E+00
 0.25000E+02, 0.24000E+02, 0.22000E+02, 0.30000E+02, 0.00000E+00
 0.26000E+02, 0.24000E+02, 0.22000E+02, 0.30000E+02, 0.00000E+00
 0.27000E+02, 0.24000E+02, 0.22000E+02, 0.30000E+02, 0.00000E+00
 0.28000E+02, 0.24000E+02, 0.22000E+02, 0.30000E+02, 0.00000E+00
 0.29000E+02, 0.24000E+02, 0.21649E+02, 0.30000E+02, 0.00000E+00
 0.30000E+02, 0.24000E+02, 0.22012E+02, 0.30000E+02, 0.00000E+00
 0.31000E+02, 0.24000E+02, 0.22001E+02, 0.30000E+02, 0.00000E+00
 0.32000E+02, 0.24000E+02, 0.22001E+02, 0.30000E+02, 0.00000E+00
 0.33000E+02, 0.24000E+02, 0.22000E+02, 0.30000E+02, 0.00000E+00
 0.34000E+02, 0.24000E+02, 0.22001E+02, 0.30000E+02, 0.00000E+00
 0.35000E+02, 0.24000E+02, 0.22001E+02, 0.30000E+02, 0.00000E+00
 0.36000E+02, 0.24000E+02, 0.22001E+02, 0.30000E+02, 0.00000E+00
 0.37000E+02, 0.24000E+02, 0.22000E+02, 0.30000E+02, 0.00000E+00
 0.38000E+02, 0.24000E+02, 0.22001E+02, 0.30000E+02, 0.00000E+00
 0.39000E+02, 0.24000E+02, 0.22001E+02, 0.30000E+02, 0.00000E+00
 0.40000E+02, 0.24000E+02, 0.22001E+02, 0.30000E+02, 0.00000E+00
 0.41000E+02, 0.24000E+02, 0.22000E+02, 0.30000E+02, 0.00000E+00
 0.42000E+02, 0.24000E+02, 0.22000E+02, 0.30000E+02, 0.00000E+00
 0.43000E+02, 0.24000E+02, 0.22000E+02, 0.30000E+02, 0.00000E+00
 0.44000E+02, 0.24000E+02, 0.22000E+02, 0.30000E+02, 0.00000E+00
 0.45000E+02, 0.24000E+02, 0.22000E+02, 0.30000E+02, 0.00000E+00
 0.46000E+02, 0.24000E+02, 0.22001E+02, 0.30000E+02, 0.00000E+00
 0.47000E+02, 0.24000E+02, 0.21818E+02, 0.30000E+02, 0.00000E+00
 0.48000E+02, 0.24000E+02, 0.21975E+02, 0.30000E+02, 0.00000E+00
 0.49000E+02, 0.24000E+02, 0.22000E+02, 0.30000E+02, 0.00000E+00
 0.50000E+02, 0.24000E+02, 0.22000E+02, 0.30000E+02, 0.00000E+00
 0.51000E+02, 0.24000E+02, 0.22000E+02, 0.30000E+02, 0.00000E+00
 0.52000E+02, 0.24000E+02, 0.22000E+02, 0.30000E+02, 0.00000E+00
 0.53000E+02, 0.24000E+02, 0.22000E+02, 0.30000E+02, 0.00000E+00
 0.54000E+02, 0.24000E+02, 0.22000E+02, 0.30000E+02, 0.00000E+00
 0.55000E+02, 0.24000E+02, 0.22000E+02, 0.30000E+02, 0.00000E+00
 0.56000E+02, 0.24000E+02, 0.22000E+02, 0.30000E+02, 0.00000E+00
 0.57000E+02, 0.24000E+02, 0.22000E+02, 0.30000E+02, 0.00000E+00
 0.58000E+02, 0.24000E+02, 0.21998E+02, 0.30000E+02, 0.00000E+00
 0.59000E+02, 0.24000E+02, 0.22000E+02, 0.30000E+02, 0.00000E+00
 0.60000E+02, 0.24000E+02, 0.22000E+02, 0.30000E+02, 0.00000E+00
 0.61000E+02, 0.24000E+02, 0.22000E+02, 0.30000E+02, 0.00000E+00
 0.62000E+02, 0.24000E+02, 0.22000E+02, 0.30000E+02, 0.00000E+00
 0.63000E+02, 0.24000E+02, 0.21999E+02, 0.30000E+02, 0.00000E+00
 0.64000E+02, 0.24000E+02, 0.21999E+02, 0.30000E+02, 0.00000E+00
 0.65000E+02, 0.24000E+02, 0.21999E+02, 0.30000E+02, 0.00000E+00
 0.00000E+00, 0.25000E+02, 0.17028E+02, 0.30000E+02, 0.00000E+00
 0.10000E+01, 0.25000E+02, 0.19457E+02, 0.30000E+02, 0.00000E+00
 0.20000E+01, 0.25000E+02, 0.19518E+02, 0.30000E+02, 0.00000E+00
 0.30000E+01, 0.25000E+02, 0.19671E+02, 0.30000E+02, 0.00000E+00
 0.40000E+01, 0.25000E+02, 0.19735E+02, 0.30000E+02, 0.00000E+00
 0.50000E+01, 0.25000E+02, 0.19714E+02, 0.30000E+02, 0.00000E+00
 0.60000E+01, 0.25000E+02, 0.20030E+02, 0.30000E+02, 0.00000E+00
 0.70000E+01, 0.25000E+02, 0.20691E+02, 0.30000E+02, 0.00000E+00
 0.80000E+01, 0.25000E+02, 0.22000E+02, 0.30000E+02, 0.00000E+00
 0.90000E+01, 0.25000E+02, 0.22002E+02, 0.30000E+02, 0.00000E+00
 0.10000E+02, 0.25000E+02, 0.22001E+02, 0.30000E+02, 0.00000E+00
 0.11000E+02, 0.25000E+02, 0.22001E+02, 0.30000E+02, 0.00000E+00
 0.12000E+02, 0.25000E+02, 0.22000E+02, 0.30000E+02, 0.00000E+00
 0.13000E+02, 0.25000E+02, 0.22000E+02, 0.30000E+02, 0.00000E+00
 0.14000E+02, 0.25000E+02, 0.22000E+02, 0.30000E+02, 0.00000E+00
 0.15000E+02, 0.25000E+02, 0.22000E+02, 0.30000E+02, 0.00000E+00
 0.16000E+02, 0.25000E+02, 0.22000E+02, 0.30000E+02, 0.00000E+00
 0.17000E+02, 0.25000E+02, 0.22000E+02, 0.30000E+02, 0.00000E+00
 0.18000E+02, 0.25000E+02, 0.21444E+02, 0.30000E+02, 0.00000E+00
 0.19000E+02, 0.25000E+02, 0.22025E+02, 0.30000E+02, 0.00000E+00
 0.20000E+02, 0.25000E+02, 0.22000E+02, 0.30000E+02, 0.00000E+00
 0.21000E+02, 0.25000E+02, 0.22000E+02, 0.30000E+02, 0.00000E+00
 0.22000E+02, 0.25000E+02, 0.22000E+02, 0.30000E+02, 0.00000E+00
 0.23000E+02, 0.25000E+02, 0.22000E+02, 0.30000E+02, 0.00000E+00
 0.24000E+02, 0.25000E+02, 0.22000E+02, 0.30000E+02, 0.00000E+00
 0.25000E+02, 0.25000E+02, 0.22000E+02, 0.30000E+02, 0.00000E+00
 0.26000E+02, 0.25000E+02, 0.22000E+02, 0.30000E+02, 0.00000E+00
 0.27000E+02, 0.25000E+02, 0.22000E+02, 0.30000E+02, 0.00000E+00
 0.28000E+02, 0.25000E+02, 0.22000E+02, 0.30000E+02, 0.00000E+00
 0.29000E+02, 0.25000E+02, 0.21632E+02, 0.30000E+02, 0.00000E+00
 0.30000E+02, 0.25000E+02, 0.22072E+02, 0.30000E+02, 0.00000E+00
 0.31000E+02, 0.25000E+02, 0.22002E+02, 0.30000E+02, 0.00000E+00
 0.32000E+02, 0.25000E+02, 0.22001E+02, 0.30000E+02, 0.00000E+00
 0.33000E+02, 0.25000E+02, 0.22001E+02, 0.30000E+02, 0.00000E+00
 0.34000E+02, 0.25000E+02, 0.22001E+02, 0.30000E+02, 0.00000E+00
 0.35000E+02, 0.25000E+02, 0.22001E+02, 0.30000E+02, 0.00000E+00
 0.36000E+02, 0.25000E+02, 0.22001E+02, 0.30000E+02, 0.00000E+00
 0.37000E+02, 0.25000E+02, 0.22001E+02, 0.30000E+02, 0.00000E+00
 0.38000E+02, 0.25000E+02, 0.22001E+02, 0.30000E+02, 0.00000E+00
 0.39000E+02, 0.25000E+02, 0.22001E+02, 0.30000E+02, 0.00000E+00
 0.40000E+02, 0.25000E+02, 0.22001E+02, 0.30000E+02, 0.00000E+00
 0.41000E+02, 0.25000E+02, 0.22002E+02, 0.30000E+02, 0.00000E+00
 0.42000E+02, 0.25000E+02, 0.22002E+02, 0.30000E+02, 0.00000E+00
 0.43000E+02, 0.25000E+02, 0.22001E+02, 0.30000E+02, 0.00000E+00
 0.44000E+02, 0.25000E+02, 0.22001E+02, 0.30000E+02, 0.00000E+00
 0.45000E+02, 0.25000E+02, 0.22001E+02, 0.30000E+02, 0.00000E+00
 0.46000E+02, 0.25000E+02, 0.22001E+02, 0.30000E+02, 0.00000E+00
 0.47000E+02, 0.25000E+02, 0.21747E+02, 0.30000E+02, 0.00000E+00
 0.48000E+02, 0.25000E+02, 0.21997E+02, 0.30000E+02, 0.00000E+00
 0.49000E+02, 0.25000E+02, 0.22000E+02, 0.30000E+02, 0.00000E+00
 0.50000E+02, 0.25000E+02, 0.22000E+02, 0.30000E+02, 0.00000E+00
 0.51000E+02, 0.25000E+02, 0.22000E+02, 0.30000E+02, 0.00000E+00
 0.52000E+02, 0.25000E+02, 0.22000E+02, 0.30000E+02, 0.00000E+00
 0.53000E+02, 0.25000E+02, 0.22000E+02, 0.30000E+02, 0.00000E+00
 0.54000E+02, 0.25000E+02, 0.22000E+02, 0.30000E+02, 0.00000E+00
 0.55000E+02, 0.25000E+02, 0.22000E+02, 0.30000E+02, 0.00000E+00
 0.56000E+02, 0.25000E+02, 0.22000E+02, 0.30000E+02, 0.00000E+00
 0.57000E+02, 0.25000E+02, 0.22000E+02, 0.30000E+02, 0.00000E+00
 0.58000E+02, 0.25000E+02, 0.22000E+02, 0.30000E+02, 0.00000E+00
 0.59000E+02, 0.25000E+02, 0.22000E+02, 0.30000E+02, 0.00000E+00
 0.60000E+02, 0.25000E+02, 0.22000E+02, 0.30000E+02, 0.00000E+00
 0.61000E+02, 0.25000E+02, 0.22000E+02, 0.30000E+02, 0.00000E+00
 0.62000E+02, 0.25000E+02, 0.21999E+02, 0.30000E+02, 0.00000E+00
 0.63000E+02, 0.25000E+02, 0.21999E+02, 0.30000E+02, 0.00000E+00
 0.64000E+02, 0.25000E+02, 0.21999E+02, 0.30000E+02, 0.00000E+00
 0.65000E+02, 0.25000E+02, 0.22000E+02, 0.30000E+02, 0.00000E+00
 0.00000E+00, 0.26000E+02, 0.22594E+02, 0.30000E+02, 0.00000E+00
 0.10000E+01, 0.26000E+02, 0.22395E+02, 0.30000E+02, 0.00000E+00
 0.20000E+01, 0.26000E+02, 0.22421E+02, 0.30000E+02, 0.00000E+00
 0.30000E+01, 0.26000E+02, 0.22141E+02, 0.30000E+02, 0.00000E+00
 0.40000E+01, 0.26000E+02, 0.22218E+02, 0.30000E+02, 0.00000E+00
 0.50000E+01, 0.26000E+02, 0.22210E+02, 0.30000E+02, 0.00000E+00
 0.60000E+01, 0.26000E+02, 0.22075E+02, 0.30000E+02, 0.00000E+00
 0.70000E+01, 0.26000E+02, 0.22000E+02, 0.30000E+02, 0.00000E+00
 0.80000E+01, 0.26000E+02, 0.22003E+02, 0.30000E+02, 0.00000E+00
 0.90000E+01, 0.26000E+02, 0.22003E+02, 0.30000E+02, 0.00000E+00
 0.10000E+02, 0.26000E+02, 0.22002E+02, 0.30000E+02, 0.00000E+00
 0.11000E+02, 0.26000E+02, 0.22001E+02, 0.30000E+02, 0.00000E+00
 0.12000E+02, 0.26000E+02, 0.22001E+02, 0.30000E+02, 0.00000E+00
 0.13000E+02, 0.26000E+02, 0.22001E+02, 0.30000E+02, 0.00000E+00
 0.14000E+02, 0.26000E+02, 0.22000E+02, 0.30000E+02, 0.00000E+00
 0.15000E+02, 0.26000E+02, 0.22000E+02, 0.30000E+02, 0.00000E+00
 0.16000E+02, 0.26000E+02, 0.22000E+02, 0.30000E+02, 0.00000E+00
 0.17000E+02, 0.26000E+02, 0.22000E+02, 0.30000E+02, 0.00000E+00
 0.18000E+02, 0.26000E+02, 0.22291E+02, 0.30000E+02, 0.00000E+00
 0.19000E+02, 0.26000E+02, 0.22071E+02, 0.30000E+02, 0.00000E+00
 0.20000E+02, 0.26000E+02, 0.22028E+02, 0.30000E+02, 0.00000E+00
 0.21000E+02, 0.26000E+02, 0.22099E+02, 0.30000E+02, 0.00000E+00
 0.22000E+02, 0.26000E+02, 0.22052E+02, 0.30000E+02, 0.00000E+00
 0.23000E+02, 0.26000E+02, 0.22110E+02, 0.30000E+02, 0.00000E+00
 0.24000E+02, 0.26000E+02, 0.22033E+02, 0.30000E+02, 0.00000E+00
 0.25000E+02, 0.26000E+02, 0.22134E+02, 0.30000E+02, 0.00000E+00
 0.26000E+02, 0.26000E+02, 0.22142E+02, 0.30000E+02, 0.00000E+00
 0.27000E+02, 0.26000E+02, 0.22154E+02, 0.30000E+02, 0.00000E+00
 0.28000E+02, 0.26000E+02, 0.22065E+02, 0.30000E+02, 0.00000E+00
 0.29000E+02, 0.26000E+02, 0.21735E+02, 0.30000E+02, 0.00000E+00
 0.30000E+02, 0.26000E+02, 0.22837E+02, 0.30000E+02, 0.00000E+00
 0.31000E+02, 0.26000E+02, 0.22507E+02, 0.30000E+02, 0.00000E+00
 0.32000E+02, 0.26000E+02, 0.22620E+02, 0.30000E+02, 0.00000E+00
 0.33000E+02, 0.26000E+02, 0.22591E+02, 0.30000E+02, 0.00000E+00
 0.34000E+02, 0.26000E+02, 0.22520E+02, 0.30000E+02, 0.00000E+00
 0.35000E+02, 0.26000E+02, 0.22748E+02, 0.30000E+02, 0.00000E+00
 0.36000E+02, 0.26000E+02, 0.22542E+02, 0.30000E+02, 0.00000E+00
 0.37000E+02, 0.26000E+02, 0.22698E+02, 0.30000E+02, 0.00000E+00
 0.38000E+02, 0.26000E+02, 0.22578E+02, 0.30000E+02, 0.00000E+00
 0.39000E+02, 0.26000E+02, 0.22638E+02, 0.30000E+02, 0.00000E+00
 0.40000E+02, 0.26000E+02, 0.22503E+02, 0.30000E+02, 0.00000E+00
 0.41000E+02, 0.26000E+02, 0.22490E+02, 0.30000E+02, 0.00000E+00
 0.42000E+02, 0.26000E+02, 0.22651E+02, 0.30000E+02, 0.00000E+00
 0.43000E+02, 0.26000E+02, 0.22540E+02, 0.30000E+02, 0.00000E+00
 0.44000E+02, 0.26000E+02, 0.22890E+02, 0.30000E+02, 0.00000E+00
 0.45000E+02, 0.26000E+02, 0.22429E+02, 0.30000E+02, 0.00000E+00
 0.46000E+02, 0.26000E+02, 0.22800E+02, 0.30000E+02, 0.00000E+00
 0.47000E+02, 0.26000E+02, 0.22451E+02, 0.30000E+02, 0.00000E+00
 0.48000E+02, 0.26000E+02, 0.22013E+02, 0.30000E+02, 0.00000E+00
 0.49000E+02, 0.26000E+02, 0.22038E+02, 0.30000E+02, 0.00000E+00
 0.50000E+02, 0.26000E+02, 0.22041E+02, 0.30000E+02, 0.00000E+00
 0.51000E+02, 0.26000E+02, 0.22140E+02, 0.30000E+02, 0.00000E+00
 0.52000E+02, 0.26000E+02, 0.22069E+02, 0.30000E+02, 0.00000E+00
 0.53000E+02, 0.26000E+02, 0.22110E+02, 0.30000E+02, 0.00000E+00
 0.54000E+02, 0.26000E+02, 0.22029E+02, 0.30000E+02, 0.00000E+00
 0.55000E+02, 0.26000E+02, 0.22070E+02, 0.30000E+02, 0.00000E+00
 0.56000E+02, 0.26000E+02, 0.22043E+02, 0.30000E+02, 0.00000E+00
 0.57000E+02, 0.26000E+02, 0.22019E+02, 0.30000E+02, 0.00000E+00
 0.58000E+02, 0.26000E+02, 0.22026E+02, 0.30000E+02, 0.00000E+00
 0.59000E+02, 0.26000E+02, 0.22000E+02, 0.30000E+02, 0.00000E+00
 0.60000E+02, 0.26000E+02, 0.21999E+02, 0.30000E+02, 0.00000E+00
 0.61000E+02, 0.26000E+02, 0.21999E+02, 0.30000E+02, 0.00000E+00
 0.62000E+02, 0.26000E+02, 0.21999E+02, 0.30000E+02, 0.00000E+00
 0.63000E+02, 0.26000E+02, 0.21999E+02, 0.30000E+02, 0.00000E+00
 0.64000E+02, 0.26000E+02, 0.21999E+02, 0.30000E+02, 0.00000E+00
 0.65000E+02, 0.26000E+02, 0.21999E+02, 0.30000E+02, 0.00000E+00
 0.00000E+00, 0.27000E+02, 0.22551E+02, 0.30000E+02, 0.00000E+00
 0.10000E+01, 0.27000E+02, 0.22108E+02, 0.30000E+02, 0.00000E+00
 0.20000E+01, 0.27000E+02, 0.22249E+02, 0.30000E+02, 0.00000E+00
 0.30000E+01, 0.27000E+02, 0.21992E+02, 0.30000E+02, 0.00000E+00
 0.40000E+01, 0.27000E+02, 0.21978E+02, 0.30000E+02, 0.00000E+00
 0.50000E+01, 0.27000E+02, 0.21976E+02, 0.30000E+02, 0.00000E+00
 0.60000E+01, 0.27000E+02, 0.21982E+02, 0.30000E+02, 0.00000E+00
 0.70000E+01, 0.27000E+02, 0.22000E+02, 0.30000E+02, 0.00000E+00
 0.80000E+01, 0.27000E+02, 0.21980E+02, 0.30000E+02, 0.00000E+00
 0.90000E+01, 0.27000E+02, 0.22004E+02, 0.30000E+02, 0.00000E+00
 0.10000E+02, 0.27000E+02, 0.22002E+02, 0.30000E+02, 0.00000E+00
 0.11000E+02, 0.27000E+02, 0.22001E+02, 0.30000E+02, 0.00000E+00
 0.12000E+02, 0.27000E+02, 0.22001E+02, 0.30000E+02, 0.00000E+00
 0.13000E+02, 0.27000E+02, 0.22002E+02, 0.30000E+02, 0.00000E+00
 0.14000E+02, 0.27000E+02, 0.22001E+02, 0.30000E+02, 0.00000E+00
 0.15000E+02, 0.27000E+02, 0.22001E+02, 0.30000E+02, 0.00000E+00
 0.16000E+02, 0.27000E+02, 0.22000E+02, 0.30000E+02, 0.00000E+00
 0.17000E+02, 0.27000E+02, 0.22003E+02, 0.30000E+02, 0.00000E+00
 0.18000E+02, 0.27000E+02, 0.22153E+02, 0.30000E+02, 0.00000E+00
 0.19000E+02, 0.27000E+02, 0.20643E+02, 0.30000E+02, 0.00000E+00
 0.20000E+02, 0.27000E+02, 0.20726E+02, 0.30000E+02, 0.00000E+00
 0.21000E+02, 0.27000E+02, 0.20790E+02, 0.30000E+02, 0.00000E+00
 0.22000E+02, 0.27000E+02, 0.20740E+02, 0.30000E+02, 0.00000E+00
 0.23000E+02, 0.27000E+02, 0.20549E+02, 0.30000E+02, 0.00000E+00
 0.24000E+02, 0.27000E+02, 0.20548E+02, 0.30000E+02, 0.00000E+00
 0.25000E+02, 0.27000E+02, 0.20547E+02, 0.30000E+02, 0.00000E+00
 0.26000E+02, 0.27000E+02, 0.20578E+02, 0.30000E+02, 0.00000E+00
 0.27000E+02, 0.27000E+02, 0.20554E+02, 0.30000E+02, 0.00000E+00
 0.28000E+02, 0.27000E+02, 0.20632E+02, 0.30000E+02, 0.00000E+00
 0.29000E+02, 0.27000E+02, 0.22341E+02, 0.30000E+02, 0.00000E+00
 0.30000E+02, 0.27000E+02, 0.19373E+02, 0.30000E+02, 0.34459E-32
 0.31000E+02, 0.27000E+02, 0.19589E+02, 0.30000E+02, 0.10678E-36
 0.32000E+02, 0.27000E+02, 0.19434E+02, 0.30000E+02, 0.00000E+00
 0.33000E+02, 0.27000E+02, 0.19367E+02, 0.30000E+02, 0.00000E+00
 0.34000E+02, 0.27000E+02, 0.19566E+02, 0.30000E+02, 0.00000E+00
 0.35000E+02, 0.27000E+02, 0.19446E+02, 0.30000E+02, 0.00000E+00
 0.36000E+02, 0.27000E+02, 0.19500E+02, 0.30000E+02, 0.00000E+00
 0.37000E+02, 0.27000E+02, 0.19323E+02, 0.30000E+02, 0.00000E+00
 0.38000E+02, 0.27000E+02, 0.19556E+02, 0.30000E+02, 0.00000E+00
 0.39000E+02, 0.27000E+02, 0.19453E+02, 0.30000E+02, 0.00000E+00
 0.40000E+02, 0.27000E+02, 0.19528E+02, 0.30000E+02, 0.00000E+00
 0.41000E+02, 0.27000E+02, 0.19616E+02, 0.30000E+02, 0.00000E+00
 0.42000E+02, 0.27000E+02, 0.19638E+02, 0.30000E+02, 0.00000E+00
 0.43000E+02, 0.27000E+02, 0.19532E+02, 0.30000E+02, 0.00000E+00
 0.44000E+02, 0.27000E+02, 0.19733E+02, 0.30000E+02, 0.00000E+00
 0.45000E+02, 0.27000E+02, 0.19603E+02, 0.30000E+02, 0.00000E+00
 0.46000E+02, 0.27000E+02, 0.19823E+02, 0.30000E+02, 0.00000E+00
 0.47000E+02, 0.27000E+02, 0.18377E+02, 0.30000E+02, 0.00000E+00
 0.48000E+02, 0.27000E+02, 0.21721E+02, 0.30000E+02, 0.00000E+00
 0.49000E+02, 0.27000E+02, 0.21199E+02, 0.30000E+02, 0.00000E+00
 0.50000E+02, 0.27000E+02, 0.21272E+02, 0.30000E+02, 0.00000E+00
 0.51000E+02, 0.27000E+02, 0.21152E+02, 0.30000E+02, 0.00000E+00
 0.52000E+02, 0.27000E+02, 0.21123E+02, 0.30000E+02, 0.00000E+00
 0.53000E+02, 0.27000E+02, 0.21157E+02, 0.30000E+02, 0.00000E+00
 0.54000E+02, 0.27000E+02, 0.21215E+02, 0.30000E+02, 0.00000E+00
 0.55000E+02, 0.27000E+02, 0.21159E+02, 0.30000E+02, 0.00000E+00
 0.56000E+02, 0.27000E+02, 0.21239E+02, 0.30000E+02, 0.00000E+00
 0.57000E+02, 0.27000E+02, 0.21201E+02, 0.30000E+02, 0.00000E+00
 0.58000E+02, 0.27000E+02, 0.21225E+02, 0.30000E+02, 0.00000E+00
 0.59000E+02, 0.27000E+02, 0.22000E+02, 0.30000E+02, 0.00000E+00
 0.60000E+02, 0.27000E+02, 0.21998E+02, 0.30000E+02, 0.00000E+00
 0.61000E+02, 0.27000E+02, 0.21998E+02, 0.30000E+02, 0.00000E+00
 0.62000E+02, 0.27000E+02, 0.21999E+02, 0.30000E+02, 0.00000E+00
 0.63000E+02, 0.27000E+02, 0.21999E+02, 0.30000E+02, 0.00000E+00
 0.64000E+02, 0.27000E+02, 0.21999E+02, 0.30000E+02, 0.00000E+00
 0.65000E+02, 0.27000E+02, 0.21999E+02, 0.30000E+02, 0.00000E+00
 0.00000E+00, 0.28000E+02, 0.22163E+02, 0.30000E+02, 0.00000E+00
 0.10000E+01, 0.28000E+02, 0.22073E+02, 0.30000E+02, 0.00000E+00
 0.20000E+01, 0.28000E+02, 0.22210E+02, 0.30000E+02, 0.00000E+00
 0.30000E+01, 0.28000E+02, 0.21992E+02, 0.30000E+02, 0.00000E+00
 0.40000E+01, 0.28000E+02, 0.21995E+02, 0.30000E+02, 0.00000E+00
 0.50000E+01, 0.28000E+02, 0.21988E+02, 0.30000E+02, 0.00000E+00
 0.60000E+01, 0.28000E+02, 0.21990E+02, 0.30000E+02, 0.00000E+00
 0.70000E+01, 0.28000E+02, 0.22002E+02, 0.30000E+02, 0.00000E+00
 0.80000E+01, 0.28000E+02, 0.22000E+02, 0.30000E+02, 0.00000E+00
 0.90000E+01, 0.28000E+02, 0.21992E+02, 0.30000E+02, 0.00000E+00
 0.10000E+02, 0.28000E+02, 0.22002E+02, 0.30000E+02, 0.00000E+00
 0.11000E+02, 0.28000E+02, 0.22002E+02, 0.30000E+02, 0.00000E+00
 0.12000E+02, 0.28000E+02, 0.22002E+02, 0.30000E+02, 0.00000E+00
 0.13000E+02, 0.28000E+02, 0.22005E+02, 0.30000E+02, 0.00000E+00
 0.14000E+02, 0.28000E+02, 0.22003E+02, 0.30000E+02, 0.00000E+00
 0.15000E+02, 0.28000E+02, 0.22002E+02, 0.30000E+02, 0.00000E+00
 0.16000E+02, 0.28000E+02, 0.22001E+02, 0.30000E+02, 0.18169E-36
 0.17000E+02, 0.28000E+02, 0.21991E+02, 0.30000E+02, 0.17167E-35
 0.18000E+02, 0.28000E+02, 0.21860E+02, 0.30000E+02, 0.56353E-36
 0.19000E+02, 0.28000E+02, 0.21986E+02, 0.30000E+02, 0.42663E-37
 0.20000E+02, 0.28000E+02, 0.21999E+02, 0.30000E+02, 0.00000E+00
 0.21000E+02, 0.28000E+02, 0.21999E+02, 0.30000E+02, 0.00000E+00
 0.22000E+02, 0.28000E+02, 0.21999E+02, 0.30000E+02, 0.00000E+00
 0.23000E+02, 0.28000E+02, 0.21998E+02, 0.30000E+02, 0.00000E+00
 0.24000E+02, 0.28000E+02, 0.21998E+02, 0.30000E+02, 0.00000E+00
 0.25000E+02, 0.28000E+02, 0.21999E+02, 0.30000E+02, 0.00000E+00
 0.26000E+02, 0.28000E+02, 0.21999E+02, 0.30000E+02, 0.00000E+00
 0.27000E+02, 0.28000E+02, 0.21999E+02, 0.30000E+02, 0.00000E+00
 0.28000E+02, 0.28000E+02, 0.22000E+02, 0.30000E+02, 0.00000E+00
 0.29000E+02, 0.28000E+02, 0.23839E+02, 0.30000E+02, 0.00000E+00
 0.30000E+02, 0.28000E+02, 0.21885E+02, 0.30000E+02, 0.30679E-27
 0.31000E+02, 0.28000E+02, 0.22007E+02, 0.30000E+02, 0.49413E-32
 0.32000E+02, 0.28000E+02, 0.22004E+02, 0.30000E+02, 0.53623E-36
 0.33000E+02, 0.28000E+02, 0.22002E+02, 0.30000E+02, 0.00000E+00
 0.34000E+02, 0.28000E+02, 0.22000E+02, 0.30000E+02, 0.00000E+00
 0.35000E+02, 0.28000E+02, 0.21999E+02, 0.30000E+02, 0.00000E+00
 0.36000E+02, 0.28000E+02, 0.21997E+02, 0.30000E+02, 0.00000E+00
 0.37000E+02, 0.28000E+02, 0.21996E+02, 0.30000E+02, 0.00000E+00
 0.38000E+02, 0.28000E+02, 0.21996E+02, 0.30000E+02, 0.00000E+00
 0.39000E+02, 0.28000E+02, 0.21995E+02, 0.30000E+02, 0.00000E+00
 0.40000E+02, 0.28000E+02, 0.21995E+02, 0.30000E+02, 0.00000E+00
 0.41000E+02, 0.28000E+02, 0.21995E+02, 0.30000E+02, 0.00000E+00
 0.42000E+02, 0.28000E+02, 0.21995E+02, 0.30000E+02, 0.00000E+00
 0.43000E+02, 0.28000E+02, 0.21996E+02, 0.30000E+02, 0.00000E+00
 0.44000E+02, 0.28000E+02, 0.21995E+02, 0.30000E+02, 0.00000E+00
 0.45000E+02, 0.28000E+02, 0.21995E+02, 0.30000E+02, 0.00000E+00
 0.46000E+02, 0.28000E+02, 0.21994E+02, 0.30000E+02, 0.00000E+00
 0.47000E+02, 0.28000E+02, 0.19853E+02, 0.30000E+02, 0.00000E+00
 0.48000E+02, 0.28000E+02, 0.22626E+02, 0.30000E+02, 0.00000E+00
 0.49000E+02, 0.28000E+02, 0.22000E+02, 0.30000E+02, 0.00000E+00
 0.50000E+02, 0.28000E+02, 0.21999E+02, 0.30000E+02, 0.00000E+00
 0.51000E+02, 0.28000E+02, 0.21999E+02, 0.30000E+02, 0.00000E+00
 0.52000E+02, 0.28000E+02, 0.21999E+02, 0.30000E+02, 0.00000E+00
 0.53000E+02, 0.28000E+02, 0.21999E+02, 0.30000E+02, 0.00000E+00
 0.54000E+02, 0.28000E+02, 0.21999E+02, 0.30000E+02, 0.00000E+00
 0.55000E+02, 0.28000E+02, 0.21999E+02, 0.30000E+02, 0.00000E+00
 0.56000E+02, 0.28000E+02, 0.21999E+02, 0.30000E+02, 0.00000E+00
 0.57000E+02, 0.28000E+02, 0.21999E+02, 0.30000E+02, 0.00000E+00
 0.58000E+02, 0.28000E+02, 0.21995E+02, 0.30000E+02, 0.00000E+00
 0.59000E+02, 0.28000E+02, 0.22000E+02, 0.30000E+02, 0.00000E+00
 0.60000E+02, 0.28000E+02, 0.21996E+02, 0.30000E+02, 0.00000E+00
 0.61000E+02, 0.28000E+02, 0.21996E+02, 0.30000E+02, 0.00000E+00
 0.62000E+02, 0.28000E+02, 0.21998E+02, 0.30000E+02, 0.00000E+00
 0.63000E+02, 0.28000E+02, 0.21999E+02, 0.30000E+02, 0.00000E+00
 0.64000E+02, 0.28000E+02, 0.21999E+02, 0.30000E+02, 0.00000E+00
 0.65000E+02, 0.28000E+02, 0.21999E+02, 0.30000E+02, 0.00000E+00
 0.00000E+00, 0.29000E+02, 0.22000E+02, 0.30000E+02, 0.00000E+00
 0.10000E+01, 0.29000E+02, 0.22000E+02, 0.30000E+02, 0.00000E+00
 0.20000E+01, 0.29000E+02, 0.22000E+02, 0.30000E+02, 0.00000E+00
 0.30000E+01, 0.29000E+02, 0.22000E+02, 0.30000E+02, 0.00000E+00
 0.40000E+01, 0.29000E+02, 0.22000E+02, 0.30000E+02, 0.00000E+00
 0.50000E+01, 0.29000E+02, 0.22000E+02, 0.30000E+02, 0.00000E+00
 0.60000E+01, 0.29000E+02, 0.22000E+02, 0.30000E+02, 0.00000E+00
 0.70000E+01, 0.29000E+02, 0.22000E+02, 0.30000E+02, 0.00000E+00
 0.80000E+01, 0.29000E+02, 0.22000E+02, 0.30000E+02, 0.00000E+00
 0.90000E+01, 0.29000E+02, 0.21948E+02, 0.30000E+02, 0.00000E+00
 0.10000E+02, 0.29000E+02, 0.22001E+02, 0.30000E+02, 0.00000E+00
 0.11000E+02, 0.29000E+02, 0.22064E+02, 0.30000E+02, 0.00000E+00
 0.12000E+02, 0.29000E+02, 0.22003E+02, 0.30000E+02, 0.00000E+00
 0.13000E+02, 0.29000E+02, 0.22003E+02, 0.30000E+02, 0.00000E+00
 0.14000E+02, 0.29000E+02, 0.22006E+02, 0.30000E+02, 0.38051E-37
 0.15000E+02, 0.29000E+02, 0.22005E+02, 0.30000E+02, 0.24363E-35
 0.16000E+02, 0.29000E+02, 0.22003E+02, 0.30000E+02, 0.70052E-34
 0.17000E+02, 0.29000E+02, 0.22006E+02, 0.30000E+02, 0.46546E-33
 0.18000E+02, 0.29000E+02, 0.21838E+02, 0.30000E+02, 0.47507E-34
 0.19000E+02, 0.29000E+02, 0.21990E+02, 0.30000E+02, 0.50854E-33
 0.20000E+02, 0.29000E+02, 0.22000E+02, 0.30000E+02, 0.52586E-37
 0.21000E+02, 0.29000E+02, 0.21999E+02, 0.30000E+02, 0.00000E+00
 0.22000E+02, 0.29000E+02, 0.21999E+02, 0.30000E+02, 0.00000E+00
 0.23000E+02, 0.29000E+02, 0.21999E+02, 0.30000E+02, 0.00000E+00
 0.24000E+02, 0.29000E+02, 0.21999E+02, 0.30000E+02, 0.00000E+00
 0.25000E+02, 0.29000E+02, 0.21999E+02, 0.30000E+02, 0.00000E+00
 0.26000E+02, 0.29000E+02, 0.21999E+02, 0.30000E+02, 0.00000E+00
 0.27000E+02, 0.29000E+02, 0.21999E+02, 0.30000E+02, 0.00000E+00
 0.28000E+02, 0.29000E+02, 0.22002E+02, 0.30000E+02, 0.00000E+00
 0.29000E+02, 0.29000E+02, 0.23920E+02, 0.30000E+02, 0.00000E+00
 0.30000E+02, 0.29000E+02, 0.21833E+02, 0.30000E+02, 0.15905E-22
 0.31000E+02, 0.29000E+02, 0.22013E+02, 0.30000E+02, 0.44213E-27
 0.32000E+02, 0.29000E+02, 0.22009E+02, 0.30000E+02, 0.20525E-31
 0.33000E+02, 0.29000E+02, 0.22006E+02, 0.30000E+02, 0.13565E-35
 0.34000E+02, 0.29000E+02, 0.22003E+02, 0.30000E+02, 0.00000E+00
 0.35000E+02, 0.29000E+02, 0.22001E+02, 0.30000E+02, 0.00000E+00
 0.36000E+02, 0.29000E+02, 0.22000E+02, 0.30000E+02, 0.00000E+00
 0.37000E+02, 0.29000E+02, 0.21999E+02, 0.30000E+02, 0.00000E+00
 0.38000E+02, 0.29000E+02, 0.21998E+02, 0.30000E+02, 0.00000E+00
 0.39000E+02, 0.29000E+02, 0.21998E+02, 0.30000E+02, 0.00000E+00
 0.40000E+02, 0.29000E+02, 0.21998E+02, 0.30000E+02, 0.00000E+00
 0.41000E+02, 0.29000E+02, 0.21999E+02, 0.30000E+02, 0.00000E+00
 0.42000E+02, 0.29000E+02, 0.21999E+02, 0.30000E+02, 0.00000E+00
 0.43000E+02, 0.29000E+02, 0.21999E+02, 0.30000E+02, 0.00000E+00
 0.44000E+02, 0.29000E+02, 0.21999E+02, 0.30000E+02, 0.00000E+00
 0.45000E+02, 0.29000E+02, 0.21999E+02, 0.30000E+02, 0.00000E+00
 0.46000E+02, 0.29000E+02, 0.21997E+02, 0.30000E+02, 0.00000E+00
 0.47000E+02, 0.29000E+02, 0.19836E+02, 0.30000E+02, 0.00000E+00
 0.48000E+02, 0.29000E+02, 0.22662E+02, 0.30000E+02, 0.00000E+00
 0.49000E+02, 0.29000E+02, 0.22000E+02, 0.30000E+02, 0.00000E+00
 0.50000E+02, 0.29000E+02, 0.21999E+02, 0.30000E+02, 0.00000E+00
 0.51000E+02, 0.29000E+02, 0.21999E+02, 0.30000E+02, 0.00000E+00
 0.52000E+02, 0.29000E+02, 0.21999E+02, 0.30000E+02, 0.00000E+00
 0.53000E+02, 0.29000E+02, 0.21999E+02, 0.30000E+02, 0.00000E+00
 0.54000E+02, 0.29000E+02, 0.21999E+02, 0.30000E+02, 0.00000E+00
 0.55000E+02, 0.29000E+02, 0.21999E+02, 0.30000E+02, 0.00000E+00
 0.56000E+02, 0.29000E+02, 0.21999E+02, 0.30000E+02, 0.00000E+00
 0.57000E+02, 0.29000E+02, 0.22000E+02, 0.30000E+02, 0.00000E+00
 0.58000E+02, 0.29000E+02, 0.22000E+02, 0.30000E+02, 0.00000E+00
 0.59000E+02, 0.29000E+02, 0.22000E+02, 0.30000E+02, 0.00000E+00
 0.60000E+02, 0.29000E+02, 0.21992E+02, 0.30000E+02, 0.00000E+00
 0.61000E+02, 0.29000E+02, 0.21996E+02, 0.30000E+02, 0.00000E+00
 0.62000E+02, 0.29000E+02, 0.21999E+02, 0.30000E+02, 0.00000E+00
 0.63000E+02, 0.29000E+02, 0.21999E+02, 0.30000E+02, 0.00000E+00
 0.64000E+02, 0.29000E+02, 0.21999E+02, 0.30000E+02, 0.00000E+00
 0.65000E+02, 0.29000E+02, 0.21999E+02, 0.30000E+02, 0.00000E+00
 0.00000E+00, 0.30000E+02, 0.22025E+02, 0.30000E+02, 0.00000E+00
 0.10000E+01, 0.30000E+02, 0.22057E+02, 0.30000E+02, 0.00000E+00
 0.20000E+01, 0.30000E+02, 0.22070E+02, 0.30000E+02, 0.00000E+00
 0.30000E+01, 0.30000E+02, 0.22001E+02, 0.30000E+02, 0.00000E+00
 0.40000E+01, 0.30000E+02, 0.21999E+02, 0.30000E+02, 0.00000E+00
 0.50000E+01, 0.30000E+02, 0.23041E+02, 0.30000E+02, 0.00000E+00
 0.60000E+01, 0.30000E+02, 0.21986E+02, 0.30000E+02, 0.00000E+00
 0.70000E+01, 0.30000E+02, 0.22021E+02, 0.30000E+02, 0.00000E+00
 0.80000E+01, 0.30000E+02, 0.20101E+02, 0.30000E+02, 0.00000E+00
 0.90000E+01, 0.30000E+02, 0.22002E+02, 0.30000E+02, 0.00000E+00
 0.10000E+02, 0.30000E+02, 0.21993E+02, 0.30000E+02, 0.00000E+00
 0.11000E+02, 0.30000E+02, 0.22047E+02, 0.30000E+02, 0.00000E+00
 0.12000E+02, 0.30000E+02, 0.22120E+02, 0.30000E+02, 0.00000E+00
 0.13000E+02, 0.30000E+02, 0.22004E+02, 0.30000E+02, 0.10645E-36
 0.14000E+02, 0.30000E+02, 0.22012E+02, 0.30000E+02, 0.11123E-34
 0.15000E+02, 0.30000E+02, 0.22009E+02, 0.30000E+02, 0.72494E-33
 0.16000E+02, 0.30000E+02, 0.22006E+02, 0.30000E+02, 0.23360E-31
 0.17000E+02, 0.30000E+02, 0.22010E+02, 0.30000E+02, 0.12328E-30
 0.18000E+02, 0.30000E+02, 0.21877E+02, 0.30000E+02, 0.35081E-32
 0.19000E+02, 0.30000E+02, 0.21995E+02, 0.30000E+02, 0.93255E-30
 0.20000E+02, 0.30000E+02, 0.22000E+02, 0.30000E+02, 0.64954E-33
 0.21000E+02, 0.30000E+02, 0.21999E+02, 0.30000E+02, 0.11079E-36
 0.22000E+02, 0.30000E+02, 0.21999E+02, 0.30000E+02, 0.00000E+00
 0.23000E+02, 0.30000E+02, 0.21999E+02, 0.30000E+02, 0.00000E+00
 0.24000E+02, 0.30000E+02, 0.21999E+02, 0.30000E+02, 0.00000E+00
 0.25000E+02, 0.30000E+02, 0.21999E+02, 0.30000E+02, 0.00000E+00
 0.26000E+02, 0.30000E+02, 0.21999E+02, 0.30000E+02, 0.00000E+00
 0.27000E+02, 0.30000E+02, 0.22000E+02, 0.30000E+02, 0.00000E+00
 0.28000E+02, 0.30000E+02, 0.22002E+02, 0.30000E+02, 0.00000E+00
 0.29000E+02, 0.30000E+02, 0.23943E+02, 0.30000E+02, 0.00000E+00
 0.30000E+02, 0.30000E+02, 0.21854E+02, 0.30000E+02, 0.12860E-17
 0.31000E+02, 0.30000E+02, 0.22018E+02, 0.30000E+02, 0.24521E-22
 0.32000E+02, 0.30000E+02, 0.22011E+02, 0.30000E+02, 0.13016E-26
 0.33000E+02, 0.30000E+02, 0.22007E+02, 0.30000E+02, 0.47875E-31
 0.34000E+02, 0.30000E+02, 0.22004E+02, 0.30000E+02, 0.66236E-35
 0.35000E+02, 0.30000E+02, 0.22002E+02, 0.30000E+02, 0.00000E+00
 0.36000E+02, 0.30000E+02, 0.22000E+02, 0.30000E+02, 0.00000E+00
 0.37000E+02, 0.30000E+02, 0.21999E+02, 0.30000E+02, 0.00000E+00
 0.38000E+02, 0.30000E+02, 0.21999E+02, 0.30000E+02, 0.00000E+00
 0.39000E+02, 0.30000E+02, 0.21999E+02, 0.30000E+02, 0.00000E+00
 0.40000E+02, 0.30000E+02, 0.22000E+02, 0.30000E+02, 0.00000E+00
 0.41000E+02, 0.30000E+02, 0.22000E+02, 0.30000E+02, 0.00000E+00
 0.42000E+02, 0.30000E+02, 0.22000E+02, 0.30000E+02, 0.00000E+00
 0.43000E+02, 0.30000E+02, 0.22000E+02, 0.30000E+02, 0.00000E+00
 0.44000E+02, 0.30000E+02, 0.22000E+02, 0.30000E+02, 0.00000E+00
 0.45000E+02, 0.30000E+02, 0.21999E+02, 0.30000E+02, 0.00000E+00
 0.46000E+02, 0.30000E+02, 0.21998E+02, 0.30000E+02, 0.00000E+00
 0.47000E+02, 0.30000E+02, 0.19977E+02, 0.30000E+02, 0.00000E+00
 0.48000E+02, 0.30000E+02, 0.22782E+02, 0.30000E+02, 0.00000E+00
 0.49000E+02, 0.30000E+02, 0.22000E+02, 0.30000E+02, 0.00000E+00
 0.50000E+02, 0.30000E+02, 0.21999E+02, 0.30000E+02, 0.00000E+00
 0.51000E+02, 0.30000E+02, 0.21999E+02, 0.30000E+02, 0.00000E+00
 0.52000E+02, 0.30000E+02, 0.21999E+02, 0.30000E+02, 0.00000E+00
 0.53000E+02, 0.30000E+02, 0.21999E+02, 0.30000E+02, 0.00000E+00
 0.54000E+02, 0.30000E+02, 0.21999E+02, 0.30000E+02, 0.00000E+00
 0.55000E+02, 0.30000E+02, 0.21999E+02, 0.30000E+02, 0.00000E+00
 0.56000E+02, 0.30000E+02, 0.21999E+02, 0.30000E+02, 0.00000E+00
 0.57000E+02, 0.30000E+02, 0.22000E+02, 0.30000E+02, 0.00000E+00
 0.58000E+02, 0.30000E+02, 0.22001E+02, 0.30000E+02, 0.00000E+00
 0.59000E+02, 0.30000E+02, 0.22000E+02, 0.30000E+02, 0.00000E+00
 0.60000E+02, 0.30000E+02, 0.21995E+02, 0.30000E+02, 0.00000E+00
 0.61000E+02, 0.30000E+02, 0.21997E+02, 0.30000E+02, 0.00000E+00
 0.62000E+02, 0.30000E+02, 0.21999E+02, 0.30000E+02, 0.00000E+00
 0.63000E+02, 0.30000E+02, 0.21999E+02, 0.30000E+02, 0.00000E+00
 0.64000E+02, 0.30000E+02, 0.21999E+02, 0.30000E+02, 0.00000E+00
 0.65000E+02, 0.30000E+02, 0.21999E+02, 0.30000E+02, 0.00000E+00
 0.00000E+00, 0.31000E+02, 0.22010E+02, 0.30000E+02, 0.00000E+00
 0.10000E+01, 0.31000E+02, 0.22080E+02, 0.30000E+02, 0.00000E+00
 0.20000E+01, 0.31000E+02, 0.22181E+02, 0.30000E+02, 0.00000E+00
 0.30000E+01, 0.31000E+02, 0.22013E+02, 0.30000E+02, 0.00000E+00
 0.40000E+01, 0.31000E+02, 0.21999E+02, 0.30000E+02, 0.00000E+00
 0.50000E+01, 0.31000E+02, 0.23020E+02, 0.30000E+02, 0.00000E+00
 0.60000E+01, 0.31000E+02, 0.21986E+02, 0.30000E+02, 0.00000E+00
 0.70000E+01, 0.31000E+02, 0.22126E+02, 0.30000E+02, 0.00000E+00
 0.80000E+01, 0.31000E+02, 0.20049E+02, 0.30000E+02, 0.00000E+00
 0.90000E+01, 0.31000E+02, 0.22004E+02, 0.30000E+02, 0.00000E+00
 0.10000E+02, 0.31000E+02, 0.21998E+02, 0.30000E+02, 0.00000E+00
 0.11000E+02, 0.31000E+02, 0.21934E+02, 0.30000E+02, 0.00000E+00
 0.12000E+02, 0.31000E+02, 0.21940E+02, 0.30000E+02, 0.59095E-37
 0.13000E+02, 0.31000E+02, 0.22014E+02, 0.30000E+02, 0.20489E-34
 0.14000E+02, 0.31000E+02, 0.22020E+02, 0.30000E+02, 0.25001E-32
 0.15000E+02, 0.31000E+02, 0.22018E+02, 0.30000E+02, 0.16335E-30
 0.16000E+02, 0.31000E+02, 0.22014E+02, 0.30000E+02, 0.63784E-29
 0.17000E+02, 0.31000E+02, 0.22010E+02, 0.30000E+02, 0.32103E-28
 0.18000E+02, 0.31000E+02, 0.21886E+02, 0.30000E+02, 0.35838E-30
 0.19000E+02, 0.31000E+02, 0.21989E+02, 0.30000E+02, 0.11842E-26
 0.20000E+02, 0.31000E+02, 0.21999E+02, 0.30000E+02, 0.21839E-29
 0.21000E+02, 0.31000E+02, 0.21999E+02, 0.30000E+02, 0.90460E-33
 0.22000E+02, 0.31000E+02, 0.21999E+02, 0.30000E+02, 0.25515E-37
 0.23000E+02, 0.31000E+02, 0.21999E+02, 0.30000E+02, 0.00000E+00
 0.24000E+02, 0.31000E+02, 0.21999E+02, 0.30000E+02, 0.00000E+00
 0.25000E+02, 0.31000E+02, 0.21999E+02, 0.30000E+02, 0.00000E+00
 0.26000E+02, 0.31000E+02, 0.22000E+02, 0.30000E+02, 0.00000E+00
 0.27000E+02, 0.31000E+02, 0.22000E+02, 0.30000E+02, 0.00000E+00
 0.28000E+02, 0.31000E+02, 0.22001E+02, 0.30000E+02, 0.00000E+00
 0.29000E+02, 0.31000E+02, 0.23979E+02, 0.30000E+02, 0.00000E+00
 0.30000E+02, 0.31000E+02, 0.21720E+02, 0.30000E+02, 0.10803E-11
 0.31000E+02, 0.31000E+02, 0.22023E+02, 0.30000E+02, 0.39335E-17
 0.32000E+02, 0.31000E+02, 0.22014E+02, 0.30000E+02, 0.40531E-22
 0.33000E+02, 0.31000E+02, 0.22008E+02, 0.30000E+02, 0.21736E-26
 0.34000E+02, 0.31000E+02, 0.22004E+02, 0.30000E+02, 0.15238E-30
 0.35000E+02, 0.31000E+02, 0.22002E+02, 0.30000E+02, 0.39379E-34
 0.36000E+02, 0.31000E+02, 0.22000E+02, 0.30000E+02, 0.00000E+00
 0.37000E+02, 0.31000E+02, 0.21999E+02, 0.30000E+02, 0.00000E+00
 0.38000E+02, 0.31000E+02, 0.21999E+02, 0.30000E+02, 0.00000E+00
 0.39000E+02, 0.31000E+02, 0.22000E+02, 0.30000E+02, 0.00000E+00
 0.40000E+02, 0.31000E+02, 0.22001E+02, 0.30000E+02, 0.00000E+00
 0.41000E+02, 0.31000E+02, 0.22002E+02, 0.30000E+02, 0.00000E+00
 0.42000E+02, 0.31000E+02, 0.22001E+02, 0.30000E+02, 0.00000E+00
 0.43000E+02, 0.31000E+02, 0.22001E+02, 0.30000E+02, 0.00000E+00
 0.44000E+02, 0.31000E+02, 0.22000E+02, 0.30000E+02, 0.00000E+00
 0.45000E+02, 0.31000E+02, 0.21999E+02, 0.30000E+02, 0.00000E+00
 0.46000E+02, 0.31000E+02, 0.21998E+02, 0.30000E+02, 0.00000E+00
 0.47000E+02, 0.31000E+02, 0.19850E+02, 0.30000E+02, 0.00000E+00
 0.48000E+02, 0.31000E+02, 0.22717E+02, 0.30000E+02, 0.00000E+00
 0.49000E+02, 0.31000E+02, 0.21999E+02, 0.30000E+02, 0.00000E+00
 0.50000E+02, 0.31000E+02, 0.21999E+02, 0.30000E+02, 0.00000E+00
 0.51000E+02, 0.31000E+02, 0.21999E+02, 0.30000E+02, 0.00000E+00
 0.52000E+02, 0.31000E+02, 0.21999E+02, 0.30000E+02, 0.00000E+00
 0.53000E+02, 0.31000E+02, 0.21999E+02, 0.30000E+02, 0.00000E+00
 0.54000E+02, 0.31000E+02, 0.21999E+02, 0.30000E+02, 0.00000E+00
 0.55000E+02, 0.31000E+02, 0.21999E+02, 0.30000E+02, 0.00000E+00
 0.56000E+02, 0.31000E+02, 0.21999E+02, 0.30000E+02, 0.00000E+00
 0.57000E+02, 0.31000E+02, 0.22000E+02, 0.30000E+02, 0.00000E+00
 0.58000E+02, 0.31000E+02, 0.22001E+02, 0.30000E+02, 0.00000E+00
 0.59000E+02, 0.31000E+02, 0.22000E+02, 0.30000E+02, 0.00000E+00
 0.60000E+02, 0.31000E+02, 0.21995E+02, 0.30000E+02, 0.00000E+00
 0.61000E+02, 0.31000E+02, 0.21997E+02, 0.30000E+02, 0.00000E+00
 0.62000E+02, 0.31000E+02, 0.21999E+02, 0.30000E+02, 0.00000E+00
 0.63000E+02, 0.31000E+02, 0.21999E+02, 0.30000E+02, 0.00000E+00
 0.64000E+02, 0.31000E+02, 0.21999E+02, 0.30000E+02, 0.00000E+00
 0.65000E+02, 0.31000E+02, 0.21999E+02, 0.30000E+02, 0.00000E+00
 0.00000E+00, 0.32000E+02, 0.21998E+02, 0.30000E+02, 0.00000E+00
 0.10000E+01, 0.32000E+02, 0.22015E+02, 0.30000E+02, 0.00000E+00
 0.20000E+01, 0.32000E+02, 0.22115E+02, 0.30000E+02, 0.00000E+00
 0.30000E+01, 0.32000E+02, 0.21999E+02, 0.30000E+02, 0.00000E+00
 0.40000E+01, 0.32000E+02, 0.22000E+02, 0.30000E+02, 0.00000E+00
 0.50000E+01, 0.32000E+02, 0.23044E+02, 0.30000E+02, 0.00000E+00
 0.60000E+01, 0.32000E+02, 0.21988E+02, 0.30000E+02, 0.00000E+00
 0.70000E+01, 0.32000E+02, 0.22037E+02, 0.30000E+02, 0.00000E+00
 0.80000E+01, 0.32000E+02, 0.20161E+02, 0.30000E+02, 0.00000E+00
 0.90000E+01, 0.32000E+02, 0.22006E+02, 0.30000E+02, 0.00000E+00
 0.10000E+02, 0.32000E+02, 0.22007E+02, 0.30000E+02, 0.00000E+00
 0.11000E+02, 0.32000E+02, 0.21991E+02, 0.30000E+02, 0.56344E-37
 0.12000E+02, 0.32000E+02, 0.22009E+02, 0.30000E+02, 0.14624E-34
 0.13000E+02, 0.32000E+02, 0.22020E+02, 0.30000E+02, 0.35680E-32
 0.14000E+02, 0.32000E+02, 0.22033E+02, 0.30000E+02, 0.37057E-30
 0.15000E+02, 0.32000E+02, 0.22037E+02, 0.30000E+02, 0.24824E-28
 0.16000E+02, 0.32000E+02, 0.22040E+02, 0.30000E+02, 0.13121E-26
 0.17000E+02, 0.32000E+02, 0.22024E+02, 0.30000E+02, 0.89046E-26
 0.18000E+02, 0.32000E+02, 0.21841E+02, 0.30000E+02, 0.18854E-27
 0.19000E+02, 0.32000E+02, 0.21995E+02, 0.30000E+02, 0.11736E-24
 0.20000E+02, 0.32000E+02, 0.21998E+02, 0.30000E+02, 0.50048E-27
 0.21000E+02, 0.32000E+02, 0.21999E+02, 0.30000E+02, 0.21477E-30
 0.22000E+02, 0.32000E+02, 0.21999E+02, 0.30000E+02, 0.29908E-35
 0.23000E+02, 0.32000E+02, 0.21999E+02, 0.30000E+02, 0.00000E+00
 0.24000E+02, 0.32000E+02, 0.22000E+02, 0.30000E+02, 0.00000E+00
 0.25000E+02, 0.32000E+02, 0.22000E+02, 0.30000E+02, 0.00000E+00
 0.26000E+02, 0.32000E+02, 0.22000E+02, 0.30000E+02, 0.00000E+00
 0.27000E+02, 0.32000E+02, 0.22000E+02, 0.30000E+02, 0.00000E+00
 0.28000E+02, 0.32000E+02, 0.22001E+02, 0.30000E+02, 0.00000E+00
 0.29000E+02, 0.32000E+02, 0.24008E+02, 0.30000E+02, 0.00000E+00
 0.30000E+02, 0.32000E+02, 0.21654E+02, 0.30000E+02, 0.13406E-06
 0.31000E+02, 0.32000E+02, 0.22030E+02, 0.30000E+02, 0.15442E-09
 0.32000E+02, 0.32000E+02, 0.22016E+02, 0.30000E+02, 0.87113E-17
 0.33000E+02, 0.32000E+02, 0.22008E+02, 0.30000E+02, 0.20778E-22
 0.34000E+02, 0.32000E+02, 0.22004E+02, 0.30000E+02, 0.23185E-26
 0.35000E+02, 0.32000E+02, 0.22001E+02, 0.30000E+02, 0.49609E-30
 0.36000E+02, 0.32000E+02, 0.22000E+02, 0.30000E+02, 0.16712E-33
 0.37000E+02, 0.32000E+02, 0.21999E+02, 0.30000E+02, 0.44732E-37
 0.38000E+02, 0.32000E+02, 0.22000E+02, 0.30000E+02, 0.00000E+00
 0.39000E+02, 0.32000E+02, 0.22002E+02, 0.30000E+02, 0.00000E+00
 0.40000E+02, 0.32000E+02, 0.22003E+02, 0.30000E+02, 0.00000E+00
 0.41000E+02, 0.32000E+02, 0.22003E+02, 0.30000E+02, 0.00000E+00
 0.42000E+02, 0.32000E+02, 0.22002E+02, 0.30000E+02, 0.00000E+00
 0.43000E+02, 0.32000E+02, 0.22001E+02, 0.30000E+02, 0.00000E+00
 0.44000E+02, 0.32000E+02, 0.22000E+02, 0.30000E+02, 0.00000E+00
 0.45000E+02, 0.32000E+02, 0.21999E+02, 0.30000E+02, 0.00000E+00
 0.46000E+02, 0.32000E+02, 0.21998E+02, 0.30000E+02, 0.00000E+00
 0.47000E+02, 0.32000E+02, 0.20051E+02, 0.30000E+02, 0.00000E+00
 0.48000E+02, 0.32000E+02, 0.22589E+02, 0.30000E+02, 0.00000E+00
 0.49000E+02, 0.32000E+02, 0.21998E+02, 0.30000E+02, 0.00000E+00
 0.50000E+02, 0.32000E+02, 0.21998E+02, 0.30000E+02, 0.00000E+00
 0.51000E+02, 0.32000E+02, 0.21999E+02, 0.30000E+02, 0.00000E+00
 0.52000E+02, 0.32000E+02, 0.21999E+02, 0.30000E+02, 0.00000E+00
 0.53000E+02, 0.32000E+02, 0.21999E+02, 0.30000E+02, 0.00000E+00
 0.54000E+02, 0.32000E+02, 0.21999E+02, 0.30000E+02, 0.00000E+00
 0.55000E+02, 0.32000E+02, 0.21999E+02, 0.30000E+02, 0.00000E+00
 0.56000E+02, 0.32000E+02, 0.22000E+02, 0.30000E+02, 0.00000E+00
 0.57000E+02, 0.32000E+02, 0.22000E+02, 0.30000E+02, 0.00000E+00
 0.58000E+02, 0.32000E+02, 0.22000E+02, 0.30000E+02, 0.00000E+00
 0.59000E+02, 0.32000E+02, 0.22000E+02, 0.30000E+02, 0.00000E+00
 0.60000E+02, 0.32000E+02, 0.21997E+02, 0.30000E+02, 0.00000E+00
 0.61000E+02, 0.32000E+02, 0.21998E+02, 0.30000E+02, 0.00000E+00
 0.62000E+02, 0.32000E+02, 0.21999E+02, 0.30000E+02, 0.00000E+00
 0.63000E+02, 0.32000E+02, 0.21999E+02, 0.30000E+02, 0.00000E+00
 0.64000E+02, 0.32000E+02, 0.21999E+02, 0.30000E+02, 0.00000E+00
 0.65000E+02, 0.32000E+02, 0.21999E+02, 0.30000E+02, 0.00000E+00
 0.00000E+00, 0.33000E+02, 0.21996E+02, 0.30000E+02, 0.00000E+00
 0.10000E+01, 0.33000E+02, 0.21997E+02, 0.30000E+02, 0.00000E+00
 0.20000E+01, 0.33000E+02, 0.22000E+02, 0.30000E+02, 0.00000E+00
 0.30000E+01, 0.33000E+02, 0.21998E+02, 0.30000E+02, 0.00000E+00
 0.40000E+01, 0.33000E+02, 0.22001E+02, 0.30000E+02, 0.00000E+00
 0.50000E+01, 0.33000E+02, 0.23067E+02, 0.30000E+02, 0.00000E+00
 0.60000E+01, 0.33000E+02, 0.21983E+02, 0.30000E+02, 0.00000E+00
 0.70000E+01, 0.33000E+02, 0.22113E+02, 0.30000E+02, 0.00000E+00
 0.80000E+01, 0.33000E+02, 0.20258E+02, 0.30000E+02, 0.00000E+00
 0.90000E+01, 0.33000E+02, 0.22010E+02, 0.30000E+02, 0.00000E+00
 0.10000E+02, 0.33000E+02, 0.22021E+02, 0.30000E+02, 0.00000E+00
 0.11000E+02, 0.33000E+02, 0.22017E+02, 0.30000E+02, 0.35952E-35
 0.12000E+02, 0.33000E+02, 0.22036E+02, 0.30000E+02, 0.91650E-33
 0.13000E+02, 0.33000E+02, 0.22030E+02, 0.30000E+02, 0.26549E-30
 0.14000E+02, 0.33000E+02, 0.22053E+02, 0.30000E+02, 0.30227E-28
 0.15000E+02, 0.33000E+02, 0.22068E+02, 0.30000E+02, 0.22932E-26
 0.16000E+02, 0.33000E+02, 0.22051E+02, 0.30000E+02, 0.16433E-24
 0.17000E+02, 0.33000E+02, 0.21870E+02, 0.30000E+02, 0.21800E-23
 0.18000E+02, 0.33000E+02, 0.21736E+02, 0.30000E+02, 0.38217E-24
 0.19000E+02, 0.33000E+02, 0.21761E+02, 0.30000E+02, 0.27317E-21
 0.20000E+02, 0.33000E+02, 0.21998E+02, 0.30000E+02, 0.13532E-24
 0.21000E+02, 0.33000E+02, 0.22000E+02, 0.30000E+02, 0.23030E-31
 0.22000E+02, 0.33000E+02, 0.22000E+02, 0.30000E+02, 0.54278E-36
 0.23000E+02, 0.33000E+02, 0.22000E+02, 0.30000E+02, 0.00000E+00
 0.24000E+02, 0.33000E+02, 0.22000E+02, 0.30000E+02, 0.00000E+00
 0.25000E+02, 0.33000E+02, 0.22000E+02, 0.30000E+02, 0.00000E+00
 0.26000E+02, 0.33000E+02, 0.22000E+02, 0.30000E+02, 0.00000E+00
 0.27000E+02, 0.33000E+02, 0.22001E+02, 0.30000E+02, 0.00000E+00
 0.28000E+02, 0.33000E+02, 0.22003E+02, 0.30000E+02, 0.00000E+00
 0.29000E+02, 0.33000E+02, 0.24159E+02, 0.30000E+02, 0.00000E+00
 0.30000E+02, 0.33000E+02, 0.21423E+02, 0.30000E+02, 0.32182E-05
 0.31000E+02, 0.33000E+02, 0.22181E+02, 0.30000E+02, 0.38797E-05
 0.32000E+02, 0.33000E+02, 0.22016E+02, 0.30000E+02, 0.41015E-10
 0.33000E+02, 0.33000E+02, 0.22006E+02, 0.30000E+02, 0.37956E-18
 0.34000E+02, 0.33000E+02, 0.22002E+02, 0.30000E+02, 0.19288E-23
 0.35000E+02, 0.33000E+02, 0.22001E+02, 0.30000E+02, 0.63176E-27
 0.36000E+02, 0.33000E+02, 0.22000E+02, 0.30000E+02, 0.36911E-30
 0.37000E+02, 0.33000E+02, 0.22000E+02, 0.30000E+02, 0.21241E-33
 0.38000E+02, 0.33000E+02, 0.22001E+02, 0.30000E+02, 0.74203E-37
 0.39000E+02, 0.33000E+02, 0.22005E+02, 0.30000E+02, 0.00000E+00
 0.40000E+02, 0.33000E+02, 0.22006E+02, 0.30000E+02, 0.00000E+00
 0.41000E+02, 0.33000E+02, 0.22004E+02, 0.30000E+02, 0.00000E+00
 0.42000E+02, 0.33000E+02, 0.22002E+02, 0.30000E+02, 0.00000E+00
 0.43000E+02, 0.33000E+02, 0.22000E+02, 0.30000E+02, 0.00000E+00
 0.44000E+02, 0.33000E+02, 0.21999E+02, 0.30000E+02, 0.00000E+00
 0.45000E+02, 0.33000E+02, 0.21998E+02, 0.30000E+02, 0.00000E+00
 0.46000E+02, 0.33000E+02, 0.21997E+02, 0.30000E+02, 0.00000E+00
 0.47000E+02, 0.33000E+02, 0.19998E+02, 0.30000E+02, 0.00000E+00
 0.48000E+02, 0.33000E+02, 0.22506E+02, 0.30000E+02, 0.00000E+00
 0.49000E+02, 0.33000E+02, 0.22047E+02, 0.30000E+02, 0.00000E+00
 0.50000E+02, 0.33000E+02, 0.21997E+02, 0.30000E+02, 0.00000E+00
 0.51000E+02, 0.33000E+02, 0.21998E+02, 0.30000E+02, 0.00000E+00
 0.52000E+02, 0.33000E+02, 0.21999E+02, 0.30000E+02, 0.00000E+00
 0.53000E+02, 0.33000E+02, 0.21999E+02, 0.30000E+02, 0.00000E+00
 0.54000E+02, 0.33000E+02, 0.21999E+02, 0.30000E+02, 0.00000E+00
 0.55000E+02, 0.33000E+02, 0.21999E+02, 0.30000E+02, 0.00000E+00
 0.56000E+02, 0.33000E+02, 0.21999E+02, 0.30000E+02, 0.00000E+00
 0.57000E+02, 0.33000E+02, 0.22000E+02, 0.30000E+02, 0.00000E+00
 0.58000E+02, 0.33000E+02, 0.22000E+02, 0.30000E+02, 0.00000E+00
 0.59000E+02, 0.33000E+02, 0.22000E+02, 0.30000E+02, 0.00000E+00
 0.60000E+02, 0.33000E+02, 0.21999E+02, 0.30000E+02, 0.00000E+00
 0.61000E+02, 0.33000E+02, 0.21999E+02, 0.30000E+02, 0.00000E+00
 0.62000E+02, 0.33000E+02, 0.21999E+02, 0.30000E+02, 0.00000E+00
 0.63000E+02, 0.33000E+02, 0.21999E+02, 0.30000E+02, 0.00000E+00
 0.64000E+02, 0.33000E+02, 0.21999E+02, 0.30000E+02, 0.00000E+00
 0.65000E+02, 0.33000E+02, 0.21999E+02, 0.30000E+02, 0.00000E+00
 0.00000E+00, 0.34000E+02, 0.21998E+02, 0.30000E+02, 0.00000E+00
 0.10000E+01, 0.34000E+02, 0.21998E+02, 0.30000E+02, 0.00000E+00
 0.20000E+01, 0.34000E+02, 0.21998E+02, 0.30000E+02, 0.00000E+00
 0.30000E+01, 0.34000E+02, 0.21999E+02, 0.30000E+02, 0.00000E+00
 0.40000E+01, 0.34000E+02, 0.22001E+02, 0.30000E+02, 0.00000E+00
 0.50000E+01, 0.34000E+02, 0.23096E+02, 0.30000E+02, 0.00000E+00
 0.60000E+01, 0.34000E+02, 0.21984E+02, 0.30000E+02, 0.00000E+00
 0.70000E+01, 0.34000E+02, 0.22050E+02, 0.30000E+02, 0.00000E+00
 0.80000E+01, 0.34000E+02, 0.20403E+02, 0.30000E+02, 0.00000E+00
 0.90000E+01, 0.34000E+02, 0.22016E+02, 0.30000E+02, 0.00000E+00
 0.10000E+02, 0.34000E+02, 0.22021E+02, 0.30000E+02, 0.36958E-35
 0.11000E+02, 0.34000E+02, 0.22026E+02, 0.30000E+02, 0.94148E-33
 0.12000E+02, 0.34000E+02, 0.22036E+02, 0.30000E+02, 0.13103E-30
 0.13000E+02, 0.34000E+02, 0.22053E+02, 0.30000E+02, 0.12192E-28
 0.14000E+02, 0.34000E+02, 0.22078E+02, 0.30000E+02, 0.11413E-26
 0.15000E+02, 0.34000E+02, 0.22099E+02, 0.30000E+02, 0.11481E-24
 0.16000E+02, 0.34000E+02, 0.21936E+02, 0.30000E+02, 0.10889E-22
 0.17000E+02, 0.34000E+02, 0.21636E+02, 0.30000E+02, 0.15874E-21
 0.18000E+02, 0.34000E+02, 0.21623E+02, 0.30000E+02, 0.42568E-22
 0.19000E+02, 0.34000E+02, 0.22059E+02, 0.30000E+02, 0.22345E-16
 0.20000E+02, 0.34000E+02, 0.22072E+02, 0.30000E+02, 0.62822E-19
 0.21000E+02, 0.34000E+02, 0.22141E+02, 0.30000E+02, 0.20921E-25
 0.22000E+02, 0.34000E+02, 0.22182E+02, 0.30000E+02, 0.11902E-32
 0.23000E+02, 0.34000E+02, 0.22137E+02, 0.30000E+02, 0.00000E+00
 0.24000E+02, 0.34000E+02, 0.22258E+02, 0.30000E+02, 0.00000E+00
 0.25000E+02, 0.34000E+02, 0.22420E+02, 0.30000E+02, 0.00000E+00
 0.26000E+02, 0.34000E+02, 0.22288E+02, 0.30000E+02, 0.00000E+00
 0.27000E+02, 0.34000E+02, 0.22272E+02, 0.30000E+02, 0.00000E+00
 0.28000E+02, 0.34000E+02, 0.22381E+02, 0.30000E+02, 0.00000E+00
 0.29000E+02, 0.34000E+02, 0.24874E+02, 0.30000E+02, 0.00000E+00
 0.30000E+02, 0.34000E+02, 0.32571E+02, 0.46830E+01, 0.26386E-03
 0.31000E+02, 0.34000E+02, 0.22473E+02, 0.30000E+02, 0.99409E-05
 0.32000E+02, 0.34000E+02, 0.22085E+02, 0.30000E+02, 0.65619E-08
 0.33000E+02, 0.34000E+02, 0.22034E+02, 0.30000E+02, 0.81807E-15
 0.34000E+02, 0.34000E+02, 0.22016E+02, 0.30000E+02, 0.30056E-22
 0.35000E+02, 0.34000E+02, 0.22011E+02, 0.30000E+02, 0.32843E-25
 0.36000E+02, 0.34000E+02, 0.22007E+02, 0.30000E+02, 0.40010E-28
 0.37000E+02, 0.34000E+02, 0.22006E+02, 0.30000E+02, 0.66399E-31
 0.38000E+02, 0.34000E+02, 0.22004E+02, 0.30000E+02, 0.15361E-33
 0.39000E+02, 0.34000E+02, 0.22005E+02, 0.30000E+02, 0.13979E-36
 0.40000E+02, 0.34000E+02, 0.22008E+02, 0.30000E+02, 0.00000E+00
 0.41000E+02, 0.34000E+02, 0.21999E+02, 0.30000E+02, 0.00000E+00
 0.42000E+02, 0.34000E+02, 0.21990E+02, 0.30000E+02, 0.00000E+00
 0.43000E+02, 0.34000E+02, 0.21991E+02, 0.30000E+02, 0.00000E+00
 0.44000E+02, 0.34000E+02, 0.21976E+02, 0.30000E+02, 0.00000E+00
 0.45000E+02, 0.34000E+02, 0.21982E+02, 0.30000E+02, 0.00000E+00
 0.46000E+02, 0.34000E+02, 0.21964E+02, 0.30000E+02, 0.00000E+00
 0.47000E+02, 0.34000E+02, 0.19903E+02, 0.30000E+02, 0.00000E+00
 0.48000E+02, 0.34000E+02, 0.22505E+02, 0.30000E+02, 0.00000E+00
 0.49000E+02, 0.34000E+02, 0.22148E+02, 0.30000E+02, 0.00000E+00
 0.50000E+02, 0.34000E+02, 0.22089E+02, 0.30000E+02, 0.00000E+00
 0.51000E+02, 0.34000E+02, 0.22061E+02, 0.30000E+02, 0.00000E+00
 0.52000E+02, 0.34000E+02, 0.22041E+02, 0.30000E+02, 0.00000E+00
 0.53000E+02, 0.34000E+02, 0.22025E+02, 0.30000E+02, 0.00000E+00
 0.54000E+02, 0.34000E+02, 0.22015E+02, 0.30000E+02, 0.00000E+00
 0.55000E+02, 0.34000E+02, 0.22008E+02, 0.30000E+02, 0.00000E+00
 0.56000E+02, 0.34000E+02, 0.22015E+02, 0.30000E+02, 0.00000E+00
 0.57000E+02, 0.34000E+02, 0.22013E+02, 0.30000E+02, 0.00000E+00
 0.58000E+02, 0.34000E+02, 0.22003E+02, 0.30000E+02, 0.00000E+00
 0.59000E+02, 0.34000E+02, 0.22000E+02, 0.30000E+02, 0.00000E+00
 0.60000E+02, 0.34000E+02, 0.21995E+02, 0.30000E+02, 0.00000E+00
 0.61000E+02, 0.34000E+02, 0.21999E+02, 0.30000E+02, 0.00000E+00
 0.62000E+02, 0.34000E+02, 0.21999E+02, 0.30000E+02, 0.00000E+00
 0.63000E+02, 0.34000E+02, 0.21999E+02, 0.30000E+02, 0.00000E+00
 0.64000E+02, 0.34000E+02, 0.21999E+02, 0.30000E+02, 0.00000E+00
 0.65000E+02, 0.34000E+02, 0.21999E+02, 0.30000E+02, 0.00000E+00
 0.00000E+00, 0.35000E+02, 0.21990E+02, 0.30000E+02, 0.00000E+00
 0.10000E+01, 0.35000E+02, 0.21997E+02, 0.30000E+02, 0.00000E+00
 0.20000E+01, 0.35000E+02, 0.21998E+02, 0.30000E+02, 0.00000E+00
 0.30000E+01, 0.35000E+02, 0.21998E+02, 0.30000E+02, 0.00000E+00
 0.40000E+01, 0.35000E+02, 0.22001E+02, 0.30000E+02, 0.00000E+00
 0.50000E+01, 0.35000E+02, 0.22998E+02, 0.30000E+02, 0.00000E+00
 0.60000E+01, 0.35000E+02, 0.21937E+02, 0.30000E+02, 0.00000E+00
 0.70000E+01, 0.35000E+02, 0.22077E+02, 0.30000E+02, 0.00000E+00
 0.80000E+01, 0.35000E+02, 0.20622E+02, 0.30000E+02, 0.00000E+00
 0.90000E+01, 0.35000E+02, 0.22022E+02, 0.30000E+02, 0.50874E-37
 0.10000E+02, 0.35000E+02, 0.22029E+02, 0.30000E+02, 0.22725E-34
 0.11000E+02, 0.35000E+02, 0.22040E+02, 0.30000E+02, 0.45281E-32
 0.12000E+02, 0.35000E+02, 0.22055E+02, 0.30000E+02, 0.49842E-30
 0.13000E+02, 0.35000E+02, 0.22074E+02, 0.30000E+02, 0.44162E-28
 0.14000E+02, 0.35000E+02, 0.22099E+02, 0.30000E+02, 0.36448E-26
 0.15000E+02, 0.35000E+02, 0.22140E+02, 0.30000E+02, 0.49260E-24
 0.16000E+02, 0.35000E+02, 0.22197E+02, 0.30000E+02, 0.11330E-21
 0.17000E+02, 0.35000E+02, 0.21842E+02, 0.30000E+02, 0.40567E-20
 0.18000E+02, 0.35000E+02, 0.20806E+02, 0.30000E+02, 0.19100E-17
 0.19000E+02, 0.35000E+02, 0.20052E+02, 0.30000E+02, 0.10916E-12
 0.20000E+02, 0.35000E+02, 0.19791E+02, 0.30000E+02, 0.90560E-08
 0.21000E+02, 0.35000E+02, 0.51861E+02, 0.11112E+01, 0.11822E-02
 0.22000E+02, 0.35000E+02, 0.23155E+03, 0.29995E+00, 0.68009E-02
 0.23000E+02, 0.35000E+02, 0.25249E+03, 0.29947E+00, 0.70943E-02
 0.24000E+02, 0.35000E+02, 0.25444E+03, 0.27512E+00, 0.77510E-02
 0.25000E+02, 0.35000E+02, 0.19978E+03, 0.29456E+00, 0.64892E-02
 0.26000E+02, 0.35000E+02, 0.97617E+02, 0.53901E+00, 0.27803E-02
 0.27000E+02, 0.35000E+02, 0.41543E+02, 0.19681E+01, 0.64627E-03
 0.28000E+02, 0.35000E+02, 0.33638E+02, 0.38965E+01, 0.31823E-03
 0.29000E+02, 0.35000E+02, 0.11007E+03, 0.73598E+00, 0.21046E-02
 0.30000E+02, 0.35000E+02, 0.10878E+03, 0.74810E+00, 0.20635E-02
 0.31000E+02, 0.35000E+02, 0.45643E+02, 0.21763E+01, 0.59208E-03
 0.32000E+02, 0.35000E+02, 0.21149E+02, 0.30000E+02, 0.57634E-06
 0.33000E+02, 0.35000E+02, 0.21018E+02, 0.30000E+02, 0.49039E-11
 0.34000E+02, 0.35000E+02, 0.20883E+02, 0.30000E+02, 0.48545E-17
 0.35000E+02, 0.35000E+02, 0.20932E+02, 0.30000E+02, 0.11097E-21
 0.36000E+02, 0.35000E+02, 0.21067E+02, 0.30000E+02, 0.12671E-23
 0.37000E+02, 0.35000E+02, 0.21198E+02, 0.30000E+02, 0.13533E-25
 0.38000E+02, 0.35000E+02, 0.21381E+02, 0.30000E+02, 0.15863E-27
 0.39000E+02, 0.35000E+02, 0.21130E+02, 0.30000E+02, 0.49676E-29
 0.40000E+02, 0.35000E+02, 0.21131E+02, 0.30000E+02, 0.10430E-30
 0.41000E+02, 0.35000E+02, 0.21238E+02, 0.30000E+02, 0.13431E-32
 0.42000E+02, 0.35000E+02, 0.21496E+02, 0.30000E+02, 0.15827E-34
 0.43000E+02, 0.35000E+02, 0.21702E+02, 0.30000E+02, 0.16760E-36
 0.44000E+02, 0.35000E+02, 0.21899E+02, 0.30000E+02, 0.00000E+00
 0.45000E+02, 0.35000E+02, 0.22165E+02, 0.30000E+02, 0.00000E+00
 0.46000E+02, 0.35000E+02, 0.22242E+02, 0.30000E+02, 0.00000E+00
 0.47000E+02, 0.35000E+02, 0.22147E+02, 0.30000E+02, 0.00000E+00
 0.48000E+02, 0.35000E+02, 0.22789E+02, 0.30000E+02, 0.00000E+00
 0.49000E+02, 0.35000E+02, 0.22184E+02, 0.30000E+02, 0.00000E+00
 0.50000E+02, 0.35000E+02, 0.21337E+02, 0.30000E+02, 0.00000E+00
 0.51000E+02, 0.35000E+02, 0.21331E+02, 0.30000E+02, 0.00000E+00
 0.52000E+02, 0.35000E+02, 0.21386E+02, 0.30000E+02, 0.00000E+00
 0.53000E+02, 0.35000E+02, 0.21472E+02, 0.30000E+02, 0.00000E+00
 0.54000E+02, 0.35000E+02, 0.21559E+02, 0.30000E+02, 0.00000E+00
 0.55000E+02, 0.35000E+02, 0.21610E+02, 0.30000E+02, 0.00000E+00
 0.56000E+02, 0.35000E+02, 0.21677E+02, 0.30000E+02, 0.00000E+00
 0.57000E+02, 0.35000E+02, 0.21718E+02, 0.30000E+02, 0.00000E+00
 0.58000E+02, 0.35000E+02, 0.21756E+02, 0.30000E+02, 0.00000E+00
 0.59000E+02, 0.35000E+02, 0.22016E+02, 0.30000E+02, 0.00000E+00
 0.60000E+02, 0.35000E+02, 0.21989E+02, 0.30000E+02, 0.00000E+00
 0.61000E+02, 0.35000E+02, 0.21999E+02, 0.30000E+02, 0.00000E+00
 0.62000E+02, 0.35000E+02, 0.21999E+02, 0.30000E+02, 0.00000E+00
 0.63000E+02, 0.35000E+02, 0.21999E+02, 0.30000E+02, 0.00000E+00
 0.64000E+02, 0.35000E+02, 0.21999E+02, 0.30000E+02, 0.00000E+00
 0.65000E+02, 0.35000E+02, 0.21999E+02, 0.30000E+02, 0.00000E+00
 0.00000E+00, 0.36000E+02, 0.21965E+02, 0.30000E+02, 0.00000E+00
 0.10000E+01, 0.36000E+02, 0.21995E+02, 0.30000E+02, 0.00000E+00
 0.20000E+01, 0.36000E+02, 0.21990E+02, 0.30000E+02, 0.00000E+00
 0.30000E+01, 0.36000E+02, 0.21992E+02, 0.30000E+02, 0.00000E+00
 0.40000E+01, 0.36000E+02, 0.22000E+02, 0.30000E+02, 0.00000E+00
 0.50000E+01, 0.36000E+02, 0.22821E+02, 0.30000E+02, 0.00000E+00
 0.60000E+01, 0.36000E+02, 0.21699E+02, 0.30000E+02, 0.00000E+00
 0.70000E+01, 0.36000E+02, 0.22143E+02, 0.30000E+02, 0.00000E+00
 0.80000E+01, 0.36000E+02, 0.21207E+02, 0.30000E+02, 0.00000E+00
 0.90000E+01, 0.36000E+02, 0.22029E+02, 0.30000E+02, 0.34871E-36
 0.10000E+02, 0.36000E+02, 0.22038E+02, 0.30000E+02, 0.78462E-34
 0.11000E+02, 0.36000E+02, 0.22051E+02, 0.30000E+02, 0.10189E-31
 0.12000E+02, 0.36000E+02, 0.22069E+02, 0.30000E+02, 0.99736E-30
 0.13000E+02, 0.36000E+02, 0.22092E+02, 0.30000E+02, 0.85703E-28
 0.14000E+02, 0.36000E+02, 0.22127E+02, 0.30000E+02, 0.68440E-26
 0.15000E+02, 0.36000E+02, 0.22189E+02, 0.30000E+02, 0.42721E-24
 0.16000E+02, 0.36000E+02, 0.22275E+02, 0.30000E+02, 0.15398E-22
 0.17000E+02, 0.36000E+02, 0.22351E+02, 0.30000E+02, 0.35472E-21
 0.18000E+02, 0.36000E+02, 0.22418E+02, 0.30000E+02, 0.17027E-17
 0.19000E+02, 0.36000E+02, 0.22473E+02, 0.30000E+02, 0.37201E-11
 0.20000E+02, 0.36000E+02, 0.24435E+02, 0.17888E+02, 0.67241E-04
 0.21000E+02, 0.36000E+02, 0.21579E+03, 0.36216E+00, 0.54567E-02
 0.22000E+02, 0.36000E+02, 0.26987E+03, 0.31224E+00, 0.70290E-02
 0.23000E+02, 0.36000E+02, 0.25707E+03, 0.29512E+00, 0.72616E-02
 0.24000E+02, 0.36000E+02, 0.16387E+03, 0.40805E+00, 0.43288E-02
 0.25000E+02, 0.36000E+02, 0.11522E+03, 0.60707E+00, 0.25857E-02
 0.26000E+02, 0.36000E+02, 0.12008E+03, 0.64564E+00, 0.24617E-02
 0.27000E+02, 0.36000E+02, 0.18593E+03, 0.45825E+00, 0.40491E-02
 0.28000E+02, 0.36000E+02, 0.19607E+03, 0.43931E+00, 0.43169E-02
 0.29000E+02, 0.36000E+02, 0.17004E+03, 0.53126E+00, 0.33718E-02
 0.30000E+02, 0.36000E+02, 0.11478E+03, 0.74049E+00, 0.21175E-02
 0.31000E+02, 0.36000E+02, 0.53788E+02, 0.18211E+01, 0.72561E-03
 0.32000E+02, 0.36000E+02, 0.22900E+02, 0.30000E+02, 0.23003E-05
 0.33000E+02, 0.36000E+02, 0.22623E+02, 0.30000E+02, 0.20218E-10
 0.34000E+02, 0.36000E+02, 0.22522E+02, 0.30000E+02, 0.54817E-18
 0.35000E+02, 0.36000E+02, 0.22425E+02, 0.30000E+02, 0.93742E-22
 0.36000E+02, 0.36000E+02, 0.22344E+02, 0.30000E+02, 0.28902E-23
 0.37000E+02, 0.36000E+02, 0.22275E+02, 0.30000E+02, 0.69921E-25
 0.38000E+02, 0.36000E+02, 0.22232E+02, 0.30000E+02, 0.14154E-26
 0.39000E+02, 0.36000E+02, 0.22152E+02, 0.30000E+02, 0.23651E-28
 0.40000E+02, 0.36000E+02, 0.22122E+02, 0.30000E+02, 0.41964E-30
 0.41000E+02, 0.36000E+02, 0.22115E+02, 0.30000E+02, 0.61013E-32
 0.42000E+02, 0.36000E+02, 0.22090E+02, 0.30000E+02, 0.69066E-34
 0.43000E+02, 0.36000E+02, 0.22070E+02, 0.30000E+02, 0.65657E-36
 0.44000E+02, 0.36000E+02, 0.22054E+02, 0.30000E+02, 0.00000E+00
 0.45000E+02, 0.36000E+02, 0.22041E+02, 0.30000E+02, 0.00000E+00
 0.46000E+02, 0.36000E+02, 0.22032E+02, 0.30000E+02, 0.00000E+00
 0.47000E+02, 0.36000E+02, 0.22024E+02, 0.30000E+02, 0.00000E+00
 0.48000E+02, 0.36000E+02, 0.22028E+02, 0.30000E+02, 0.00000E+00
 0.49000E+02, 0.36000E+02, 0.22018E+02, 0.30000E+02, 0.00000E+00
 0.50000E+02, 0.36000E+02, 0.22008E+02, 0.30000E+02, 0.00000E+00
 0.51000E+02, 0.36000E+02, 0.22005E+02, 0.30000E+02, 0.00000E+00
 0.52000E+02, 0.36000E+02, 0.22003E+02, 0.30000E+02, 0.00000E+00
 0.53000E+02, 0.36000E+02, 0.22002E+02, 0.30000E+02, 0.00000E+00
 0.54000E+02, 0.36000E+02, 0.22001E+02, 0.30000E+02, 0.00000E+00
 0.55000E+02, 0.36000E+02, 0.22001E+02, 0.30000E+02, 0.00000E+00
 0.56000E+02, 0.36000E+02, 0.22000E+02, 0.30000E+02, 0.00000E+00
 0.57000E+02, 0.36000E+02, 0.22000E+02, 0.30000E+02, 0.00000E+00
 0.58000E+02, 0.36000E+02, 0.22000E+02, 0.30000E+02, 0.00000E+00
 0.59000E+02, 0.36000E+02, 0.22000E+02, 0.30000E+02, 0.00000E+00
 0.60000E+02, 0.36000E+02, 0.21999E+02, 0.30000E+02, 0.00000E+00
 0.61000E+02, 0.36000E+02, 0.21999E+02, 0.30000E+02, 0.00000E+00
 0.62000E+02, 0.36000E+02, 0.21999E+02, 0.30000E+02, 0.00000E+00
 0.63000E+02, 0.36000E+02, 0.21999E+02, 0.30000E+02, 0.00000E+00
 0.64000E+02, 0.36000E+02, 0.21999E+02, 0.30000E+02, 0.00000E+00
 0.65000E+02, 0.36000E+02, 0.21999E+02, 0.30000E+02, 0.00000E+00
 0.00000E+00, 0.37000E+02, 0.21997E+02, 0.30000E+02, 0.00000E+00
 0.10000E+01, 0.37000E+02, 0.21954E+02, 0.30000E+02, 0.00000E+00
 0.20000E+01, 0.37000E+02, 0.21831E+02, 0.30000E+02, 0.00000E+00
 0.30000E+01, 0.37000E+02, 0.21858E+02, 0.30000E+02, 0.00000E+00
 0.40000E+01, 0.37000E+02, 0.21972E+02, 0.30000E+02, 0.00000E+00
 0.50000E+01, 0.37000E+02, 0.22579E+02, 0.30000E+02, 0.00000E+00
 0.60000E+01, 0.37000E+02, 0.21565E+02, 0.30000E+02, 0.00000E+00
 0.70000E+01, 0.37000E+02, 0.22081E+02, 0.30000E+02, 0.00000E+00
 0.80000E+01, 0.37000E+02, 0.21504E+02, 0.30000E+02, 0.16956E-37
 0.90000E+01, 0.37000E+02, 0.22040E+02, 0.30000E+02, 0.36283E-35
 0.10000E+02, 0.37000E+02, 0.22049E+02, 0.30000E+02, 0.35997E-33
 0.11000E+02, 0.37000E+02, 0.22064E+02, 0.30000E+02, 0.26084E-31
 0.12000E+02, 0.37000E+02, 0.22086E+02, 0.30000E+02, 0.15394E-29
 0.13000E+02, 0.37000E+02, 0.22115E+02, 0.30000E+02, 0.75006E-28
 0.14000E+02, 0.37000E+02, 0.22157E+02, 0.30000E+02, 0.30264E-26
 0.15000E+02, 0.37000E+02, 0.22220E+02, 0.30000E+02, 0.10555E-24
 0.16000E+02, 0.37000E+02, 0.22307E+02, 0.30000E+02, 0.36005E-23
 0.17000E+02, 0.37000E+02, 0.22404E+02, 0.30000E+02, 0.10613E-21
 0.18000E+02, 0.37000E+02, 0.22507E+02, 0.30000E+02, 0.60327E-17
 0.19000E+02, 0.37000E+02, 0.22596E+02, 0.30000E+02, 0.23667E-10
 0.20000E+02, 0.37000E+02, 0.23306E+02, 0.30000E+02, 0.19255E-04
 0.21000E+02, 0.37000E+02, 0.15210E+03, 0.44969E+00, 0.38222E-02
 0.22000E+02, 0.37000E+02, 0.26410E+03, 0.32434E+00, 0.66951E-02
 0.23000E+02, 0.37000E+02, 0.23271E+03, 0.35492E+00, 0.57608E-02
 0.24000E+02, 0.37000E+02, 0.19207E+03, 0.44496E+00, 0.42258E-02
 0.25000E+02, 0.37000E+02, 0.31903E+03, 0.35269E+00, 0.67863E-02
 0.26000E+02, 0.37000E+02, 0.44883E+03, 0.29316E+00, 0.99541E-02
 0.27000E+02, 0.37000E+02, 0.46139E+03, 0.29769E+00, 0.99731E-02
 0.28000E+02, 0.37000E+02, 0.41470E+03, 0.32175E+00, 0.86407E-02
 0.29000E+02, 0.37000E+02, 0.32605E+03, 0.36405E+00, 0.66526E-02
 0.30000E+02, 0.37000E+02, 0.25685E+03, 0.43762E+00, 0.48951E-02
 0.31000E+02, 0.37000E+02, 0.30160E+03, 0.38050E+00, 0.61053E-02
 0.32000E+02, 0.37000E+02, 0.15050E+03, 0.61000E+00, 0.28071E-02
 0.33000E+02, 0.37000E+02, 0.25355E+02, 0.21787E+02, 0.55376E-04
 0.34000E+02, 0.37000E+02, 0.22690E+02, 0.30000E+02, 0.40484E-10
 0.35000E+02, 0.37000E+02, 0.22552E+02, 0.30000E+02, 0.14556E-18
 0.36000E+02, 0.37000E+02, 0.22434E+02, 0.30000E+02, 0.18474E-22
 0.37000E+02, 0.37000E+02, 0.22342E+02, 0.30000E+02, 0.22595E-24
 0.38000E+02, 0.37000E+02, 0.22268E+02, 0.30000E+02, 0.50928E-26
 0.39000E+02, 0.37000E+02, 0.22209E+02, 0.30000E+02, 0.11561E-27
 0.40000E+02, 0.37000E+02, 0.22167E+02, 0.30000E+02, 0.25497E-29
 0.41000E+02, 0.37000E+02, 0.22134E+02, 0.30000E+02, 0.45438E-31
 0.42000E+02, 0.37000E+02, 0.22105E+02, 0.30000E+02, 0.63293E-33
 0.43000E+02, 0.37000E+02, 0.22081E+02, 0.30000E+02, 0.72352E-35
 0.44000E+02, 0.37000E+02, 0.22061E+02, 0.30000E+02, 0.71516E-37
 0.45000E+02, 0.37000E+02, 0.22046E+02, 0.30000E+02, 0.00000E+00
 0.46000E+02, 0.37000E+02, 0.22034E+02, 0.30000E+02, 0.00000E+00
 0.47000E+02, 0.37000E+02, 0.22025E+02, 0.30000E+02, 0.00000E+00
 0.48000E+02, 0.37000E+02, 0.22019E+02, 0.30000E+02, 0.00000E+00
 0.49000E+02, 0.37000E+02, 0.22013E+02, 0.30000E+02, 0.00000E+00
 0.50000E+02, 0.37000E+02, 0.22009E+02, 0.30000E+02, 0.00000E+00
 0.51000E+02, 0.37000E+02, 0.22006E+02, 0.30000E+02, 0.00000E+00
 0.52000E+02, 0.37000E+02, 0.22004E+02, 0.30000E+02, 0.00000E+00
 0.53000E+02, 0.37000E+02, 0.22002E+02, 0.30000E+02, 0.00000E+00
 0.54000E+02, 0.37000E+02, 0.22001E+02, 0.30000E+02, 0.00000E+00
 0.55000E+02, 0.37000E+02, 0.22001E+02, 0.30000E+02, 0.00000E+00
 0.56000E+02, 0.37000E+02, 0.22000E+02, 0.30000E+02, 0.00000E+00
 0.57000E+02, 0.37000E+02, 0.22000E+02, 0.30000E+02, 0.00000E+00
 0.58000E+02, 0.37000E+02, 0.22000E+02, 0.30000E+02, 0.00000E+00
 0.59000E+02, 0.37000E+02, 0.22000E+02, 0.30000E+02, 0.00000E+00
 0.60000E+02, 0.37000E+02, 0.22000E+02, 0.30000E+02, 0.00000E+00
 0.61000E+02, 0.37000E+02, 0.21999E+02, 0.30000E+02, 0.00000E+00
 0.62000E+02, 0.37000E+02, 0.21999E+02, 0.30000E+02, 0.00000E+00
 0.63000E+02, 0.37000E+02, 0.21999E+02, 0.30000E+02, 0.00000E+00
 0.64000E+02, 0.37000E+02, 0.21999E+02, 0.30000E+02, 0.00000E+00
 0.65000E+02, 0.37000E+02, 0.21999E+02, 0.30000E+02, 0.00000E+00
 0.00000E+00, 0.38000E+02, 0.21950E+02, 0.30000E+02, 0.00000E+00
 0.10000E+01, 0.38000E+02, 0.21817E+02, 0.30000E+02, 0.00000E+00
 0.20000E+01, 0.38000E+02, 0.21796E+02, 0.30000E+02, 0.00000E+00
 0.30000E+01, 0.38000E+02, 0.21855E+02, 0.30000E+02, 0.00000E+00
 0.40000E+01, 0.38000E+02, 0.22008E+02, 0.30000E+02, 0.00000E+00
 0.50000E+01, 0.38000E+02, 0.22151E+02, 0.30000E+02, 0.00000E+00
 0.60000E+01, 0.38000E+02, 0.21769E+02, 0.30000E+02, 0.00000E+00
 0.70000E+01, 0.38000E+02, 0.22310E+02, 0.30000E+02, 0.16495E-36
 0.80000E+01, 0.38000E+02, 0.21617E+02, 0.30000E+02, 0.64752E-36
 0.90000E+01, 0.38000E+02, 0.22055E+02, 0.30000E+02, 0.42729E-34
 0.10000E+02, 0.38000E+02, 0.22062E+02, 0.30000E+02, 0.20704E-32
 0.11000E+02, 0.38000E+02, 0.22078E+02, 0.30000E+02, 0.99614E-31
 0.12000E+02, 0.38000E+02, 0.22103E+02, 0.30000E+02, 0.47259E-29
 0.13000E+02, 0.38000E+02, 0.22138E+02, 0.30000E+02, 0.21278E-27
 0.14000E+02, 0.38000E+02, 0.22188E+02, 0.30000E+02, 0.82650E-26
 0.15000E+02, 0.38000E+02, 0.22256E+02, 0.30000E+02, 0.26601E-24
 0.16000E+02, 0.38000E+02, 0.22350E+02, 0.30000E+02, 0.76200E-23
 0.17000E+02, 0.38000E+02, 0.22470E+02, 0.30000E+02, 0.47940E-20
 0.18000E+02, 0.38000E+02, 0.22587E+02, 0.30000E+02, 0.32367E-12
 0.19000E+02, 0.38000E+02, 0.22780E+02, 0.30000E+02, 0.22358E-05
 0.20000E+02, 0.38000E+02, 0.76791E+02, 0.86174E+00, 0.16413E-02
 0.21000E+02, 0.38000E+02, 0.17381E+03, 0.42322E+00, 0.42686E-02
 0.22000E+02, 0.38000E+02, 0.34767E+03, 0.30210E+00, 0.83059E-02
 0.23000E+02, 0.38000E+02, 0.36713E+03, 0.30966E+00, 0.83572E-02
 0.24000E+02, 0.38000E+02, 0.41425E+03, 0.29622E+00, 0.93794E-02
 0.25000E+02, 0.38000E+02, 0.45443E+03, 0.27988E+00, 0.10507E-01
 0.26000E+02, 0.38000E+02, 0.51600E+03, 0.24586E+00, 0.12973E-01
 0.27000E+02, 0.38000E+02, 0.55059E+03, 0.25068E+00, 0.13282E-01
 0.28000E+02, 0.38000E+02, 0.54457E+03, 0.28430E+00, 0.11625E-01
 0.29000E+02, 0.38000E+02, 0.53634E+03, 0.28526E+00, 0.11470E-01
 0.30000E+02, 0.38000E+02, 0.40246E+03, 0.37717E+00, 0.72400E-02
 0.31000E+02, 0.38000E+02, 0.28960E+03, 0.41000E+00, 0.55477E-02
 0.32000E+02, 0.38000E+02, 0.27027E+03, 0.41579E+00, 0.52825E-02
 0.33000E+02, 0.38000E+02, 0.13511E+03, 0.67191E+00, 0.24558E-02
 0.34000E+02, 0.38000E+02, 0.23112E+02, 0.30000E+02, 0.50473E-05
 0.35000E+02, 0.38000E+02, 0.22702E+02, 0.30000E+02, 0.23952E-12
 0.36000E+02, 0.38000E+02, 0.22543E+02, 0.30000E+02, 0.34218E-21
 0.37000E+02, 0.38000E+02, 0.22419E+02, 0.30000E+02, 0.20932E-23
 0.38000E+02, 0.38000E+02, 0.22326E+02, 0.30000E+02, 0.35205E-25
 0.39000E+02, 0.38000E+02, 0.22254E+02, 0.30000E+02, 0.77304E-27
 0.40000E+02, 0.38000E+02, 0.22199E+02, 0.30000E+02, 0.16168E-28
 0.41000E+02, 0.38000E+02, 0.22155E+02, 0.30000E+02, 0.30268E-30
 0.42000E+02, 0.38000E+02, 0.22120E+02, 0.30000E+02, 0.47903E-32
 0.43000E+02, 0.38000E+02, 0.22091E+02, 0.30000E+02, 0.65066E-34
 0.44000E+02, 0.38000E+02, 0.22068E+02, 0.30000E+02, 0.77023E-36
 0.45000E+02, 0.38000E+02, 0.22051E+02, 0.30000E+02, 0.00000E+00
 0.46000E+02, 0.38000E+02, 0.22037E+02, 0.30000E+02, 0.00000E+00
 0.47000E+02, 0.38000E+02, 0.22027E+02, 0.30000E+02, 0.00000E+00
 0.48000E+02, 0.38000E+02, 0.22020E+02, 0.30000E+02, 0.00000E+00
 0.49000E+02, 0.38000E+02, 0.22014E+02, 0.30000E+02, 0.00000E+00
 0.50000E+02, 0.38000E+02, 0.22010E+02, 0.30000E+02, 0.00000E+00
 0.51000E+02, 0.38000E+02, 0.22007E+02, 0.30000E+02, 0.00000E+00
 0.52000E+02, 0.38000E+02, 0.22005E+02, 0.30000E+02, 0.00000E+00
 0.53000E+02, 0.38000E+02, 0.22003E+02, 0.30000E+02, 0.00000E+00
 0.54000E+02, 0.38000E+02, 0.22002E+02, 0.30000E+02, 0.00000E+00
 0.55000E+02, 0.38000E+02, 0.22001E+02, 0.30000E+02, 0.00000E+00
 0.56000E+02, 0.38000E+02, 0.22001E+02, 0.30000E+02, 0.00000E+00
 0.57000E+02, 0.38000E+02, 0.22000E+02, 0.30000E+02, 0.00000E+00
 0.58000E+02, 0.38000E+02, 0.22000E+02, 0.30000E+02, 0.00000E+00
 0.59000E+02, 0.38000E+02, 0.22000E+02, 0.30000E+02, 0.00000E+00
 0.60000E+02, 0.38000E+02, 0.21999E+02, 0.30000E+02, 0.00000E+00
 0.61000E+02, 0.38000E+02, 0.21999E+02, 0.30000E+02, 0.00000E+00
 0.62000E+02, 0.38000E+02, 0.21999E+02, 0.30000E+02, 0.00000E+00
 0.63000E+02, 0.38000E+02, 0.21999E+02, 0.30000E+02, 0.00000E+00
 0.64000E+02, 0.38000E+02, 0.21999E+02, 0.30000E+02, 0.00000E+00
 0.65000E+02, 0.38000E+02, 0.21999E+02, 0.30000E+02, 0.00000E+00
 0.00000E+00, 0.39000E+02, 0.21882E+02, 0.30000E+02, 0.00000E+00
 0.10000E+01, 0.39000E+02, 0.21834E+02, 0.30000E+02, 0.00000E+00
 0.20000E+01, 0.39000E+02, 0.21946E+02, 0.30000E+02, 0.00000E+00
 0.30000E+01, 0.39000E+02, 0.22025E+02, 0.30000E+02, 0.12894E-37
 0.40000E+01, 0.39000E+02, 0.22008E+02, 0.30000E+02, 0.63568E-37
 0.50000E+01, 0.39000E+02, 0.21772E+02, 0.30000E+02, 0.26721E-36
 0.60000E+01, 0.39000E+02, 0.21910E+02, 0.30000E+02, 0.11657E-35
 0.70000E+01, 0.39000E+02, 0.21993E+02, 0.30000E+02, 0.72283E-35
 0.80000E+01, 0.39000E+02, 0.21670E+02, 0.30000E+02, 0.71075E-35
 0.90000E+01, 0.39000E+02, 0.22059E+02, 0.30000E+02, 0.23847E-33
 0.10000E+02, 0.39000E+02, 0.22069E+02, 0.30000E+02, 0.75802E-32
 0.11000E+02, 0.39000E+02, 0.22089E+02, 0.30000E+02, 0.27652E-30
 0.12000E+02, 0.39000E+02, 0.22118E+02, 0.30000E+02, 0.10589E-28
 0.13000E+02, 0.39000E+02, 0.22158E+02, 0.30000E+02, 0.42823E-27
 0.14000E+02, 0.39000E+02, 0.22215E+02, 0.30000E+02, 0.16065E-25
 0.15000E+02, 0.39000E+02, 0.22293E+02, 0.30000E+02, 0.50181E-24
 0.16000E+02, 0.39000E+02, 0.22398E+02, 0.30000E+02, 0.11819E-22
 0.17000E+02, 0.39000E+02, 0.22537E+02, 0.30000E+02, 0.11899E-17
 0.18000E+02, 0.39000E+02, 0.22664E+02, 0.30000E+02, 0.38981E-10
 0.19000E+02, 0.39000E+02, 0.26131E+02, 0.87925E+01, 0.13758E-03
 0.20000E+02, 0.39000E+02, 0.21741E+03, 0.36452E+00, 0.54393E-02
 0.21000E+02, 0.39000E+02, 0.28149E+03, 0.32979E+00, 0.67975E-02
 0.22000E+02, 0.39000E+02, 0.25364E+03, 0.37144E+00, 0.57323E-02
 0.23000E+02, 0.39000E+02, 0.26925E+03, 0.36850E+00, 0.59492E-02
 0.24000E+02, 0.39000E+02, 0.31818E+03, 0.34161E+00, 0.69966E-02
 0.25000E+02, 0.39000E+02, 0.46613E+03, 0.26276E+00, 0.11372E-01
 0.26000E+02, 0.39000E+02, 0.54348E+03, 0.21278E+00, 0.15512E-01
 0.27000E+02, 0.39000E+02, 0.62062E+03, 0.21452E+00, 0.16840E-01
 0.28000E+02, 0.39000E+02, 0.58120E+03, 0.28054E+00, 0.12309E-01
 0.29000E+02, 0.39000E+02, 0.54693E+03, 0.30051E+00, 0.11030E-01
 0.30000E+02, 0.39000E+02, 0.37099E+03, 0.37701E+00, 0.69056E-02
 0.31000E+02, 0.39000E+02, 0.14379E+03, 0.72590E+00, 0.23215E-02
 0.32000E+02, 0.39000E+02, 0.22453E+03, 0.46312E+00, 0.43434E-02
 0.33000E+02, 0.39000E+02, 0.20690E+03, 0.47451E+00, 0.40890E-02
 0.34000E+02, 0.39000E+02, 0.39795E+02, 0.33598E+01, 0.37647E-03
 0.35000E+02, 0.39000E+02, 0.22867E+02, 0.30000E+02, 0.91552E-09
 0.36000E+02, 0.39000E+02, 0.22672E+02, 0.30000E+02, 0.16923E-17
 0.37000E+02, 0.39000E+02, 0.22510E+02, 0.30000E+02, 0.15690E-22
 0.38000E+02, 0.39000E+02, 0.22393E+02, 0.30000E+02, 0.14208E-24
 0.39000E+02, 0.39000E+02, 0.22303E+02, 0.30000E+02, 0.35547E-26
 0.40000E+02, 0.39000E+02, 0.22234E+02, 0.30000E+02, 0.92209E-28
 0.41000E+02, 0.39000E+02, 0.22180E+02, 0.30000E+02, 0.20828E-29
 0.42000E+02, 0.39000E+02, 0.22137E+02, 0.30000E+02, 0.40449E-31
 0.43000E+02, 0.39000E+02, 0.22103E+02, 0.30000E+02, 0.67957E-33
 0.44000E+02, 0.39000E+02, 0.22077E+02, 0.30000E+02, 0.97659E-35
 0.45000E+02, 0.39000E+02, 0.22056E+02, 0.30000E+02, 0.12453E-36
 0.46000E+02, 0.39000E+02, 0.22042E+02, 0.30000E+02, 0.00000E+00
 0.47000E+02, 0.39000E+02, 0.22031E+02, 0.30000E+02, 0.00000E+00
 0.48000E+02, 0.39000E+02, 0.22022E+02, 0.30000E+02, 0.00000E+00
 0.49000E+02, 0.39000E+02, 0.22016E+02, 0.30000E+02, 0.00000E+00
 0.50000E+02, 0.39000E+02, 0.22012E+02, 0.30000E+02, 0.00000E+00
 0.51000E+02, 0.39000E+02, 0.22008E+02, 0.30000E+02, 0.00000E+00
 0.52000E+02, 0.39000E+02, 0.22006E+02, 0.30000E+02, 0.00000E+00
 0.53000E+02, 0.39000E+02, 0.22004E+02, 0.30000E+02, 0.00000E+00
 0.54000E+02, 0.39000E+02, 0.22003E+02, 0.30000E+02, 0.00000E+00
 0.55000E+02, 0.39000E+02, 0.22002E+02, 0.30000E+02, 0.00000E+00
 0.56000E+02, 0.39000E+02, 0.22001E+02, 0.30000E+02, 0.00000E+00
 0.57000E+02, 0.39000E+02, 0.22000E+02, 0.30000E+02, 0.00000E+00
 0.58000E+02, 0.39000E+02, 0.22000E+02, 0.30000E+02, 0.00000E+00
 0.59000E+02, 0.39000E+02, 0.22000E+02, 0.30000E+02, 0.00000E+00
 0.60000E+02, 0.39000E+02, 0.22000E+02, 0.30000E+02, 0.00000E+00
 0.61000E+02, 0.39000E+02, 0.22000E+02, 0.30000E+02, 0.00000E+00
 0.62000E+02, 0.39000E+02, 0.21999E+02, 0.30000E+02, 0.00000E+00
 0.63000E+02, 0.39000E+02, 0.21999E+02, 0.30000E+02, 0.00000E+00
 0.64000E+02, 0.39000E+02, 0.21999E+02, 0.30000E+02, 0.00000E+00
 0.65000E+02, 0.39000E+02, 0.21999E+02, 0.30000E+02, 0.00000E+00
 0.00000E+00, 0.40000E+02, 0.21929E+02, 0.30000E+02, 0.00000E+00
 0.10000E+01, 0.40000E+02, 0.21790E+02, 0.30000E+02, 0.00000E+00
 0.20000E+01, 0.40000E+02, 0.21775E+02, 0.30000E+02, 0.00000E+00
 0.30000E+01, 0.40000E+02, 0.21909E+02, 0.30000E+02, 0.00000E+00
 0.40000E+01, 0.40000E+02, 0.22083E+02, 0.30000E+02, 0.00000E+00
 0.50000E+01, 0.40000E+02, 0.22245E+02, 0.30000E+02, 0.00000E+00
 0.60000E+01, 0.40000E+02, 0.21788E+02, 0.30000E+02, 0.54293E-37
 0.70000E+01, 0.40000E+02, 0.22343E+02, 0.30000E+02, 0.92095E-36
 0.80000E+01, 0.40000E+02, 0.21656E+02, 0.30000E+02, 0.70578E-35
 0.90000E+01, 0.40000E+02, 0.22072E+02, 0.30000E+02, 0.33010E-33
 0.10000E+02, 0.40000E+02, 0.22079E+02, 0.30000E+02, 0.11221E-31
 0.11000E+02, 0.40000E+02, 0.22099E+02, 0.30000E+02, 0.37299E-30
 0.12000E+02, 0.40000E+02, 0.22131E+02, 0.30000E+02, 0.12832E-28
 0.13000E+02, 0.40000E+02, 0.22177E+02, 0.30000E+02, 0.50299E-27
 0.14000E+02, 0.40000E+02, 0.22240E+02, 0.30000E+02, 0.22812E-25
 0.15000E+02, 0.40000E+02, 0.22326E+02, 0.30000E+02, 0.10448E-23
 0.16000E+02, 0.40000E+02, 0.22446E+02, 0.30000E+02, 0.23429E-22
 0.17000E+02, 0.40000E+02, 0.22602E+02, 0.30000E+02, 0.23293E-14
 0.18000E+02, 0.40000E+02, 0.22764E+02, 0.30000E+02, 0.10792E-06
 0.19000E+02, 0.40000E+02, 0.65500E+02, 0.11214E+01, 0.12206E-02
 0.20000E+02, 0.40000E+02, 0.24689E+03, 0.32459E+00, 0.64757E-02
 0.21000E+02, 0.40000E+02, 0.34175E+03, 0.27377E+00, 0.90783E-02
 0.22000E+02, 0.40000E+02, 0.31223E+03, 0.29111E+00, 0.81276E-02
 0.23000E+02, 0.40000E+02, 0.26651E+03, 0.33273E+00, 0.65556E-02
 0.24000E+02, 0.40000E+02, 0.21524E+03, 0.41722E+00, 0.47313E-02
 0.25000E+02, 0.40000E+02, 0.47908E+03, 0.20585E+00, 0.14770E-01
 0.26000E+02, 0.40000E+02, 0.60115E+03, 0.20345E+00, 0.17369E-01
 0.27000E+02, 0.40000E+02, 0.48268E+03, 0.30693E+00, 0.99532E-02
 0.28000E+02, 0.40000E+02, 0.51523E+03, 0.35071E+00, 0.90860E-02
 0.29000E+02, 0.40000E+02, 0.64265E+03, 0.29390E+00, 0.12594E-01
 0.30000E+02, 0.40000E+02, 0.64221E+03, 0.25277E+00, 0.14637E-01
 0.31000E+02, 0.40000E+02, 0.49365E+03, 0.26628E+00, 0.11639E-01
 0.32000E+02, 0.40000E+02, 0.91212E+02, 0.10191E+01, 0.14451E-02
 0.33000E+02, 0.40000E+02, 0.13306E+03, 0.67098E+00, 0.24469E-02
 0.34000E+02, 0.40000E+02, 0.40156E+02, 0.32923E+01, 0.38464E-03
 0.35000E+02, 0.40000E+02, 0.23063E+02, 0.30000E+02, 0.32838E-08
 0.36000E+02, 0.40000E+02, 0.22815E+02, 0.30000E+02, 0.12241E-16
 0.37000E+02, 0.40000E+02, 0.22610E+02, 0.30000E+02, 0.14898E-21
 0.38000E+02, 0.40000E+02, 0.22462E+02, 0.30000E+02, 0.43127E-24
 0.39000E+02, 0.40000E+02, 0.22352E+02, 0.30000E+02, 0.83632E-26
 0.40000E+02, 0.40000E+02, 0.22267E+02, 0.30000E+02, 0.22652E-27
 0.41000E+02, 0.40000E+02, 0.22203E+02, 0.30000E+02, 0.53594E-29
 0.42000E+02, 0.40000E+02, 0.22153E+02, 0.30000E+02, 0.11163E-30
 0.43000E+02, 0.40000E+02, 0.22115E+02, 0.30000E+02, 0.20547E-32
 0.44000E+02, 0.40000E+02, 0.22086E+02, 0.30000E+02, 0.32994E-34
 0.45000E+02, 0.40000E+02, 0.22063E+02, 0.30000E+02, 0.48414E-36
 0.46000E+02, 0.40000E+02, 0.22047E+02, 0.30000E+02, 0.00000E+00
 0.47000E+02, 0.40000E+02, 0.22035E+02, 0.30000E+02, 0.00000E+00
 0.48000E+02, 0.40000E+02, 0.22025E+02, 0.30000E+02, 0.00000E+00
 0.49000E+02, 0.40000E+02, 0.22018E+02, 0.30000E+02, 0.00000E+00
 0.50000E+02, 0.40000E+02, 0.22013E+02, 0.30000E+02, 0.00000E+00
 0.51000E+02, 0.40000E+02, 0.22009E+02, 0.30000E+02, 0.00000E+00
 0.52000E+02, 0.40000E+02, 0.22007E+02, 0.30000E+02, 0.00000E+00
 0.53000E+02, 0.40000E+02, 0.22004E+02, 0.30000E+02, 0.00000E+00
 0.54000E+02, 0.40000E+02, 0.22003E+02, 0.30000E+02, 0.00000E+00
 0.55000E+02, 0.40000E+02, 0.22002E+02, 0.30000E+02, 0.00000E+00
 0.56000E+02, 0.40000E+02, 0.22001E+02, 0.30000E+02, 0.00000E+00
 0.57000E+02, 0.40000E+02, 0.22000E+02, 0.30000E+02, 0.00000E+00
 0.58000E+02, 0.40000E+02, 0.22000E+02, 0.30000E+02, 0.00000E+00
 0.59000E+02, 0.40000E+02, 0.22000E+02, 0.30000E+02, 0.00000E+00
 0.60000E+02, 0.40000E+02, 0.22000E+02, 0.30000E+02, 0.00000E+00
 0.61000E+02, 0.40000E+02, 0.21999E+02, 0.30000E+02, 0.00000E+00
 0.62000E+02, 0.40000E+02, 0.21999E+02, 0.30000E+02, 0.00000E+00
 0.63000E+02, 0.40000E+02, 0.21999E+02, 0.30000E+02, 0.00000E+00
 0.64000E+02, 0.40000E+02, 0.21999E+02, 0.30000E+02, 0.00000E+00
 0.65000E+02, 0.40000E+02, 0.22000E+02, 0.30000E+02, 0.00000E+00
 0.00000E+00, 0.41000E+02, 0.21996E+02, 0.30000E+02, 0.00000E+00
 0.10000E+01, 0.41000E+02, 0.21909E+02, 0.30000E+02, 0.00000E+00
 0.20000E+01, 0.41000E+02, 0.21785E+02, 0.30000E+02, 0.00000E+00
 0.30000E+01, 0.41000E+02, 0.21810E+02, 0.30000E+02, 0.00000E+00
 0.40000E+01, 0.41000E+02, 0.21947E+02, 0.30000E+02, 0.00000E+00
 0.50000E+01, 0.41000E+02, 0.22692E+02, 0.30000E+02, 0.00000E+00
 0.60000E+01, 0.41000E+02, 0.21526E+02, 0.30000E+02, 0.00000E+00
 0.70000E+01, 0.41000E+02, 0.22163E+02, 0.30000E+02, 0.00000E+00
 0.80000E+01, 0.41000E+02, 0.21337E+02, 0.30000E+02, 0.97890E-36
 0.90000E+01, 0.41000E+02, 0.22071E+02, 0.30000E+02, 0.11023E-33
 0.10000E+02, 0.41000E+02, 0.22086E+02, 0.30000E+02, 0.60189E-32
 0.11000E+02, 0.41000E+02, 0.22110E+02, 0.30000E+02, 0.24207E-30
 0.12000E+02, 0.41000E+02, 0.22146E+02, 0.30000E+02, 0.88421E-29
 0.13000E+02, 0.41000E+02, 0.22195E+02, 0.30000E+02, 0.38806E-27
 0.14000E+02, 0.41000E+02, 0.22264E+02, 0.30000E+02, 0.22602E-25
 0.15000E+02, 0.41000E+02, 0.22359E+02, 0.30000E+02, 0.12736E-23
 0.16000E+02, 0.41000E+02, 0.22489E+02, 0.30000E+02, 0.25303E-21
 0.17000E+02, 0.41000E+02, 0.22655E+02, 0.30000E+02, 0.16336E-12
 0.18000E+02, 0.41000E+02, 0.22878E+02, 0.30000E+02, 0.11842E-05
 0.19000E+02, 0.41000E+02, 0.10296E+03, 0.64513E+00, 0.23564E-02
 0.20000E+02, 0.41000E+02, 0.32022E+03, 0.27655E+00, 0.86721E-02
 0.21000E+02, 0.41000E+02, 0.36792E+03, 0.28106E+00, 0.92192E-02
 0.22000E+02, 0.41000E+02, 0.32653E+03, 0.31998E+00, 0.75750E-02
 0.23000E+02, 0.41000E+02, 0.24244E+03, 0.34610E+00, 0.60212E-02
 0.24000E+02, 0.41000E+02, 0.16434E+03, 0.48143E+00, 0.36729E-02
 0.25000E+02, 0.41000E+02, 0.14497E+03, 0.52343E+00, 0.32286E-02
 0.26000E+02, 0.41000E+02, 0.43821E+03, 0.24040E+00, 0.11960E-01
 0.27000E+02, 0.41000E+02, 0.29253E+03, 0.35622E+00, 0.64185E-02
 0.28000E+02, 0.41000E+02, 0.45366E+03, 0.36603E+00, 0.80257E-02
 0.29000E+02, 0.41000E+02, 0.72115E+03, 0.30009E+00, 0.13392E-01
 0.30000E+02, 0.41000E+02, 0.75212E+03, 0.22438E+00, 0.18468E-01
 0.31000E+02, 0.41000E+02, 0.37543E+03, 0.31593E+00, 0.82975E-02
 0.32000E+02, 0.41000E+02, 0.87100E+02, 0.10759E+01, 0.13534E-02
 0.33000E+02, 0.41000E+02, 0.83062E+02, 0.10889E+01, 0.13222E-02
 0.34000E+02, 0.41000E+02, 0.29245E+02, 0.97622E+01, 0.12520E-03
 0.35000E+02, 0.41000E+02, 0.23275E+02, 0.30000E+02, 0.62531E-09
 0.36000E+02, 0.41000E+02, 0.22957E+02, 0.30000E+02, 0.29709E-17
 0.37000E+02, 0.41000E+02, 0.22705E+02, 0.30000E+02, 0.10409E-21
 0.38000E+02, 0.41000E+02, 0.22526E+02, 0.30000E+02, 0.37625E-24
 0.39000E+02, 0.41000E+02, 0.22395E+02, 0.30000E+02, 0.65563E-26
 0.40000E+02, 0.41000E+02, 0.22297E+02, 0.30000E+02, 0.20308E-27
 0.41000E+02, 0.41000E+02, 0.22224E+02, 0.30000E+02, 0.60136E-29
 0.42000E+02, 0.41000E+02, 0.22169E+02, 0.30000E+02, 0.16163E-30
 0.43000E+02, 0.41000E+02, 0.22127E+02, 0.30000E+02, 0.37977E-32
 0.44000E+02, 0.41000E+02, 0.22095E+02, 0.30000E+02, 0.77888E-34
 0.45000E+02, 0.41000E+02, 0.22071E+02, 0.30000E+02, 0.13830E-35
 0.46000E+02, 0.41000E+02, 0.22053E+02, 0.30000E+02, 0.21693E-37
 0.47000E+02, 0.41000E+02, 0.22039E+02, 0.30000E+02, 0.00000E+00
 0.48000E+02, 0.41000E+02, 0.22028E+02, 0.30000E+02, 0.00000E+00
 0.49000E+02, 0.41000E+02, 0.22020E+02, 0.30000E+02, 0.00000E+00
 0.50000E+02, 0.41000E+02, 0.22014E+02, 0.30000E+02, 0.00000E+00
 0.51000E+02, 0.41000E+02, 0.22010E+02, 0.30000E+02, 0.00000E+00
 0.52000E+02, 0.41000E+02, 0.22007E+02, 0.30000E+02, 0.00000E+00
 0.53000E+02, 0.41000E+02, 0.22004E+02, 0.30000E+02, 0.00000E+00
 0.54000E+02, 0.41000E+02, 0.22003E+02, 0.30000E+02, 0.00000E+00
 0.55000E+02, 0.41000E+02, 0.22002E+02, 0.30000E+02, 0.00000E+00
 0.56000E+02, 0.41000E+02, 0.22001E+02, 0.30000E+02, 0.00000E+00
 0.57000E+02, 0.41000E+02, 0.22000E+02, 0.30000E+02, 0.00000E+00
 0.58000E+02, 0.41000E+02, 0.22000E+02, 0.30000E+02, 0.00000E+00
 0.59000E+02, 0.41000E+02, 0.22000E+02, 0.30000E+02, 0.00000E+00
 0.60000E+02, 0.41000E+02, 0.21999E+02, 0.30000E+02, 0.00000E+00
 0.61000E+02, 0.41000E+02, 0.21999E+02, 0.30000E+02, 0.00000E+00
 0.62000E+02, 0.41000E+02, 0.21999E+02, 0.30000E+02, 0.00000E+00
 0.63000E+02, 0.41000E+02, 0.21999E+02, 0.30000E+02, 0.00000E+00
 0.64000E+02, 0.41000E+02, 0.21999E+02, 0.30000E+02, 0.00000E+00
 0.65000E+02, 0.41000E+02, 0.21999E+02, 0.30000E+02, 0.00000E+00
 0.00000E+00, 0.42000E+02, 0.21997E+02, 0.30000E+02, 0.00000E+00
 0.10000E+01, 0.42000E+02, 0.21994E+02, 0.30000E+02, 0.00000E+00
 0.20000E+01, 0.42000E+02, 0.21977E+02, 0.30000E+02, 0.00000E+00
 0.30000E+01, 0.42000E+02, 0.21981E+02, 0.30000E+02, 0.00000E+00
 0.40000E+01, 0.42000E+02, 0.22000E+02, 0.30000E+02, 0.00000E+00
 0.50000E+01, 0.42000E+02, 0.22930E+02, 0.30000E+02, 0.00000E+00
 0.60000E+01, 0.42000E+02, 0.21642E+02, 0.30000E+02, 0.00000E+00
 0.70000E+01, 0.42000E+02, 0.22247E+02, 0.30000E+02, 0.00000E+00
 0.80000E+01, 0.42000E+02, 0.20824E+02, 0.30000E+02, 0.40315E-37
 0.90000E+01, 0.42000E+02, 0.22062E+02, 0.30000E+02, 0.37223E-34
 0.10000E+02, 0.42000E+02, 0.22086E+02, 0.30000E+02, 0.30087E-32
 0.11000E+02, 0.42000E+02, 0.22117E+02, 0.30000E+02, 0.14022E-30
 0.12000E+02, 0.42000E+02, 0.22159E+02, 0.30000E+02, 0.48400E-29
 0.13000E+02, 0.42000E+02, 0.22214E+02, 0.30000E+02, 0.18500E-27
 0.14000E+02, 0.42000E+02, 0.22288E+02, 0.30000E+02, 0.11853E-25
 0.15000E+02, 0.42000E+02, 0.22385E+02, 0.30000E+02, 0.99181E-24
 0.16000E+02, 0.42000E+02, 0.22521E+02, 0.30000E+02, 0.81218E-21
 0.17000E+02, 0.42000E+02, 0.22692E+02, 0.30000E+02, 0.96944E-12
 0.18000E+02, 0.42000E+02, 0.23044E+02, 0.30000E+02, 0.47140E-05
 0.19000E+02, 0.42000E+02, 0.92997E+02, 0.72120E+00, 0.20520E-02
 0.20000E+02, 0.42000E+02, 0.26013E+03, 0.31648E+00, 0.68106E-02
 0.21000E+02, 0.42000E+02, 0.34269E+03, 0.28577E+00, 0.87102E-02
 0.22000E+02, 0.42000E+02, 0.28471E+03, 0.32801E+00, 0.68741E-02
 0.23000E+02, 0.42000E+02, 0.22536E+03, 0.39274E+00, 0.51303E-02
 0.24000E+02, 0.42000E+02, 0.17927E+03, 0.46139E+00, 0.39632E-02
 0.25000E+02, 0.42000E+02, 0.10740E+03, 0.75219E+00, 0.20448E-02
 0.26000E+02, 0.42000E+02, 0.13771E+03, 0.68537E+00, 0.24230E-02
 0.27000E+02, 0.42000E+02, 0.24328E+03, 0.54440E+00, 0.38342E-02
 0.28000E+02, 0.42000E+02, 0.57203E+03, 0.32943E+00, 0.10370E-01
 0.29000E+02, 0.42000E+02, 0.71113E+03, 0.31065E+00, 0.12806E-01
 0.30000E+02, 0.42000E+02, 0.70170E+03, 0.26446E+00, 0.14899E-01
 0.31000E+02, 0.42000E+02, 0.34267E+03, 0.34310E+00, 0.72546E-02
 0.32000E+02, 0.42000E+02, 0.79697E+02, 0.13118E+01, 0.10872E-02
 0.33000E+02, 0.42000E+02, 0.62223E+02, 0.16468E+01, 0.82315E-03
 0.34000E+02, 0.42000E+02, 0.24454E+02, 0.30000E+02, 0.10136E-04
 0.35000E+02, 0.42000E+02, 0.23463E+02, 0.30000E+02, 0.10786E-10
 0.36000E+02, 0.42000E+02, 0.23073E+02, 0.30000E+02, 0.39300E-19
 0.37000E+02, 0.42000E+02, 0.22786E+02, 0.30000E+02, 0.11590E-22
 0.38000E+02, 0.42000E+02, 0.22584E+02, 0.30000E+02, 0.10999E-24
 0.39000E+02, 0.42000E+02, 0.22438E+02, 0.30000E+02, 0.39433E-26
 0.40000E+02, 0.42000E+02, 0.22330E+02, 0.30000E+02, 0.16099E-27
 0.41000E+02, 0.42000E+02, 0.22250E+02, 0.30000E+02, 0.58900E-29
 0.42000E+02, 0.42000E+02, 0.22188E+02, 0.30000E+02, 0.18928E-30
 0.43000E+02, 0.42000E+02, 0.22142E+02, 0.30000E+02, 0.52319E-32
 0.44000E+02, 0.42000E+02, 0.22106E+02, 0.30000E+02, 0.12643E-33
 0.45000E+02, 0.42000E+02, 0.22077E+02, 0.30000E+02, 0.26188E-35
 0.46000E+02, 0.42000E+02, 0.22056E+02, 0.30000E+02, 0.46488E-37
 0.47000E+02, 0.42000E+02, 0.22041E+02, 0.30000E+02, 0.00000E+00
 0.48000E+02, 0.42000E+02, 0.22029E+02, 0.30000E+02, 0.00000E+00
 0.49000E+02, 0.42000E+02, 0.22020E+02, 0.30000E+02, 0.00000E+00
 0.50000E+02, 0.42000E+02, 0.22014E+02, 0.30000E+02, 0.00000E+00
 0.51000E+02, 0.42000E+02, 0.22009E+02, 0.30000E+02, 0.00000E+00
 0.52000E+02, 0.42000E+02, 0.22006E+02, 0.30000E+02, 0.00000E+00
 0.53000E+02, 0.42000E+02, 0.22004E+02, 0.30000E+02, 0.00000E+00
 0.54000E+02, 0.42000E+02, 0.22003E+02, 0.30000E+02, 0.00000E+00
 0.55000E+02, 0.42000E+02, 0.22002E+02, 0.30000E+02, 0.00000E+00
 0.56000E+02, 0.42000E+02, 0.22001E+02, 0.30000E+02, 0.00000E+00
 0.57000E+02, 0.42000E+02, 0.22000E+02, 0.30000E+02, 0.00000E+00
 0.58000E+02, 0.42000E+02, 0.22000E+02, 0.30000E+02, 0.00000E+00
 0.59000E+02, 0.42000E+02, 0.22000E+02, 0.30000E+02, 0.00000E+00
 0.60000E+02, 0.42000E+02, 0.22000E+02, 0.30000E+02, 0.00000E+00
 0.61000E+02, 0.42000E+02, 0.22000E+02, 0.30000E+02, 0.00000E+00
 0.62000E+02, 0.42000E+02, 0.21999E+02, 0.30000E+02, 0.00000E+00
 0.63000E+02, 0.42000E+02, 0.21999E+02, 0.30000E+02, 0.00000E+00
 0.64000E+02, 0.42000E+02, 0.21999E+02, 0.30000E+02, 0.00000E+00
 0.65000E+02, 0.42000E+02, 0.21999E+02, 0.30000E+02, 0.00000E+00
 0.00000E+00, 0.43000E+02, 0.21998E+02, 0.30000E+02, 0.00000E+00
 0.10000E+01, 0.43000E+02, 0.21998E+02, 0.30000E+02, 0.00000E+00
 0.20000E+01, 0.43000E+02, 0.21998E+02, 0.30000E+02, 0.00000E+00
 0.30000E+01, 0.43000E+02, 0.21999E+02, 0.30000E+02, 0.00000E+00
 0.40000E+01, 0.43000E+02, 0.22001E+02, 0.30000E+02, 0.00000E+00
 0.50000E+01, 0.43000E+02, 0.23096E+02, 0.30000E+02, 0.00000E+00
 0.60000E+01, 0.43000E+02, 0.21964E+02, 0.30000E+02, 0.00000E+00
 0.70000E+01, 0.43000E+02, 0.22208E+02, 0.30000E+02, 0.00000E+00
 0.80000E+01, 0.43000E+02, 0.20657E+02, 0.30000E+02, 0.10091E-36
 0.90000E+01, 0.43000E+02, 0.22049E+02, 0.30000E+02, 0.44583E-34
 0.10000E+02, 0.43000E+02, 0.22074E+02, 0.30000E+02, 0.37123E-32
 0.11000E+02, 0.43000E+02, 0.22113E+02, 0.30000E+02, 0.15332E-30
 0.12000E+02, 0.43000E+02, 0.22163E+02, 0.30000E+02, 0.46002E-29
 0.13000E+02, 0.43000E+02, 0.22224E+02, 0.30000E+02, 0.11248E-27
 0.14000E+02, 0.43000E+02, 0.22304E+02, 0.30000E+02, 0.42621E-26
 0.15000E+02, 0.43000E+02, 0.22410E+02, 0.30000E+02, 0.32906E-24
 0.16000E+02, 0.43000E+02, 0.22549E+02, 0.30000E+02, 0.26179E-22
 0.17000E+02, 0.43000E+02, 0.22732E+02, 0.30000E+02, 0.47293E-20
 0.18000E+02, 0.43000E+02, 0.22958E+02, 0.30000E+02, 0.83513E-12
 0.19000E+02, 0.43000E+02, 0.23247E+02, 0.30000E+02, 0.71108E-06
 0.20000E+02, 0.43000E+02, 0.35255E+02, 0.34494E+01, 0.36138E-03
 0.21000E+02, 0.43000E+02, 0.14912E+03, 0.48861E+00, 0.34930E-02
 0.22000E+02, 0.43000E+02, 0.20776E+03, 0.39442E+00, 0.49282E-02
 0.23000E+02, 0.43000E+02, 0.25428E+03, 0.36095E+00, 0.59060E-02
 0.24000E+02, 0.43000E+02, 0.34739E+03, 0.29969E+00, 0.83690E-02
 0.25000E+02, 0.43000E+02, 0.24480E+03, 0.44429E+00, 0.47119E-02
 0.26000E+02, 0.43000E+02, 0.22869E+03, 0.52451E+00, 0.38671E-02
 0.27000E+02, 0.43000E+02, 0.20710E+03, 0.63975E+00, 0.30341E-02
 0.28000E+02, 0.43000E+02, 0.60018E+03, 0.32687E+00, 0.10799E-01
 0.29000E+02, 0.43000E+02, 0.69146E+03, 0.25867E+00, 0.15072E-01
 0.30000E+02, 0.43000E+02, 0.66288E+03, 0.24055E+00, 0.15727E-01
 0.31000E+02, 0.43000E+02, 0.22165E+03, 0.47355E+00, 0.42232E-02
 0.32000E+02, 0.43000E+02, 0.10253E+03, 0.96721E+00, 0.15699E-02
 0.33000E+02, 0.43000E+02, 0.41379E+02, 0.34084E+01, 0.37298E-03
 0.34000E+02, 0.43000E+02, 0.24154E+02, 0.30000E+02, 0.92266E-07
 0.35000E+02, 0.43000E+02, 0.23576E+02, 0.30000E+02, 0.34159E-14
 0.36000E+02, 0.43000E+02, 0.23143E+02, 0.30000E+02, 0.34883E-21
 0.37000E+02, 0.43000E+02, 0.22843E+02, 0.30000E+02, 0.11788E-23
 0.38000E+02, 0.43000E+02, 0.22629E+02, 0.30000E+02, 0.38611E-25
 0.39000E+02, 0.43000E+02, 0.22470E+02, 0.30000E+02, 0.19932E-26
 0.40000E+02, 0.43000E+02, 0.22351E+02, 0.30000E+02, 0.92450E-28
 0.41000E+02, 0.43000E+02, 0.22262E+02, 0.30000E+02, 0.37990E-29
 0.42000E+02, 0.43000E+02, 0.22194E+02, 0.30000E+02, 0.13430E-30
 0.43000E+02, 0.43000E+02, 0.22143E+02, 0.30000E+02, 0.40130E-32
 0.44000E+02, 0.43000E+02, 0.22104E+02, 0.30000E+02, 0.10810E-33
 0.45000E+02, 0.43000E+02, 0.22075E+02, 0.30000E+02, 0.24527E-35
 0.46000E+02, 0.43000E+02, 0.22053E+02, 0.30000E+02, 0.49038E-37
 0.47000E+02, 0.43000E+02, 0.22037E+02, 0.30000E+02, 0.00000E+00
 0.48000E+02, 0.43000E+02, 0.22026E+02, 0.30000E+02, 0.00000E+00
 0.49000E+02, 0.43000E+02, 0.22018E+02, 0.30000E+02, 0.00000E+00
 0.50000E+02, 0.43000E+02, 0.22012E+02, 0.30000E+02, 0.00000E+00
 0.51000E+02, 0.43000E+02, 0.22008E+02, 0.30000E+02, 0.00000E+00
 0.52000E+02, 0.43000E+02, 0.22005E+02, 0.30000E+02, 0.00000E+00
 0.53000E+02, 0.43000E+02, 0.22003E+02, 0.30000E+02, 0.00000E+00
 0.54000E+02, 0.43000E+02, 0.22002E+02, 0.30000E+02, 0.00000E+00
 0.55000E+02, 0.43000E+02, 0.22001E+02, 0.30000E+02, 0.00000E+00
 0.56000E+02, 0.43000E+02, 0.22001E+02, 0.30000E+02, 0.00000E+00
 0.57000E+02, 0.43000E+02, 0.22000E+02, 0.30000E+02, 0.00000E+00
 0.58000E+02, 0.43000E+02, 0.22000E+02, 0.30000E+02, 0.00000E+00
 0.59000E+02, 0.43000E+02, 0.22000E+02, 0.30000E+02, 0.00000E+00
 0.60000E+02, 0.43000E+02, 0.22000E+02, 0.30000E+02, 0.00000E+00
 0.61000E+02, 0.43000E+02, 0.21999E+02, 0.30000E+02, 0.00000E+00
 0.62000E+02, 0.43000E+02, 0.21999E+02, 0.30000E+02, 0.00000E+00
 0.63000E+02, 0.43000E+02, 0.21999E+02, 0.30000E+02, 0.00000E+00
 0.64000E+02, 0.43000E+02, 0.21999E+02, 0.30000E+02, 0.00000E+00
 0.65000E+02, 0.43000E+02, 0.21999E+02, 0.30000E+02, 0.00000E+00
 0.00000E+00, 0.44000E+02, 0.22000E+02, 0.30000E+02, 0.00000E+00
 0.10000E+01, 0.44000E+02, 0.22000E+02, 0.30000E+02, 0.00000E+00
 0.20000E+01, 0.44000E+02, 0.22000E+02, 0.30000E+02, 0.00000E+00
 0.30000E+01, 0.44000E+02, 0.22001E+02, 0.30000E+02, 0.00000E+00
 0.40000E+01, 0.44000E+02, 0.22003E+02, 0.30000E+02, 0.00000E+00
 0.50000E+01, 0.44000E+02, 0.23277E+02, 0.30000E+02, 0.00000E+00
 0.60000E+01, 0.44000E+02, 0.21974E+02, 0.30000E+02, 0.00000E+00
 0.70000E+01, 0.44000E+02, 0.22145E+02, 0.30000E+02, 0.00000E+00
 0.80000E+01, 0.44000E+02, 0.20417E+02, 0.30000E+02, 0.77206E-36
 0.90000E+01, 0.44000E+02, 0.22036E+02, 0.30000E+02, 0.60222E-33
 0.10000E+02, 0.44000E+02, 0.22059E+02, 0.30000E+02, 0.88622E-31
 0.11000E+02, 0.44000E+02, 0.22098E+02, 0.30000E+02, 0.56421E-29
 0.12000E+02, 0.44000E+02, 0.22147E+02, 0.30000E+02, 0.20992E-27
 0.13000E+02, 0.44000E+02, 0.22205E+02, 0.30000E+02, 0.35526E-26
 0.14000E+02, 0.44000E+02, 0.22282E+02, 0.30000E+02, 0.41903E-25
 0.15000E+02, 0.44000E+02, 0.22386E+02, 0.30000E+02, 0.36507E-24
 0.16000E+02, 0.44000E+02, 0.22529E+02, 0.30000E+02, 0.25543E-23
 0.17000E+02, 0.44000E+02, 0.22721E+02, 0.30000E+02, 0.19903E-22
 0.18000E+02, 0.44000E+02, 0.22965E+02, 0.30000E+02, 0.25981E-20
 0.19000E+02, 0.44000E+02, 0.23263E+02, 0.30000E+02, 0.17638E-13
 0.20000E+02, 0.44000E+02, 0.23617E+02, 0.30000E+02, 0.24543E-07
 0.21000E+02, 0.44000E+02, 0.36541E+02, 0.34314E+01, 0.36478E-03
 0.22000E+02, 0.44000E+02, 0.14090E+03, 0.55323E+00, 0.30250E-02
 0.23000E+02, 0.44000E+02, 0.31788E+03, 0.31376E+00, 0.76137E-02
 0.24000E+02, 0.44000E+02, 0.31871E+03, 0.33037E+00, 0.72409E-02
 0.25000E+02, 0.44000E+02, 0.29909E+03, 0.38833E+00, 0.59560E-02
 0.26000E+02, 0.44000E+02, 0.36508E+03, 0.37315E+00, 0.69130E-02
 0.27000E+02, 0.44000E+02, 0.57832E+03, 0.30183E+00, 0.11402E-01
 0.28000E+02, 0.44000E+02, 0.93948E+03, 0.23291E+00, 0.21043E-01
 0.29000E+02, 0.44000E+02, 0.98713E+03, 0.20960E+00, 0.24303E-01
 0.30000E+02, 0.44000E+02, 0.68385E+03, 0.20349E+00, 0.19008E-01
 0.31000E+02, 0.44000E+02, 0.90735E+02, 0.11223E+01, 0.13104E-02
 0.32000E+02, 0.44000E+02, 0.43850E+02, 0.32074E+01, 0.39947E-03
 0.33000E+02, 0.44000E+02, 0.24963E+02, 0.30000E+02, 0.59216E-06
 0.34000E+02, 0.44000E+02, 0.24178E+02, 0.30000E+02, 0.20742E-12
 0.35000E+02, 0.44000E+02, 0.23573E+02, 0.30000E+02, 0.92684E-20
 0.36000E+02, 0.44000E+02, 0.23124E+02, 0.30000E+02, 0.13321E-22
 0.37000E+02, 0.44000E+02, 0.22822E+02, 0.30000E+02, 0.26522E-24
 0.38000E+02, 0.44000E+02, 0.22615E+02, 0.30000E+02, 0.21598E-25
 0.39000E+02, 0.44000E+02, 0.22448E+02, 0.30000E+02, 0.13930E-26
 0.40000E+02, 0.44000E+02, 0.22325E+02, 0.30000E+02, 0.75432E-28
 0.41000E+02, 0.44000E+02, 0.22236E+02, 0.30000E+02, 0.35556E-29
 0.42000E+02, 0.44000E+02, 0.22172E+02, 0.30000E+02, 0.13243E-30
 0.43000E+02, 0.44000E+02, 0.22124E+02, 0.30000E+02, 0.42016E-32
 0.44000E+02, 0.44000E+02, 0.22090E+02, 0.30000E+02, 0.11568E-33
 0.45000E+02, 0.44000E+02, 0.22064E+02, 0.30000E+02, 0.27203E-35
 0.46000E+02, 0.44000E+02, 0.22046E+02, 0.30000E+02, 0.59605E-37
 0.47000E+02, 0.44000E+02, 0.22031E+02, 0.30000E+02, 0.00000E+00
 0.48000E+02, 0.44000E+02, 0.22022E+02, 0.30000E+02, 0.00000E+00
 0.49000E+02, 0.44000E+02, 0.22015E+02, 0.30000E+02, 0.00000E+00
 0.50000E+02, 0.44000E+02, 0.22011E+02, 0.30000E+02, 0.00000E+00
 0.51000E+02, 0.44000E+02, 0.22007E+02, 0.30000E+02, 0.00000E+00
 0.52000E+02, 0.44000E+02, 0.22005E+02, 0.30000E+02, 0.00000E+00
 0.53000E+02, 0.44000E+02, 0.22003E+02, 0.30000E+02, 0.00000E+00
 0.54000E+02, 0.44000E+02, 0.22002E+02, 0.30000E+02, 0.00000E+00
 0.55000E+02, 0.44000E+02, 0.22002E+02, 0.30000E+02, 0.00000E+00
 0.56000E+02, 0.44000E+02, 0.22002E+02, 0.30000E+02, 0.00000E+00
 0.57000E+02, 0.44000E+02, 0.22002E+02, 0.30000E+02, 0.00000E+00
 0.58000E+02, 0.44000E+02, 0.22001E+02, 0.30000E+02, 0.00000E+00
 0.59000E+02, 0.44000E+02, 0.22000E+02, 0.30000E+02, 0.00000E+00
 0.60000E+02, 0.44000E+02, 0.22000E+02, 0.30000E+02, 0.00000E+00
 0.61000E+02, 0.44000E+02, 0.22000E+02, 0.30000E+02, 0.00000E+00
 0.62000E+02, 0.44000E+02, 0.22000E+02, 0.30000E+02, 0.00000E+00
 0.63000E+02, 0.44000E+02, 0.21999E+02, 0.30000E+02, 0.00000E+00
 0.64000E+02, 0.44000E+02, 0.21999E+02, 0.30000E+02, 0.00000E+00
 0.65000E+02, 0.44000E+02, 0.21999E+02, 0.30000E+02, 0.00000E+00
 0.00000E+00, 0.45000E+02, 0.22987E+02, 0.30000E+02, 0.00000E+00
 0.10000E+01, 0.45000E+02, 0.23276E+02, 0.30000E+02, 0.00000E+00
 0.20000E+01, 0.45000E+02, 0.23298E+02, 0.30000E+02, 0.00000E+00
 0.30000E+01, 0.45000E+02, 0.23386E+02, 0.30000E+02, 0.00000E+00
 0.40000E+01, 0.45000E+02, 0.23505E+02, 0.30000E+02, 0.00000E+00
 0.50000E+01, 0.45000E+02, 0.24866E+02, 0.30000E+02, 0.00000E+00
 0.60000E+01, 0.45000E+02, 0.22676E+02, 0.30000E+02, 0.00000E+00
 0.70000E+01, 0.45000E+02, 0.22737E+02, 0.30000E+02, 0.00000E+00
 0.80000E+01, 0.45000E+02, 0.18926E+02, 0.30000E+02, 0.18942E-36
 0.90000E+01, 0.45000E+02, 0.20588E+02, 0.30000E+02, 0.22800E-33
 0.10000E+02, 0.45000E+02, 0.20692E+02, 0.30000E+02, 0.59826E-31
 0.11000E+02, 0.45000E+02, 0.21130E+02, 0.30000E+02, 0.76490E-29
 0.12000E+02, 0.45000E+02, 0.21050E+02, 0.30000E+02, 0.22954E-27
 0.13000E+02, 0.45000E+02, 0.20821E+02, 0.30000E+02, 0.48356E-26
 0.14000E+02, 0.45000E+02, 0.20334E+02, 0.30000E+02, 0.55639E-25
 0.15000E+02, 0.45000E+02, 0.18528E+02, 0.30000E+02, 0.57486E-24
 0.16000E+02, 0.45000E+02, 0.18856E+02, 0.30000E+02, 0.57768E-23
 0.17000E+02, 0.45000E+02, 0.18269E+02, 0.30000E+02, 0.60663E-22
 0.18000E+02, 0.45000E+02, 0.20187E+02, 0.30000E+02, 0.88632E-21
 0.19000E+02, 0.45000E+02, 0.22759E+02, 0.30000E+02, 0.12826E-16
 0.20000E+02, 0.45000E+02, 0.26459E+02, 0.30000E+02, 0.83676E-12
 0.21000E+02, 0.45000E+02, 0.29623E+02, 0.30000E+02, 0.19436E-07
 0.22000E+02, 0.45000E+02, 0.29516E+02, 0.30000E+02, 0.12230E-04
 0.23000E+02, 0.45000E+02, 0.86183E+02, 0.98655E+00, 0.14722E-02
 0.24000E+02, 0.45000E+02, 0.26193E+03, 0.35012E+00, 0.61769E-02
 0.25000E+02, 0.45000E+02, 0.40168E+03, 0.28405E+00, 0.96025E-02
 0.26000E+02, 0.45000E+02, 0.33832E+03, 0.37578E+00, 0.65769E-02
 0.27000E+02, 0.45000E+02, 0.80909E+03, 0.20951E+00, 0.20879E-01
 0.28000E+02, 0.45000E+02, 0.10354E+04, 0.18201E+00, 0.29059E-01
 0.29000E+02, 0.45000E+02, 0.84181E+03, 0.18633E+00, 0.24186E-01
 0.30000E+02, 0.45000E+02, 0.23669E+03, 0.42646E+00, 0.48320E-02
 0.31000E+02, 0.45000E+02, 0.34404E+02, 0.77825E+01, 0.15973E-03
 0.32000E+02, 0.45000E+02, 0.25077E+02, 0.30000E+02, 0.20601E-06
 0.33000E+02, 0.45000E+02, 0.24084E+02, 0.30000E+02, 0.11986E-10
 0.34000E+02, 0.45000E+02, 0.23583E+02, 0.30000E+02, 0.41154E-16
 0.35000E+02, 0.45000E+02, 0.23270E+02, 0.30000E+02, 0.14370E-20
 0.36000E+02, 0.45000E+02, 0.22985E+02, 0.30000E+02, 0.28495E-22
 0.37000E+02, 0.45000E+02, 0.22237E+02, 0.30000E+02, 0.11246E-23
 0.38000E+02, 0.45000E+02, 0.22363E+02, 0.30000E+02, 0.64140E-25
 0.39000E+02, 0.45000E+02, 0.22295E+02, 0.30000E+02, 0.48128E-26
 0.40000E+02, 0.45000E+02, 0.22174E+02, 0.30000E+02, 0.54008E-27
 0.41000E+02, 0.45000E+02, 0.22218E+02, 0.30000E+02, 0.27800E-28
 0.42000E+02, 0.45000E+02, 0.22384E+02, 0.30000E+02, 0.10577E-29
 0.43000E+02, 0.45000E+02, 0.22644E+02, 0.30000E+02, 0.37219E-31
 0.44000E+02, 0.45000E+02, 0.22016E+02, 0.30000E+02, 0.12383E-32
 0.45000E+02, 0.45000E+02, 0.22027E+02, 0.30000E+02, 0.37667E-34
 0.46000E+02, 0.45000E+02, 0.21638E+02, 0.30000E+02, 0.91382E-36
 0.47000E+02, 0.45000E+02, 0.21498E+02, 0.30000E+02, 0.22732E-37
 0.48000E+02, 0.45000E+02, 0.21508E+02, 0.30000E+02, 0.00000E+00
 0.49000E+02, 0.45000E+02, 0.21394E+02, 0.30000E+02, 0.00000E+00
 0.50000E+02, 0.45000E+02, 0.21540E+02, 0.30000E+02, 0.00000E+00
 0.51000E+02, 0.45000E+02, 0.21740E+02, 0.30000E+02, 0.00000E+00
 0.52000E+02, 0.45000E+02, 0.21888E+02, 0.30000E+02, 0.00000E+00
 0.53000E+02, 0.45000E+02, 0.21982E+02, 0.30000E+02, 0.00000E+00
 0.54000E+02, 0.45000E+02, 0.22053E+02, 0.30000E+02, 0.00000E+00
 0.55000E+02, 0.45000E+02, 0.22934E+02, 0.30000E+02, 0.00000E+00
 0.56000E+02, 0.45000E+02, 0.22773E+02, 0.30000E+02, 0.00000E+00
 0.57000E+02, 0.45000E+02, 0.21937E+02, 0.30000E+02, 0.00000E+00
 0.58000E+02, 0.45000E+02, 0.21929E+02, 0.30000E+02, 0.00000E+00
 0.59000E+02, 0.45000E+02, 0.21972E+02, 0.30000E+02, 0.00000E+00
 0.60000E+02, 0.45000E+02, 0.22014E+02, 0.30000E+02, 0.00000E+00
 0.61000E+02, 0.45000E+02, 0.22054E+02, 0.30000E+02, 0.00000E+00
 0.62000E+02, 0.45000E+02, 0.22081E+02, 0.30000E+02, 0.00000E+00
 0.63000E+02, 0.45000E+02, 0.21802E+02, 0.30000E+02, 0.00000E+00
 0.64000E+02, 0.45000E+02, 0.21906E+02, 0.30000E+02, 0.00000E+00
 0.65000E+02, 0.45000E+02, 0.21999E+02, 0.30000E+02, 0.00000E+00
 0.00000E+00, 0.46000E+02, 0.19607E+02, 0.30000E+02, 0.00000E+00
 0.10000E+01, 0.46000E+02, 0.21946E+02, 0.30000E+02, 0.00000E+00
 0.20000E+01, 0.46000E+02, 0.21932E+02, 0.30000E+02, 0.00000E+00
 0.30000E+01, 0.46000E+02, 0.21954E+02, 0.30000E+02, 0.00000E+00
 0.40000E+01, 0.46000E+02, 0.21932E+02, 0.30000E+02, 0.00000E+00
 0.50000E+01, 0.46000E+02, 0.21931E+02, 0.30000E+02, 0.00000E+00
 0.60000E+01, 0.46000E+02, 0.21909E+02, 0.30000E+02, 0.00000E+00
 0.70000E+01, 0.46000E+02, 0.21981E+02, 0.30000E+02, 0.00000E+00
 0.80000E+01, 0.46000E+02, 0.22136E+02, 0.30000E+02, 0.00000E+00
 0.90000E+01, 0.46000E+02, 0.22049E+02, 0.30000E+02, 0.10820E-35
 0.10000E+02, 0.46000E+02, 0.22162E+02, 0.30000E+02, 0.60484E-32
 0.11000E+02, 0.46000E+02, 0.22070E+02, 0.30000E+02, 0.25077E-30
 0.12000E+02, 0.46000E+02, 0.22020E+02, 0.30000E+02, 0.21657E-29
 0.13000E+02, 0.46000E+02, 0.22024E+02, 0.30000E+02, 0.14544E-30
 0.14000E+02, 0.46000E+02, 0.22085E+02, 0.30000E+02, 0.47242E-34
 0.15000E+02, 0.46000E+02, 0.22229E+02, 0.30000E+02, 0.00000E+00
 0.16000E+02, 0.46000E+02, 0.22177E+02, 0.30000E+02, 0.00000E+00
 0.17000E+02, 0.46000E+02, 0.22072E+02, 0.30000E+02, 0.00000E+00
 0.18000E+02, 0.46000E+02, 0.27056E+02, 0.30000E+02, 0.00000E+00
 0.19000E+02, 0.46000E+02, 0.25956E+02, 0.30000E+02, 0.00000E+00
 0.20000E+02, 0.46000E+02, 0.28619E+02, 0.30000E+02, 0.23643E-37
 0.21000E+02, 0.46000E+02, 0.37897E+02, 0.30000E+02, 0.13538E-36
 0.22000E+02, 0.46000E+02, 0.39353E+03, 0.28841E+00, 0.93429E-02
 0.23000E+02, 0.46000E+02, 0.40895E+03, 0.23352E+00, 0.11806E-01
 0.24000E+02, 0.46000E+02, 0.41854E+03, 0.23717E+00, 0.11788E-01
 0.25000E+02, 0.46000E+02, 0.85639E+03, 0.16204E+00, 0.28174E-01
 0.26000E+02, 0.46000E+02, 0.91052E+03, 0.16444E+00, 0.29094E-01
 0.27000E+02, 0.46000E+02, 0.89119E+03, 0.19321E+00, 0.24357E-01
 0.28000E+02, 0.46000E+02, 0.22968E+02, 0.30000E+02, 0.44813E-10
 0.29000E+02, 0.46000E+02, 0.32733E+02, 0.30000E+02, 0.11411E-06
 0.30000E+02, 0.46000E+02, 0.25909E+02, 0.19414E+02, 0.62261E-04
 0.31000E+02, 0.46000E+02, 0.21032E+02, 0.30000E+02, 0.17376E-15
 0.32000E+02, 0.46000E+02, 0.21247E+02, 0.30000E+02, 0.32035E-11
 0.33000E+02, 0.46000E+02, 0.20236E+02, 0.30000E+02, 0.68762E-14
 0.34000E+02, 0.46000E+02, 0.22000E+02, 0.30000E+02, 0.00000E+00
 0.35000E+02, 0.46000E+02, 0.22237E+02, 0.30000E+02, 0.70127E-23
 0.36000E+02, 0.46000E+02, 0.22314E+02, 0.30000E+02, 0.53511E-24
 0.37000E+02, 0.46000E+02, 0.22432E+02, 0.30000E+02, 0.66460E-31
 0.38000E+02, 0.46000E+02, 0.21996E+02, 0.30000E+02, 0.16827E-28
 0.39000E+02, 0.46000E+02, 0.22000E+02, 0.30000E+02, 0.10898E-28
 0.40000E+02, 0.46000E+02, 0.22008E+02, 0.30000E+02, 0.13806E-31
 0.41000E+02, 0.46000E+02, 0.22017E+02, 0.30000E+02, 0.40819E-36
 0.42000E+02, 0.46000E+02, 0.21992E+02, 0.30000E+02, 0.00000E+00
 0.43000E+02, 0.46000E+02, 0.21926E+02, 0.30000E+02, 0.00000E+00
 0.44000E+02, 0.46000E+02, 0.24336E+02, 0.30000E+02, 0.00000E+00
 0.45000E+02, 0.46000E+02, 0.22009E+02, 0.30000E+02, 0.00000E+00
 0.46000E+02, 0.46000E+02, 0.22012E+02, 0.30000E+02, 0.00000E+00
 0.47000E+02, 0.46000E+02, 0.21983E+02, 0.30000E+02, 0.00000E+00
 0.48000E+02, 0.46000E+02, 0.21972E+02, 0.30000E+02, 0.00000E+00
 0.49000E+02, 0.46000E+02, 0.21992E+02, 0.30000E+02, 0.00000E+00
 0.50000E+02, 0.46000E+02, 0.21988E+02, 0.30000E+02, 0.00000E+00
 0.51000E+02, 0.46000E+02, 0.21996E+02, 0.30000E+02, 0.00000E+00
 0.52000E+02, 0.46000E+02, 0.21993E+02, 0.30000E+02, 0.00000E+00
 0.53000E+02, 0.46000E+02, 0.21990E+02, 0.30000E+02, 0.00000E+00
 0.54000E+02, 0.46000E+02, 0.21932E+02, 0.30000E+02, 0.00000E+00
 0.55000E+02, 0.46000E+02, 0.22414E+02, 0.30000E+02, 0.00000E+00
 0.56000E+02, 0.46000E+02, 0.22108E+02, 0.30000E+02, 0.00000E+00
 0.57000E+02, 0.46000E+02, 0.21998E+02, 0.30000E+02, 0.00000E+00
 0.58000E+02, 0.46000E+02, 0.21990E+02, 0.30000E+02, 0.00000E+00
 0.59000E+02, 0.46000E+02, 0.21996E+02, 0.30000E+02, 0.00000E+00
 0.60000E+02, 0.46000E+02, 0.21998E+02, 0.30000E+02, 0.00000E+00
 0.61000E+02, 0.46000E+02, 0.21998E+02, 0.30000E+02, 0.00000E+00
 0.62000E+02, 0.46000E+02, 0.21993E+02, 0.30000E+02, 0.00000E+00
 0.63000E+02, 0.46000E+02, 0.21606E+02, 0.30000E+02, 0.00000E+00
 0.64000E+02, 0.46000E+02, 0.21739E+02, 0.30000E+02, 0.00000E+00
 0.65000E+02, 0.46000E+02, 0.22000E+02, 0.30000E+02, 0.00000E+00
 0.00000E+00, 0.47000E+02, 0.19911E+02, 0.30000E+02, 0.00000E+00
 0.10000E+01, 0.47000E+02, 0.21997E+02, 0.30000E+02, 0.00000E+00
 0.20000E+01, 0.47000E+02, 0.21999E+02, 0.30000E+02, 0.00000E+00
 0.30000E+01, 0.47000E+02, 0.21999E+02, 0.30000E+02, 0.00000E+00
 0.40000E+01, 0.47000E+02, 0.21999E+02, 0.30000E+02, 0.00000E+00
 0.50000E+01, 0.47000E+02, 0.21999E+02, 0.30000E+02, 0.00000E+00
 0.60000E+01, 0.47000E+02, 0.22000E+02, 0.30000E+02, 0.00000E+00
 0.70000E+01, 0.47000E+02, 0.22000E+02, 0.30000E+02, 0.00000E+00
 0.80000E+01, 0.47000E+02, 0.22001E+02, 0.30000E+02, 0.00000E+00
 0.90000E+01, 0.47000E+02, 0.22000E+02, 0.30000E+02, 0.98958E-37
 0.10000E+02, 0.47000E+02, 0.21999E+02, 0.30000E+02, 0.41801E-33
 0.11000E+02, 0.47000E+02, 0.21985E+02, 0.30000E+02, 0.11932E-30
 0.12000E+02, 0.47000E+02, 0.21901E+02, 0.30000E+02, 0.35828E-30
 0.13000E+02, 0.47000E+02, 0.21980E+02, 0.30000E+02, 0.31285E-31
 0.14000E+02, 0.47000E+02, 0.21998E+02, 0.30000E+02, 0.20762E-33
 0.15000E+02, 0.47000E+02, 0.21999E+02, 0.30000E+02, 0.38442E-36
 0.16000E+02, 0.47000E+02, 0.21999E+02, 0.30000E+02, 0.00000E+00
 0.17000E+02, 0.47000E+02, 0.21962E+02, 0.30000E+02, 0.00000E+00
 0.18000E+02, 0.47000E+02, 0.24212E+02, 0.30000E+02, 0.00000E+00
 0.19000E+02, 0.47000E+02, 0.22552E+02, 0.30000E+02, 0.17584E-35
 0.20000E+02, 0.47000E+02, 0.24214E+02, 0.30000E+02, 0.35880E-32
 0.21000E+02, 0.47000E+02, 0.36133E+02, 0.30000E+02, 0.35422E-31
 0.22000E+02, 0.47000E+02, 0.43554E+03, 0.29071E+00, 0.98531E-02
 0.23000E+02, 0.47000E+02, 0.73303E+03, 0.19330E+00, 0.21039E-01
 0.24000E+02, 0.47000E+02, 0.87876E+03, 0.17096E+00, 0.27233E-01
 0.25000E+02, 0.47000E+02, 0.91466E+03, 0.17097E+00, 0.28080E-01
 0.26000E+02, 0.47000E+02, 0.88542E+03, 0.20164E+00, 0.23223E-01
 0.27000E+02, 0.47000E+02, 0.79257E+03, 0.20568E+00, 0.20942E-01
 0.28000E+02, 0.47000E+02, 0.22972E+02, 0.30000E+02, 0.13847E-11
 0.29000E+02, 0.47000E+02, 0.33649E+02, 0.30000E+02, 0.38651E-10
 0.30000E+02, 0.47000E+02, 0.21912E+02, 0.30000E+02, 0.25085E-08
 0.31000E+02, 0.47000E+02, 0.21824E+02, 0.30000E+02, 0.66168E-22
 0.32000E+02, 0.47000E+02, 0.20993E+02, 0.30000E+02, 0.30854E-18
 0.33000E+02, 0.47000E+02, 0.20082E+02, 0.30000E+02, 0.18548E-19
 0.34000E+02, 0.47000E+02, 0.22000E+02, 0.30000E+02, 0.00000E+00
 0.35000E+02, 0.47000E+02, 0.22057E+02, 0.30000E+02, 0.10660E-25
 0.36000E+02, 0.47000E+02, 0.22109E+02, 0.30000E+02, 0.49761E-27
 0.37000E+02, 0.47000E+02, 0.22531E+02, 0.30000E+02, 0.74131E-36
 0.38000E+02, 0.47000E+02, 0.22000E+02, 0.30000E+02, 0.30331E-32
 0.39000E+02, 0.47000E+02, 0.22004E+02, 0.30000E+02, 0.51499E-33
 0.40000E+02, 0.47000E+02, 0.22009E+02, 0.30000E+02, 0.24966E-36
 0.41000E+02, 0.47000E+02, 0.22011E+02, 0.30000E+02, 0.00000E+00
 0.42000E+02, 0.47000E+02, 0.22010E+02, 0.30000E+02, 0.00000E+00
 0.43000E+02, 0.47000E+02, 0.21993E+02, 0.30000E+02, 0.00000E+00
 0.44000E+02, 0.47000E+02, 0.24385E+02, 0.30000E+02, 0.00000E+00
 0.45000E+02, 0.47000E+02, 0.22000E+02, 0.30000E+02, 0.00000E+00
 0.46000E+02, 0.47000E+02, 0.21999E+02, 0.30000E+02, 0.00000E+00
 0.47000E+02, 0.47000E+02, 0.21999E+02, 0.30000E+02, 0.00000E+00
 0.48000E+02, 0.47000E+02, 0.21999E+02, 0.30000E+02, 0.00000E+00
 0.49000E+02, 0.47000E+02, 0.21999E+02, 0.30000E+02, 0.00000E+00
 0.50000E+02, 0.47000E+02, 0.21999E+02, 0.30000E+02, 0.00000E+00
 0.51000E+02, 0.47000E+02, 0.21999E+02, 0.30000E+02, 0.00000E+00
 0.52000E+02, 0.47000E+02, 0.21999E+02, 0.30000E+02, 0.00000E+00
 0.53000E+02, 0.47000E+02, 0.21999E+02, 0.30000E+02, 0.00000E+00
 0.54000E+02, 0.47000E+02, 0.21972E+02, 0.30000E+02, 0.00000E+00
 0.55000E+02, 0.47000E+02, 0.22714E+02, 0.30000E+02, 0.00000E+00
 0.56000E+02, 0.47000E+02, 0.21999E+02, 0.30000E+02, 0.00000E+00
 0.57000E+02, 0.47000E+02, 0.21997E+02, 0.30000E+02, 0.00000E+00
 0.58000E+02, 0.47000E+02, 0.21998E+02, 0.30000E+02, 0.00000E+00
 0.59000E+02, 0.47000E+02, 0.21999E+02, 0.30000E+02, 0.00000E+00
 0.60000E+02, 0.47000E+02, 0.21999E+02, 0.30000E+02, 0.00000E+00
 0.61000E+02, 0.47000E+02, 0.21999E+02, 0.30000E+02, 0.00000E+00
 0.62000E+02, 0.47000E+02, 0.21999E+02, 0.30000E+02, 0.00000E+00
 0.63000E+02, 0.47000E+02, 0.21114E+02, 0.30000E+02, 0.00000E+00
 0.64000E+02, 0.47000E+02, 0.21970E+02, 0.30000E+02, 0.00000E+00
 0.65000E+02, 0.47000E+02, 0.21986E+02, 0.30000E+02, 0.00000E+00
 0.00000E+00, 0.48000E+02, 0.19886E+02, 0.30000E+02, 0.00000E+00
 0.10000E+01, 0.48000E+02, 0.21997E+02, 0.30000E+02, 0.00000E+00
 0.20000E+01, 0.48000E+02, 0.21999E+02, 0.30000E+02, 0.00000E+00
 0.30000E+01, 0.48000E+02, 0.21999E+02, 0.30000E+02, 0.00000E+00
 0.40000E+01, 0.48000E+02, 0.21999E+02, 0.30000E+02, 0.00000E+00
 0.50000E+01, 0.48000E+02, 0.21999E+02, 0.30000E+02, 0.00000E+00
 0.60000E+01, 0.48000E+02, 0.22000E+02, 0.30000E+02, 0.00000E+00
 0.70000E+01, 0.48000E+02, 0.22000E+02, 0.30000E+02, 0.00000E+00
 0.80000E+01, 0.48000E+02, 0.22000E+02, 0.30000E+02, 0.00000E+00
 0.90000E+01, 0.48000E+02, 0.22000E+02, 0.30000E+02, 0.00000E+00
 0.10000E+02, 0.48000E+02, 0.21999E+02, 0.30000E+02, 0.91522E-36
 0.11000E+02, 0.48000E+02, 0.21998E+02, 0.30000E+02, 0.11658E-32
 0.12000E+02, 0.48000E+02, 0.21997E+02, 0.30000E+02, 0.49258E-32
 0.13000E+02, 0.48000E+02, 0.21998E+02, 0.30000E+02, 0.30470E-33
 0.14000E+02, 0.48000E+02, 0.21998E+02, 0.30000E+02, 0.19080E-35
 0.15000E+02, 0.48000E+02, 0.21999E+02, 0.30000E+02, 0.00000E+00
 0.16000E+02, 0.48000E+02, 0.21999E+02, 0.30000E+02, 0.00000E+00
 0.17000E+02, 0.48000E+02, 0.21965E+02, 0.30000E+02, 0.00000E+00
 0.18000E+02, 0.48000E+02, 0.23657E+02, 0.30000E+02, 0.12763E-34
 0.19000E+02, 0.48000E+02, 0.22497E+02, 0.30000E+02, 0.11552E-31
 0.20000E+02, 0.48000E+02, 0.25071E+02, 0.30000E+02, 0.24002E-28
 0.21000E+02, 0.48000E+02, 0.34937E+02, 0.30000E+02, 0.14121E-27
 0.22000E+02, 0.48000E+02, 0.71437E+03, 0.15928E+00, 0.25059E-01
 0.23000E+02, 0.48000E+02, 0.87291E+03, 0.19080E+00, 0.24278E-01
 0.24000E+02, 0.48000E+02, 0.93000E+03, 0.18278E+00, 0.26606E-01
 0.25000E+02, 0.48000E+02, 0.81829E+03, 0.16631E+00, 0.26525E-01
 0.26000E+02, 0.48000E+02, 0.78447E+03, 0.21460E+00, 0.19919E-01
 0.27000E+02, 0.48000E+02, 0.77325E+03, 0.22001E+00, 0.19223E-01
 0.28000E+02, 0.48000E+02, 0.18917E+02, 0.30000E+02, 0.14644E-15
 0.29000E+02, 0.48000E+02, 0.29208E+02, 0.30000E+02, 0.16390E-14
 0.30000E+02, 0.48000E+02, 0.21277E+02, 0.30000E+02, 0.22009E-13
 0.31000E+02, 0.48000E+02, 0.21253E+02, 0.30000E+02, 0.32940E-16
 0.32000E+02, 0.48000E+02, 0.22006E+02, 0.30000E+02, 0.10636E-20
 0.33000E+02, 0.48000E+02, 0.22001E+02, 0.30000E+02, 0.30640E-25
 0.34000E+02, 0.48000E+02, 0.22000E+02, 0.30000E+02, 0.00000E+00
 0.35000E+02, 0.48000E+02, 0.22021E+02, 0.30000E+02, 0.56017E-29
 0.36000E+02, 0.48000E+02, 0.22047E+02, 0.30000E+02, 0.11748E-30
 0.37000E+02, 0.48000E+02, 0.22552E+02, 0.30000E+02, 0.00000E+00
 0.38000E+02, 0.48000E+02, 0.22000E+02, 0.30000E+02, 0.24635E-36
 0.39000E+02, 0.48000E+02, 0.22001E+02, 0.30000E+02, 0.36350E-37
 0.40000E+02, 0.48000E+02, 0.22003E+02, 0.30000E+02, 0.00000E+00
 0.41000E+02, 0.48000E+02, 0.22005E+02, 0.30000E+02, 0.00000E+00
 0.42000E+02, 0.48000E+02, 0.22005E+02, 0.30000E+02, 0.00000E+00
 0.43000E+02, 0.48000E+02, 0.21991E+02, 0.30000E+02, 0.00000E+00
 0.44000E+02, 0.48000E+02, 0.24424E+02, 0.30000E+02, 0.00000E+00
 0.45000E+02, 0.48000E+02, 0.22000E+02, 0.30000E+02, 0.00000E+00
 0.46000E+02, 0.48000E+02, 0.21999E+02, 0.30000E+02, 0.00000E+00
 0.47000E+02, 0.48000E+02, 0.21999E+02, 0.30000E+02, 0.00000E+00
 0.48000E+02, 0.48000E+02, 0.21999E+02, 0.30000E+02, 0.00000E+00
 0.49000E+02, 0.48000E+02, 0.21999E+02, 0.30000E+02, 0.00000E+00
 0.50000E+02, 0.48000E+02, 0.21999E+02, 0.30000E+02, 0.00000E+00
 0.51000E+02, 0.48000E+02, 0.21999E+02, 0.30000E+02, 0.00000E+00
 0.52000E+02, 0.48000E+02, 0.21999E+02, 0.30000E+02, 0.00000E+00
 0.53000E+02, 0.48000E+02, 0.21999E+02, 0.30000E+02, 0.00000E+00
 0.54000E+02, 0.48000E+02, 0.21983E+02, 0.30000E+02, 0.00000E+00
 0.55000E+02, 0.48000E+02, 0.22778E+02, 0.30000E+02, 0.00000E+00
 0.56000E+02, 0.48000E+02, 0.22000E+02, 0.30000E+02, 0.00000E+00
 0.57000E+02, 0.48000E+02, 0.21999E+02, 0.30000E+02, 0.00000E+00
 0.58000E+02, 0.48000E+02, 0.21999E+02, 0.30000E+02, 0.00000E+00
 0.59000E+02, 0.48000E+02, 0.21999E+02, 0.30000E+02, 0.00000E+00
 0.60000E+02, 0.48000E+02, 0.21999E+02, 0.30000E+02, 0.00000E+00
 0.61000E+02, 0.48000E+02, 0.21999E+02, 0.30000E+02, 0.00000E+00
 0.62000E+02, 0.48000E+02, 0.21999E+02, 0.30000E+02, 0.00000E+00
 0.63000E+02, 0.48000E+02, 0.20945E+02, 0.30000E+02, 0.00000E+00
 0.64000E+02, 0.48000E+02, 0.21986E+02, 0.30000E+02, 0.00000E+00
 0.65000E+02, 0.48000E+02, 0.21966E+02, 0.30000E+02, 0.00000E+00
 0.00000E+00, 0.49000E+02, 0.19905E+02, 0.30000E+02, 0.00000E+00
 0.10000E+01, 0.49000E+02, 0.21998E+02, 0.30000E+02, 0.00000E+00
 0.20000E+01, 0.49000E+02, 0.21999E+02, 0.30000E+02, 0.00000E+00
 0.30000E+01, 0.49000E+02, 0.21999E+02, 0.30000E+02, 0.00000E+00
 0.40000E+01, 0.49000E+02, 0.21999E+02, 0.30000E+02, 0.00000E+00
 0.50000E+01, 0.49000E+02, 0.21999E+02, 0.30000E+02, 0.00000E+00
 0.60000E+01, 0.49000E+02, 0.22000E+02, 0.30000E+02, 0.00000E+00
 0.70000E+01, 0.49000E+02, 0.22000E+02, 0.30000E+02, 0.00000E+00
 0.80000E+01, 0.49000E+02, 0.21999E+02, 0.30000E+02, 0.00000E+00
 0.90000E+01, 0.49000E+02, 0.21999E+02, 0.30000E+02, 0.00000E+00
 0.10000E+02, 0.49000E+02, 0.21999E+02, 0.30000E+02, 0.00000E+00
 0.11000E+02, 0.49000E+02, 0.21999E+02, 0.30000E+02, 0.18975E-35
 0.12000E+02, 0.49000E+02, 0.21999E+02, 0.30000E+02, 0.12978E-34
 0.13000E+02, 0.49000E+02, 0.21999E+02, 0.30000E+02, 0.86439E-36
 0.14000E+02, 0.49000E+02, 0.21999E+02, 0.30000E+02, 0.00000E+00
 0.15000E+02, 0.49000E+02, 0.21999E+02, 0.30000E+02, 0.00000E+00
 0.16000E+02, 0.49000E+02, 0.21999E+02, 0.30000E+02, 0.00000E+00
 0.17000E+02, 0.49000E+02, 0.21970E+02, 0.30000E+02, 0.00000E+00
 0.18000E+02, 0.49000E+02, 0.24342E+02, 0.30000E+02, 0.72969E-31
 0.19000E+02, 0.49000E+02, 0.22877E+02, 0.30000E+02, 0.36038E-28
 0.20000E+02, 0.49000E+02, 0.28300E+02, 0.30000E+02, 0.23058E-25
 0.21000E+02, 0.49000E+02, 0.35779E+02, 0.30000E+02, 0.75169E-25
 0.22000E+02, 0.49000E+02, 0.73172E+03, 0.15529E+00, 0.26154E-01
 0.23000E+02, 0.49000E+02, 0.86900E+03, 0.17131E+00, 0.26948E-01
 0.24000E+02, 0.49000E+02, 0.82704E+03, 0.21279E+00, 0.20897E-01
 0.25000E+02, 0.49000E+02, 0.78219E+03, 0.16368E+00, 0.26061E-01
 0.26000E+02, 0.49000E+02, 0.69946E+03, 0.25726E+00, 0.15281E-01
 0.27000E+02, 0.49000E+02, 0.72209E+03, 0.30022E+00, 0.13399E-01
 0.28000E+02, 0.49000E+02, 0.19754E+02, 0.30000E+02, 0.33319E-19
 0.29000E+02, 0.49000E+02, 0.26849E+02, 0.30000E+02, 0.31737E-19
 0.30000E+02, 0.49000E+02, 0.20895E+02, 0.30000E+02, 0.40298E-19
 0.31000E+02, 0.49000E+02, 0.21567E+02, 0.30000E+02, 0.93150E-20
 0.32000E+02, 0.49000E+02, 0.22013E+02, 0.30000E+02, 0.44085E-24
 0.33000E+02, 0.49000E+02, 0.22005E+02, 0.30000E+02, 0.56626E-29
 0.34000E+02, 0.49000E+02, 0.22000E+02, 0.30000E+02, 0.00000E+00
 0.35000E+02, 0.49000E+02, 0.22009E+02, 0.30000E+02, 0.14176E-32
 0.36000E+02, 0.49000E+02, 0.22023E+02, 0.30000E+02, 0.12162E-34
 0.37000E+02, 0.49000E+02, 0.22569E+02, 0.30000E+02, 0.00000E+00
 0.38000E+02, 0.49000E+02, 0.21999E+02, 0.30000E+02, 0.00000E+00
 0.39000E+02, 0.49000E+02, 0.22000E+02, 0.30000E+02, 0.00000E+00
 0.40000E+02, 0.49000E+02, 0.22001E+02, 0.30000E+02, 0.00000E+00
 0.41000E+02, 0.49000E+02, 0.22002E+02, 0.30000E+02, 0.00000E+00
 0.42000E+02, 0.49000E+02, 0.22002E+02, 0.30000E+02, 0.00000E+00
 0.43000E+02, 0.49000E+02, 0.21955E+02, 0.30000E+02, 0.00000E+00
 0.44000E+02, 0.49000E+02, 0.24405E+02, 0.30000E+02, 0.00000E+00
 0.45000E+02, 0.49000E+02, 0.22000E+02, 0.30000E+02, 0.00000E+00
 0.46000E+02, 0.49000E+02, 0.21999E+02, 0.30000E+02, 0.00000E+00
 0.47000E+02, 0.49000E+02, 0.21999E+02, 0.30000E+02, 0.00000E+00
 0.48000E+02, 0.49000E+02, 0.21999E+02, 0.30000E+02, 0.00000E+00
 0.49000E+02, 0.49000E+02, 0.21999E+02, 0.30000E+02, 0.00000E+00
 0.50000E+02, 0.49000E+02, 0.21999E+02, 0.30000E+02, 0.00000E+00
 0.51000E+02, 0.49000E+02, 0.21999E+02, 0.30000E+02, 0.00000E+00
 0.52000E+02, 0.49000E+02, 0.21999E+02, 0.30000E+02, 0.00000E+00
 0.53000E+02, 0.49000E+02, 0.21999E+02, 0.30000E+02, 0.00000E+00
 0.54000E+02, 0.49000E+02, 0.21983E+02, 0.30000E+02, 0.00000E+00
 0.55000E+02, 0.49000E+02, 0.22698E+02, 0.30000E+02, 0.00000E+00
 0.56000E+02, 0.49000E+02, 0.22001E+02, 0.30000E+02, 0.00000E+00
 0.57000E+02, 0.49000E+02, 0.22000E+02, 0.30000E+02, 0.00000E+00
 0.58000E+02, 0.49000E+02, 0.21999E+02, 0.30000E+02, 0.00000E+00
 0.59000E+02, 0.49000E+02, 0.21999E+02, 0.30000E+02, 0.00000E+00
 0.60000E+02, 0.49000E+02, 0.21999E+02, 0.30000E+02, 0.00000E+00
 0.61000E+02, 0.49000E+02, 0.21999E+02, 0.30000E+02, 0.00000E+00
 0.62000E+02, 0.49000E+02, 0.21999E+02, 0.30000E+02, 0.00000E+00
 0.63000E+02, 0.49000E+02, 0.20811E+02, 0.30000E+02, 0.00000E+00
 0.64000E+02, 0.49000E+02, 0.22588E+02, 0.30000E+02, 0.00000E+00
 0.65000E+02, 0.49000E+02, 0.22022E+02, 0.30000E+02, 0.00000E+00
 0.00000E+00, 0.50000E+02, 0.19671E+02, 0.30000E+02, 0.00000E+00
 0.10000E+01, 0.50000E+02, 0.21998E+02, 0.30000E+02, 0.00000E+00
 0.20000E+01, 0.50000E+02, 0.21999E+02, 0.30000E+02, 0.00000E+00
 0.30000E+01, 0.50000E+02, 0.21999E+02, 0.30000E+02, 0.00000E+00
 0.40000E+01, 0.50000E+02, 0.21999E+02, 0.30000E+02, 0.00000E+00
 0.50000E+01, 0.50000E+02, 0.21999E+02, 0.30000E+02, 0.00000E+00
 0.60000E+01, 0.50000E+02, 0.21999E+02, 0.30000E+02, 0.00000E+00
 0.70000E+01, 0.50000E+02, 0.21999E+02, 0.30000E+02, 0.00000E+00
 0.80000E+01, 0.50000E+02, 0.21999E+02, 0.30000E+02, 0.00000E+00
 0.90000E+01, 0.50000E+02, 0.21999E+02, 0.30000E+02, 0.00000E+00
 0.10000E+02, 0.50000E+02, 0.21999E+02, 0.30000E+02, 0.00000E+00
 0.11000E+02, 0.50000E+02, 0.21999E+02, 0.30000E+02, 0.00000E+00
 0.12000E+02, 0.50000E+02, 0.21999E+02, 0.30000E+02, 0.00000E+00
 0.13000E+02, 0.50000E+02, 0.21999E+02, 0.30000E+02, 0.00000E+00
 0.14000E+02, 0.50000E+02, 0.21999E+02, 0.30000E+02, 0.00000E+00
 0.15000E+02, 0.50000E+02, 0.21999E+02, 0.30000E+02, 0.00000E+00
 0.16000E+02, 0.50000E+02, 0.21999E+02, 0.30000E+02, 0.00000E+00
 0.17000E+02, 0.50000E+02, 0.21980E+02, 0.30000E+02, 0.27321E-34
 0.18000E+02, 0.50000E+02, 0.24478E+02, 0.30000E+02, 0.49735E-26
 0.19000E+02, 0.50000E+02, 0.23101E+02, 0.30000E+02, 0.72867E-25
 0.20000E+02, 0.50000E+02, 0.28932E+02, 0.30000E+02, 0.13839E-22
 0.21000E+02, 0.50000E+02, 0.35316E+02, 0.30000E+02, 0.34692E-22
 0.22000E+02, 0.50000E+02, 0.75779E+03, 0.15221E+00, 0.27376E-01
 0.23000E+02, 0.50000E+02, 0.89651E+03, 0.18282E+00, 0.25859E-01
 0.24000E+02, 0.50000E+02, 0.79326E+03, 0.20724E+00, 0.20799E-01
 0.25000E+02, 0.50000E+02, 0.72656E+03, 0.23019E+00, 0.17553E-01
 0.26000E+02, 0.50000E+02, 0.69102E+03, 0.35510E+00, 0.10974E-01
 0.27000E+02, 0.50000E+02, 0.75153E+03, 0.28390E+00, 0.14588E-01
 0.28000E+02, 0.50000E+02, 0.18503E+02, 0.30000E+02, 0.21517E-22
 0.29000E+02, 0.50000E+02, 0.25926E+02, 0.30000E+02, 0.18414E-22
 0.30000E+02, 0.50000E+02, 0.20562E+02, 0.30000E+02, 0.54272E-22
 0.31000E+02, 0.50000E+02, 0.21966E+02, 0.30000E+02, 0.11733E-24
 0.32000E+02, 0.50000E+02, 0.22014E+02, 0.30000E+02, 0.63039E-29
 0.33000E+02, 0.50000E+02, 0.22004E+02, 0.30000E+02, 0.15925E-34
 0.34000E+02, 0.50000E+02, 0.22000E+02, 0.30000E+02, 0.00000E+00
 0.35000E+02, 0.50000E+02, 0.21979E+02, 0.30000E+02, 0.15545E-36
 0.36000E+02, 0.50000E+02, 0.22015E+02, 0.30000E+02, 0.00000E+00
 0.37000E+02, 0.50000E+02, 0.22574E+02, 0.30000E+02, 0.00000E+00
 0.38000E+02, 0.50000E+02, 0.21999E+02, 0.30000E+02, 0.00000E+00
 0.39000E+02, 0.50000E+02, 0.21999E+02, 0.30000E+02, 0.00000E+00
 0.40000E+02, 0.50000E+02, 0.21999E+02, 0.30000E+02, 0.00000E+00
 0.41000E+02, 0.50000E+02, 0.22000E+02, 0.30000E+02, 0.00000E+00
 0.42000E+02, 0.50000E+02, 0.22000E+02, 0.30000E+02, 0.00000E+00
 0.43000E+02, 0.50000E+02, 0.21963E+02, 0.30000E+02, 0.00000E+00
 0.44000E+02, 0.50000E+02, 0.24385E+02, 0.30000E+02, 0.00000E+00
 0.45000E+02, 0.50000E+02, 0.22000E+02, 0.30000E+02, 0.00000E+00
 0.46000E+02, 0.50000E+02, 0.21999E+02, 0.30000E+02, 0.00000E+00
 0.47000E+02, 0.50000E+02, 0.21999E+02, 0.30000E+02, 0.00000E+00
 0.48000E+02, 0.50000E+02, 0.21999E+02, 0.30000E+02, 0.00000E+00
 0.49000E+02, 0.50000E+02, 0.21999E+02, 0.30000E+02, 0.00000E+00
 0.50000E+02, 0.50000E+02, 0.21999E+02, 0.30000E+02, 0.00000E+00
 0.51000E+02, 0.50000E+02, 0.21999E+02, 0.30000E+02, 0.00000E+00
 0.52000E+02, 0.50000E+02, 0.21999E+02, 0.30000E+02, 0.00000E+00
 0.53000E+02, 0.50000E+02, 0.21999E+02, 0.30000E+02, 0.00000E+00
 0.54000E+02, 0.50000E+02, 0.21974E+02, 0.30000E+02, 0.00000E+00
 0.55000E+02, 0.50000E+02, 0.22712E+02, 0.30000E+02, 0.00000E+00
 0.56000E+02, 0.50000E+02, 0.22001E+02, 0.30000E+02, 0.00000E+00
 0.57000E+02, 0.50000E+02, 0.22000E+02, 0.30000E+02, 0.00000E+00
 0.58000E+02, 0.50000E+02, 0.21999E+02, 0.30000E+02, 0.00000E+00
 0.59000E+02, 0.50000E+02, 0.21999E+02, 0.30000E+02, 0.00000E+00
 0.60000E+02, 0.50000E+02, 0.21999E+02, 0.30000E+02, 0.00000E+00
 0.61000E+02, 0.50000E+02, 0.21999E+02, 0.30000E+02, 0.00000E+00
 0.62000E+02, 0.50000E+02, 0.21999E+02, 0.30000E+02, 0.00000E+00
 0.63000E+02, 0.50000E+02, 0.20916E+02, 0.30000E+02, 0.00000E+00
 0.64000E+02, 0.50000E+02, 0.22895E+02, 0.30000E+02, 0.00000E+00
 0.65000E+02, 0.50000E+02, 0.22000E+02, 0.30000E+02, 0.00000E+00
 0.00000E+00, 0.51000E+02, 0.19797E+02, 0.30000E+02, 0.00000E+00
 0.10000E+01, 0.51000E+02, 0.21998E+02, 0.30000E+02, 0.00000E+00
 0.20000E+01, 0.51000E+02, 0.21999E+02, 0.30000E+02, 0.00000E+00
 0.30000E+01, 0.51000E+02, 0.21999E+02, 0.30000E+02, 0.00000E+00
 0.40000E+01, 0.51000E+02, 0.21999E+02, 0.30000E+02, 0.00000E+00
 0.50000E+01, 0.51000E+02, 0.21999E+02, 0.30000E+02, 0.00000E+00
 0.60000E+01, 0.51000E+02, 0.21999E+02, 0.30000E+02, 0.00000E+00
 0.70000E+01, 0.51000E+02, 0.22000E+02, 0.30000E+02, 0.00000E+00
 0.80000E+01, 0.51000E+02, 0.21999E+02, 0.30000E+02, 0.00000E+00
 0.90000E+01, 0.51000E+02, 0.21999E+02, 0.30000E+02, 0.00000E+00
 0.10000E+02, 0.51000E+02, 0.21999E+02, 0.30000E+02, 0.00000E+00
 0.11000E+02, 0.51000E+02, 0.21999E+02, 0.30000E+02, 0.00000E+00
 0.12000E+02, 0.51000E+02, 0.21999E+02, 0.30000E+02, 0.00000E+00
 0.13000E+02, 0.51000E+02, 0.22000E+02, 0.30000E+02, 0.00000E+00
 0.14000E+02, 0.51000E+02, 0.21999E+02, 0.30000E+02, 0.00000E+00
 0.15000E+02, 0.51000E+02, 0.22000E+02, 0.30000E+02, 0.00000E+00
 0.16000E+02, 0.51000E+02, 0.22000E+02, 0.30000E+02, 0.17906E-34
 0.17000E+02, 0.51000E+02, 0.21980E+02, 0.30000E+02, 0.31234E-29
 0.18000E+02, 0.51000E+02, 0.24329E+02, 0.30000E+02, 0.93480E-21
 0.19000E+02, 0.51000E+02, 0.23237E+02, 0.30000E+02, 0.12851E-20
 0.20000E+02, 0.51000E+02, 0.30136E+02, 0.30000E+02, 0.60345E-20
 0.21000E+02, 0.51000E+02, 0.33600E+02, 0.30000E+02, 0.64991E-20
 0.22000E+02, 0.51000E+02, 0.78670E+03, 0.17170E+00, 0.24949E-01
 0.23000E+02, 0.51000E+02, 0.90374E+03, 0.17673E+00, 0.26916E-01
 0.24000E+02, 0.51000E+02, 0.78580E+03, 0.23830E+00, 0.17961E-01
 0.25000E+02, 0.51000E+02, 0.71386E+03, 0.36191E+00, 0.11023E-01
 0.26000E+02, 0.51000E+02, 0.71725E+03, 0.39653E+00, 0.10095E-01
 0.27000E+02, 0.51000E+02, 0.77982E+03, 0.18349E+00, 0.23195E-01
 0.28000E+02, 0.51000E+02, 0.15419E+02, 0.30000E+02, 0.80564E-32
 0.29000E+02, 0.51000E+02, 0.23991E+02, 0.30000E+02, 0.57115E-30
 0.30000E+02, 0.51000E+02, 0.18862E+02, 0.30000E+02, 0.21918E-26
 0.31000E+02, 0.51000E+02, 0.18760E+02, 0.30000E+02, 0.25667E-26
 0.32000E+02, 0.51000E+02, 0.18619E+02, 0.30000E+02, 0.14430E-30
 0.33000E+02, 0.51000E+02, 0.18915E+02, 0.30000E+02, 0.22584E-35
 0.34000E+02, 0.51000E+02, 0.22000E+02, 0.30000E+02, 0.00000E+00
 0.35000E+02, 0.51000E+02, 0.22065E+02, 0.30000E+02, 0.00000E+00
 0.36000E+02, 0.51000E+02, 0.22001E+02, 0.30000E+02, 0.00000E+00
 0.37000E+02, 0.51000E+02, 0.22611E+02, 0.30000E+02, 0.00000E+00
 0.38000E+02, 0.51000E+02, 0.21999E+02, 0.30000E+02, 0.00000E+00
 0.39000E+02, 0.51000E+02, 0.21999E+02, 0.30000E+02, 0.00000E+00
 0.40000E+02, 0.51000E+02, 0.21999E+02, 0.30000E+02, 0.00000E+00
 0.41000E+02, 0.51000E+02, 0.22000E+02, 0.30000E+02, 0.00000E+00
 0.42000E+02, 0.51000E+02, 0.21999E+02, 0.30000E+02, 0.00000E+00
 0.43000E+02, 0.51000E+02, 0.21985E+02, 0.30000E+02, 0.00000E+00
 0.44000E+02, 0.51000E+02, 0.24442E+02, 0.30000E+02, 0.00000E+00
 0.45000E+02, 0.51000E+02, 0.22000E+02, 0.30000E+02, 0.00000E+00
 0.46000E+02, 0.51000E+02, 0.21999E+02, 0.30000E+02, 0.00000E+00
 0.47000E+02, 0.51000E+02, 0.21999E+02, 0.30000E+02, 0.00000E+00
 0.48000E+02, 0.51000E+02, 0.21999E+02, 0.30000E+02, 0.00000E+00
 0.49000E+02, 0.51000E+02, 0.21999E+02, 0.30000E+02, 0.00000E+00
 0.50000E+02, 0.51000E+02, 0.21999E+02, 0.30000E+02, 0.00000E+00
 0.51000E+02, 0.51000E+02, 0.21999E+02, 0.30000E+02, 0.00000E+00
 0.52000E+02, 0.51000E+02, 0.21999E+02, 0.30000E+02, 0.00000E+00
 0.53000E+02, 0.51000E+02, 0.21999E+02, 0.30000E+02, 0.00000E+00
 0.54000E+02, 0.51000E+02, 0.21982E+02, 0.30000E+02, 0.00000E+00
 0.55000E+02, 0.51000E+02, 0.22620E+02, 0.30000E+02, 0.00000E+00
 0.56000E+02, 0.51000E+02, 0.22000E+02, 0.30000E+02, 0.00000E+00
 0.57000E+02, 0.51000E+02, 0.22000E+02, 0.30000E+02, 0.00000E+00
 0.58000E+02, 0.51000E+02, 0.21999E+02, 0.30000E+02, 0.00000E+00
 0.59000E+02, 0.51000E+02, 0.21999E+02, 0.30000E+02, 0.00000E+00
 0.60000E+02, 0.51000E+02, 0.21999E+02, 0.30000E+02, 0.00000E+00
 0.61000E+02, 0.51000E+02, 0.21999E+02, 0.30000E+02, 0.00000E+00
 0.62000E+02, 0.51000E+02, 0.21999E+02, 0.30000E+02, 0.00000E+00
 0.63000E+02, 0.51000E+02, 0.20642E+02, 0.30000E+02, 0.00000E+00
 0.64000E+02, 0.51000E+02, 0.22464E+02, 0.30000E+02, 0.00000E+00
 0.65000E+02, 0.51000E+02, 0.21998E+02, 0.30000E+02, 0.00000E+00
 0.00000E+00, 0.52000E+02, 0.19791E+02, 0.30000E+02, 0.00000E+00
 0.10000E+01, 0.52000E+02, 0.21997E+02, 0.30000E+02, 0.00000E+00
 0.20000E+01, 0.52000E+02, 0.21999E+02, 0.30000E+02, 0.00000E+00
 0.30000E+01, 0.52000E+02, 0.21999E+02, 0.30000E+02, 0.00000E+00
 0.40000E+01, 0.52000E+02, 0.21999E+02, 0.30000E+02, 0.00000E+00
 0.50000E+01, 0.52000E+02, 0.21999E+02, 0.30000E+02, 0.00000E+00
 0.60000E+01, 0.52000E+02, 0.21999E+02, 0.30000E+02, 0.00000E+00
 0.70000E+01, 0.52000E+02, 0.21999E+02, 0.30000E+02, 0.00000E+00
 0.80000E+01, 0.52000E+02, 0.22000E+02, 0.30000E+02, 0.00000E+00
 0.90000E+01, 0.52000E+02, 0.21999E+02, 0.30000E+02, 0.00000E+00
 0.10000E+02, 0.52000E+02, 0.21999E+02, 0.30000E+02, 0.00000E+00
 0.11000E+02, 0.52000E+02, 0.21999E+02, 0.30000E+02, 0.00000E+00
 0.12000E+02, 0.52000E+02, 0.22000E+02, 0.30000E+02, 0.00000E+00
 0.13000E+02, 0.52000E+02, 0.22000E+02, 0.30000E+02, 0.00000E+00
 0.14000E+02, 0.52000E+02, 0.22000E+02, 0.30000E+02, 0.00000E+00
 0.15000E+02, 0.52000E+02, 0.22000E+02, 0.30000E+02, 0.17060E-32
 0.16000E+02, 0.52000E+02, 0.21998E+02, 0.30000E+02, 0.23163E-28
 0.17000E+02, 0.52000E+02, 0.21966E+02, 0.30000E+02, 0.34764E-25
 0.18000E+02, 0.52000E+02, 0.23025E+02, 0.30000E+02, 0.23052E-19
 0.19000E+02, 0.52000E+02, 0.23279E+02, 0.30000E+02, 0.34211E-18
 0.20000E+02, 0.52000E+02, 0.31531E+02, 0.30000E+02, 0.89475E-16
 0.21000E+02, 0.52000E+02, 0.30363E+02, 0.30000E+02, 0.13595E-16
 0.22000E+02, 0.52000E+02, 0.79060E+03, 0.15436E+00, 0.27853E-01
 0.23000E+02, 0.52000E+02, 0.90732E+03, 0.16802E+00, 0.28397E-01
 0.24000E+02, 0.52000E+02, 0.80045E+03, 0.23313E+00, 0.18613E-01
 0.25000E+02, 0.52000E+02, 0.75477E+03, 0.36604E+00, 0.11350E-01
 0.26000E+02, 0.52000E+02, 0.80476E+03, 0.33028E+00, 0.13191E-01
 0.27000E+02, 0.52000E+02, 0.81563E+03, 0.18468E+00, 0.23828E-01
 0.28000E+02, 0.52000E+02, 0.17331E+02, 0.30000E+02, 0.22992E-35
 0.29000E+02, 0.52000E+02, 0.25614E+02, 0.30000E+02, 0.18926E-33
 0.30000E+02, 0.52000E+02, 0.19201E+02, 0.30000E+02, 0.54495E-30
 0.31000E+02, 0.52000E+02, 0.19291E+02, 0.30000E+02, 0.59510E-30
 0.32000E+02, 0.52000E+02, 0.19419E+02, 0.30000E+02, 0.19416E-34
 0.33000E+02, 0.52000E+02, 0.19491E+02, 0.30000E+02, 0.00000E+00
 0.34000E+02, 0.52000E+02, 0.22000E+02, 0.30000E+02, 0.00000E+00
 0.35000E+02, 0.52000E+02, 0.21815E+02, 0.30000E+02, 0.00000E+00
 0.36000E+02, 0.52000E+02, 0.22010E+02, 0.30000E+02, 0.00000E+00
 0.37000E+02, 0.52000E+02, 0.22629E+02, 0.30000E+02, 0.00000E+00
 0.38000E+02, 0.52000E+02, 0.21999E+02, 0.30000E+02, 0.00000E+00
 0.39000E+02, 0.52000E+02, 0.21999E+02, 0.30000E+02, 0.00000E+00
 0.40000E+02, 0.52000E+02, 0.21999E+02, 0.30000E+02, 0.00000E+00
 0.41000E+02, 0.52000E+02, 0.21999E+02, 0.30000E+02, 0.00000E+00
 0.42000E+02, 0.52000E+02, 0.21999E+02, 0.30000E+02, 0.00000E+00
 0.43000E+02, 0.52000E+02, 0.21988E+02, 0.30000E+02, 0.00000E+00
 0.44000E+02, 0.52000E+02, 0.24463E+02, 0.30000E+02, 0.00000E+00
 0.45000E+02, 0.52000E+02, 0.22000E+02, 0.30000E+02, 0.00000E+00
 0.46000E+02, 0.52000E+02, 0.22000E+02, 0.30000E+02, 0.00000E+00
 0.47000E+02, 0.52000E+02, 0.21999E+02, 0.30000E+02, 0.00000E+00
 0.48000E+02, 0.52000E+02, 0.21999E+02, 0.30000E+02, 0.00000E+00
 0.49000E+02, 0.52000E+02, 0.21999E+02, 0.30000E+02, 0.00000E+00
 0.50000E+02, 0.52000E+02, 0.21999E+02, 0.30000E+02, 0.00000E+00
 0.51000E+02, 0.52000E+02, 0.21999E+02, 0.30000E+02, 0.00000E+00
 0.52000E+02, 0.52000E+02, 0.21999E+02, 0.30000E+02, 0.00000E+00
 0.53000E+02, 0.52000E+02, 0.21999E+02, 0.30000E+02, 0.00000E+00
 0.54000E+02, 0.52000E+02, 0.21973E+02, 0.30000E+02, 0.00000E+00
 0.55000E+02, 0.52000E+02, 0.22685E+02, 0.30000E+02, 0.00000E+00
 0.56000E+02, 0.52000E+02, 0.22000E+02, 0.30000E+02, 0.00000E+00
 0.57000E+02, 0.52000E+02, 0.21999E+02, 0.30000E+02, 0.00000E+00
 0.58000E+02, 0.52000E+02, 0.21999E+02, 0.30000E+02, 0.00000E+00
 0.59000E+02, 0.52000E+02, 0.21999E+02, 0.30000E+02, 0.00000E+00
 0.60000E+02, 0.52000E+02, 0.21999E+02, 0.30000E+02, 0.00000E+00
 0.61000E+02, 0.52000E+02, 0.21999E+02, 0.30000E+02, 0.00000E+00
 0.62000E+02, 0.52000E+02, 0.21999E+02, 0.30000E+02, 0.00000E+00
 0.63000E+02, 0.52000E+02, 0.20517E+02, 0.30000E+02, 0.00000E+00
 0.64000E+02, 0.52000E+02, 0.22123E+02, 0.30000E+02, 0.00000E+00
 0.65000E+02, 0.52000E+02, 0.21912E+02, 0.30000E+02, 0.00000E+00
